{"frames":59,"data":[{"currentFrameRate":57.6499,"devices":[],"gestures":[],"hands":[{"armBasis":[[0.433423,-0.750274,-0.499234],[0.8995,0.326241,0.290633],[-0.0551842,-0.575027,0.816271]],"armWidth":56.7046,"confidence":1,"direction":[0.573056,0.383401,-0.7243],"elbow":[18.4718,3.55548,292.96],"grabAngle":1.43376,"grabStrength":0.361419,"id":102,"palmNormal":[-0.723367,-0.178734,-0.666929],"palmPosition":[59.5053,172.483,49.1442],"palmVelocity":[-21.8669,114.672,-86.9056],"palmWidth":79.6914,"pinchDistance":66.4664,"pinchStrength":0,"r":[[0.418509,-0.867683,0.268284],[0.779022,0.494811,0.38508],[-0.466878,0.0478398,0.883027]],"s":1.48555,"sphereCenter":[41.5699,159.344,-1.8387],"sphereRadius":56.5702,"stabilizedPalmPosition":[64.5512,163.821,61.5412],"t":[21.4597,24.3683,-19.6046],"timeVisible":10.8221,"type":"right","wrist":[31.5213,139.534,99.9341]}],"id":74196,"interactionBox":{"center":[0,200,0],"size":[235.247,235.247,147.751]},"pointables":[{"bases":[[[0.913808,-0.129942,0.384799],[-0.210117,0.659546,0.721699],[-0.347572,-0.740347,0.575395]],[[0.969893,0.233575,0.0689175],[-0.225545,0.754816,0.61594],[0.0918479,-0.61294,0.784773]],[[0.969893,0.233575,0.0689175],[-0.242372,0.898256,0.366596],[0.0237219,-0.372262,0.927824]],[[0.969893,0.233575,0.0689175],[-0.24248,0.952487,0.184315],[-0.0225916,-0.195477,0.980448]]],"btipPosition":[15.2744,210.654,2.96084],"carpPosition":[19.5348,168.762,84.9849],"dipPosition":[14.8122,206.654,23.0202],"direction":[-0.0237219,0.372262,-0.927824],"extended":false,"handId":102,"id":1020,"length":45.5601,"mcpPosition":[19.5348,168.762,84.9849],"pipPosition":[15.5193,195.559,50.6753],"stabilizedTipPosition":[17.4665,205.373,17.7315],"timeVisible":10.8221,"tipPosition":[14.8941,212.247,9.1458],"tipVelocity":[-96.0163,-40.4652,-113.264],"tool":false,"touchDistance":-0.394962,"touchZone":"touching","type":0,"width":18.1457},{"bases":[[[0.475908,-0.828885,-0.294043],[0.789572,0.255392,0.557989],[-0.387412,-0.49772,0.776007]],[[0.452364,-0.856653,-0.248018],[0.782161,0.247474,0.571822],[-0.428475,-0.452662,0.781989]],[[0.452364,-0.856653,-0.248018],[0.885872,0.463716,0.0140809],[0.102948,-0.226082,0.968653]],[[0.452364,-0.856653,-0.248018],[0.754783,0.515878,-0.405181],[0.475047,-0.00391048,0.879952]]],"btipPosition":[71.7984,222.921,-24.5989],"carpPosition":[40.0139,169.015,88.3827],"dipPosition":[78.8938,222.863,-11.4557],"direction":[-0.102948,0.226082,-0.968653],"extended":true,"handId":102,"id":1021,"length":51.4095,"mcpPosition":[64.9765,201.085,38.3814],"pipPosition":[81.069,218.086,9.01166],"stabilizedTipPosition":[74.537,217.431,-18.4989],"timeVisible":10.8221,"tipPosition":[68.8782,221.3,-20.877],"tipVelocity":[-121.701,188.268,-76.5104],"tool":false,"touchDistance":-0.373965,"touchZone":"touching","type":1,"width":17.3328},{"bases":[[[0.277569,-0.91982,-0.277285],[0.849965,0.100593,0.517146],[-0.447788,-0.379226,0.809736]],[[0.260988,-0.933088,-0.247452],[0.887708,0.131265,0.441298],[-0.379288,-0.334839,0.862568]],[[0.260988,-0.933088,-0.247452],[0.911636,0.322541,-0.254728],[0.317498,-0.159105,0.934816]],[[0.260988,-0.933088,-0.247452],[0.606507,0.357921,-0.709959],[0.751022,0.0352094,0.659338]]],"btipPosition":[69.5815,201.468,-34.2174],"carpPosition":[46.4681,160.81,85.6773],"dipPosition":[81.9193,202.046,-23.3858],"direction":[-0.317498,0.159105,-0.934816],"extended":true,"handId":102,"id":1022,"length":58.577,"mcpPosition":[73.83,183.982,36.1987],"pipPosition":[89.812,198.091,-0.147133],"stabilizedTipPosition":[71.7231,189.631,-22.8917],"timeVisible":10.8221,"tipPosition":[68.0884,200.351,-30.9088],"tipVelocity":[-16.7712,190.802,-92.329],"tool":false,"touchDistance":0.125339,"touchZone":"hovering","type":2,"width":17.0231},{"bases":[[[0.143779,-0.970549,-0.193294],[0.852917,0.0224788,0.521563],[-0.501857,-0.239853,0.831029]],[[0.136648,-0.973853,-0.181489],[0.95672,0.08222,0.279154],[-0.256933,-0.21178,0.942939]],[[0.136648,-0.973853,-0.181489],[0.854623,0.208539,-0.475533],[0.500946,-0.0901244,0.860773]],[[0.136648,-0.973853,-0.181489],[0.503283,0.226051,-0.834031],[0.853249,0.0226281,0.521012]]],"btipPosition":[61.9322,174.557,-29.2428],"carpPosition":[50.432,151.313,82.5345],"dipPosition":[75.8688,174.926,-20.7328],"direction":[-0.500946,0.0901244,-0.860773],"extended":false,"handId":102,"id":1023,"length":56.3233,"mcpPosition":[77.9647,164.472,36.9428],"pipPosition":[88.0002,172.744,0.112618],"stabilizedTipPosition":[62.1075,162.774,-15.2859],"timeVisible":10.8221,"tipPosition":[57.5111,172.899,-23.9849],"tipVelocity":[69.189,163.717,-103.998],"tool":false,"touchDistance":0.165402,"touchZone":"hovering","type":3,"width":16.1985},{"bases":[[[-0.058188,-0.98207,-0.179314],[0.817185,-0.15003,0.556506],[-0.57343,-0.114151,0.811263]],[[-0.120479,-0.988662,-0.0896224],[0.983807,-0.130978,0.12235],[-0.132701,-0.0734306,0.988432]],[[-0.120479,-0.988662,-0.0896224],[0.77583,-0.0374489,-0.629829],[0.619332,-0.145413,0.771546]],[[-0.120479,-0.988662,-0.0896224],[0.424387,0.03032,-0.904973],[0.89743,-0.147065,0.415923]]],"btipPosition":[57.6424,152.696,-13.3805],"carpPosition":[48.5312,139.927,77.8322],"dipPosition":[71.1653,150.48,-7.11322],"direction":[-0.619332,0.145413,-0.771546],"extended":false,"handId":102,"id":1024,"length":44.1565,"mcpPosition":[77.6529,145.724,36.6323],"pipPosition":[81.7548,147.994,6.07889],"stabilizedTipPosition":[58.4188,143.922,-3.47638],"timeVisible":10.8221,"tipPosition":[54.0538,152.093,-7.09365],"tipVelocity":[107.308,141.05,-103.556],"tool":false,"touchDistance":-0.400943,"touchZone":"touching","type":4,"width":14.3888}],"r":[[0.418509,-0.867683,0.268284],[0.779022,0.494811,0.38508],[-0.466878,0.0478398,0.883027]],"s":1.48555,"t":[21.4597,24.3683,-19.6046],"timestamp":1131503825012},{"currentFrameRate":57.5862,"devices":[],"gestures":[],"hands":[{"armBasis":[[0.48035,-0.730414,-0.48555],[0.875989,0.371967,0.307056],[-0.0436699,-0.572831,0.818509]],"armWidth":56.7046,"confidence":1,"direction":[0.5493,0.400719,-0.733277],"elbow":[22.1897,5.67444,292.242],"grabAngle":1.40586,"grabStrength":0.328442,"id":102,"palmNormal":[-0.714747,-0.2293,-0.660726],"palmPosition":[58.7269,174.705,47.3318],"palmVelocity":[-44.289,126.408,-103.11],"palmWidth":79.6914,"pinchDistance":66.8286,"pinchStrength":0,"r":[[0.438281,-0.857345,0.269944],[0.766555,0.513351,0.385828],[-0.469364,0.037826,0.882194]],"s":1.48672,"sphereCenter":[41.2698,159.24,-3.71421],"sphereRadius":57.19,"stabilizedPalmPosition":[63.9518,164.941,60.079],"t":[20.9639,26.304,-21.2181],"timeVisible":10.8397,"type":"right","wrist":[32.5165,141.133,98.6868]}],"id":74197,"interactionBox":{"center":[0,200,0],"size":[235.247,235.247,147.751]},"pointables":[{"bases":[[[0.920675,-0.0736585,0.383317],[-0.243127,0.660047,0.710793],[-0.305363,-0.747604,0.58978]],[[0.956485,0.285007,0.0625071],[-0.264071,0.754434,0.600913],[0.124107,-0.59127,0.796867]],[[0.956485,0.285007,0.0625071],[-0.288882,0.894875,0.340214],[0.0410273,-0.343467,0.938268]],[[0.956485,0.285007,0.0625071],[-0.291394,0.944065,0.154372],[-0.0150135,-0.165869,0.986033]]],"btipPosition":[12.785,208.957,0.416366],"carpPosition":[19.1266,169.477,83.3947],"dipPosition":[12.4779,205.564,20.59],"direction":[-0.0410273,0.343467,-0.938268],"extended":false,"handId":102,"id":1020,"length":45.5601,"mcpPosition":[19.1266,169.477,83.3947],"pipPosition":[13.7008,195.326,48.5564],"stabilizedTipPosition":[17.1977,205.532,17.0144],"timeVisible":10.8397,"tipPosition":[11.9512,211.139,6.73468],"tipVelocity":[-139.598,-88.5889,-143.266],"tool":false,"touchDistance":-0.421572,"touchZone":"touching","type":0,"width":18.1457},{"bases":[[[0.518988,-0.807169,-0.281299],[0.776383,0.307455,0.550182],[-0.357603,-0.503933,0.786239]],[[0.497557,-0.834822,-0.235603],[0.769791,0.299759,0.563531],[-0.399824,-0.461753,0.791786]],[[0.497557,-0.834822,-0.235603],[0.861397,0.507503,0.0208778],[0.10214,-0.213335,0.971625]],[[0.497557,-0.834822,-0.235603],[0.739456,0.550198,-0.387926],[0.453477,0.0187976,0.891069]]],"btipPosition":[68.6996,224.933,-27.5333],"carpPosition":[39.5727,170.893,86.7043],"dipPosition":[75.4729,225.213,-14.2241],"direction":[-0.10214,0.213335,-0.971625],"extended":true,"handId":102,"id":1021,"length":51.4095,"mcpPosition":[62.6146,203.363,36.0437],"pipPosition":[77.6311,220.706,6.30606],"stabilizedTipPosition":[72.1686,221.619,-21.8047],"timeVisible":10.8397,"tipPosition":[65.4762,222.808,-23.6203],"tipVelocity":[-180.511,118.868,-164.776],"tool":false,"touchDistance":-0.408346,"touchZone":"touching","type":1,"width":17.3328},{"bases":[[[0.325894,-0.908339,-0.262132],[0.844908,0.155429,0.511833],[-0.424175,-0.38828,0.818116]],[[0.31009,-0.921991,-0.231898],[0.877125,0.183355,0.443885],[-0.366738,-0.341047,0.865557]],[[0.31009,-0.921991,-0.231898],[0.903145,0.361864,-0.231049],[0.296941,-0.137791,0.944902]],[[0.31009,-0.921991,-0.231898],[0.6107,0.380115,-0.694664],[0.728622,0.0737884,0.680929]]],"btipPosition":[68.4722,203.31,-37.0202],"carpPosition":[46.4515,163,84.118],"dipPosition":[80.442,204.522,-25.8339],"direction":[-0.296941,0.137791,-0.944902],"extended":true,"handId":102,"id":1022,"length":58.577,"mcpPosition":[72.3705,186.726,34.1273],"pipPosition":[87.8236,201.096,-2.34449],"stabilizedTipPosition":[71.686,190.671,-23.7533],"timeVisible":10.8397,"tipPosition":[66.0958,201.758,-33.3521],"tipVelocity":[-67.9273,113.075,-154.816],"tool":false,"touchDistance":0.0799858,"touchZone":"hovering","type":2,"width":17.0231},{"bases":[[[0.195295,-0.964693,-0.176716],[0.85208,0.0776786,0.517615],[-0.485613,-0.251663,0.837165]],[[0.188949,-0.967891,-0.165789],[0.948632,0.136282,0.285524],[-0.253762,-0.211222,0.943923]],[[0.188949,-0.967891,-0.165789],[0.854454,0.245253,-0.457994],[0.483949,-0.0551218,0.873359]],[[0.188949,-0.967891,-0.165789],[0.507952,0.240823,-0.827036],[0.840407,0.0720546,0.537145]]],"btipPosition":[62.0184,175.891,-31.5934],"carpPosition":[50.9118,153.676,81.1272],"dipPosition":[75.7452,177.068,-22.8199],"direction":[-0.483948,0.0551218,-0.873359],"extended":false,"handId":102,"id":1023,"length":56.3233,"mcpPosition":[77.5533,167.483,35.1988],"pipPosition":[87.465,175.733,-1.66973],"stabilizedTipPosition":[62.2226,163.276,-15.8217],"timeVisible":10.8397,"tipPosition":[57.1936,173.907,-26.0932],"tipVelocity":[2.15828,86.4768,-130.286],"tool":false,"touchDistance":0.127235,"touchZone":"hovering","type":3,"width":16.1985},{"bases":[[[-0.00571321,-0.986821,-0.161715],[0.82581,-0.0958531,0.555743],[-0.56392,-0.13037,0.815474]],[[-0.0629878,-0.994961,-0.078011],[0.988181,-0.0731218,0.134724],[-0.13975,-0.0686031,0.987807]],[[-0.0629878,-0.994961,-0.078011],[0.791598,-0.00220443,-0.611038],[0.607787,-0.100241,0.787748]],[[-0.0629878,-0.994961,-0.078011],[0.436654,0.0428134,-0.89861],[0.897422,-0.0906653,0.431756]]],"btipPosition":[58.6567,153.943,-15.2885],"carpPosition":[49.6131,142.122,76.6344],"dipPosition":[72.1794,152.577,-8.78266],"direction":[-0.607787,0.100241,-0.787748],"extended":false,"handId":102,"id":1024,"length":44.1565,"mcpPosition":[78.2517,148.743,35.2206],"pipPosition":[82.5715,150.863,4.68649],"stabilizedTipPosition":[59.0043,145.619,-5.28025],"timeVisible":10.8397,"tipPosition":[54.6867,153.087,-8.84899],"tipVelocity":[57.7041,82.0948,-105.431],"tool":false,"touchDistance":-0.41698,"touchZone":"touching","type":4,"width":14.3888}],"r":[[0.438281,-0.857345,0.269944],[0.766555,0.513351,0.385828],[-0.469364,0.037826,0.882194]],"s":1.48672,"t":[20.9639,26.304,-21.2181],"timestamp":1131503842589},{"currentFrameRate":57.6633,"devices":[],"gestures":[],"hands":[{"armBasis":[[0.545658,-0.696721,-0.465657],[0.837546,0.434961,0.330645],[-0.0278247,-0.570428,0.820876]],"armWidth":56.7046,"confidence":1,"direction":[0.51585,0.440485,-0.73476],"elbow":[27.4102,7.23628,290.724],"grabAngle":1.37586,"grabStrength":0.301224,"id":102,"palmNormal":[-0.693374,-0.289034,-0.66007],"palmPosition":[57.7246,177.433,45.1825],"palmVelocity":[-58.6586,159.657,-125.793],"palmWidth":79.6914,"pinchDistance":67.3197,"pinchStrength":0,"r":[[0.467515,-0.841068,0.272091],[0.747605,0.540442,0.386018],[-0.471716,0.0229472,0.881452]],"s":1.49055,"sphereCenter":[42.0793,160.39,-5.88844],"sphereRadius":57.419,"stabilizedPalmPosition":[62.9274,166.996,57.6284],"t":[20.2148,28.6358,-23.0994],"timeVisible":10.8568,"type":"right","wrist":[33.99,142.127,96.609]}],"id":74198,"interactionBox":{"center":[0,200,0],"size":[235.247,235.247,147.751]},"pointables":[{"bases":[[[0.923286,0.00245081,0.384105],[-0.29614,0.641397,0.70775],[-0.244629,-0.767205,0.592919]],[[0.930207,0.361886,0.0612634],[-0.325904,0.737603,0.591379],[0.168824,-0.570071,0.804063]],[[0.930207,0.361886,0.0612634],[-0.361752,0.875739,0.319713],[0.0620486,-0.319561,0.945532]],[[0.930207,0.361886,0.0612634],[-0.366892,0.921462,0.127666],[-0.0102514,-0.141233,0.989923]]],"btipPosition":[9.62296,206.525,-2.34097],"carpPosition":[18.6435,169.187,81.2481],"dipPosition":[9.41322,203.635,17.9123],"direction":[-0.0620486,0.319561,-0.945532],"extended":false,"handId":102,"id":1020,"length":45.5601,"mcpPosition":[18.6435,169.187,81.2481],"pipPosition":[11.2627,194.11,46.0951],"stabilizedTipPosition":[16.1182,205.578,14.9331],"timeVisible":10.8568,"tipPosition":[8.30203,209.509,4.24646],"tipVelocity":[-183.757,-135.596,-160.309],"tool":false,"touchDistance":-0.448834,"touchZone":"touching","type":0,"width":18.1457},{"bases":[[[0.582591,-0.763936,-0.277471],[0.748607,0.37142,0.549213],[-0.316505,-0.527683,0.788274]],[[0.56479,-0.79112,-0.234823],[0.741517,0.361633,0.565133],[-0.362168,-0.493306,0.790875]],[[0.56479,-0.79112,-0.234823],[0.818652,0.572993,0.038581],[0.10403,-0.214028,0.971272]],[[0.56479,-0.79112,-0.234823],[0.703407,0.610313,-0.364332],[0.431545,0.0405947,0.901177]]],"btipPosition":[64.2583,228.705,-29.9163],"carpPosition":[38.9061,172.261,84.5618],"dipPosition":[70.704,229.312,-16.4562],"direction":[-0.10403,0.214028,-0.971272],"extended":true,"handId":102,"id":1021,"length":51.4095,"mcpPosition":[59.2999,206.262,33.77],"pipPosition":[72.9021,224.789,4.06658],"stabilizedTipPosition":[67.8381,226.487,-25.1839],"timeVisible":10.8568,"tipPosition":[60.911,225.787,-26.0231],"tipVelocity":[-264.35,225.187,-137.438],"tool":false,"touchDistance":-0.431069,"touchZone":"touching","type":1,"width":17.3328},{"bases":[[[0.398261,-0.880254,-0.257956],[0.829193,0.225245,0.51157],[-0.392208,-0.417633,0.819607]],[[0.383016,-0.895539,-0.226516],[0.852247,0.247991,0.460625],[-0.356334,-0.369474,0.858205]],[[0.383016,-0.895539,-0.226516],[0.886323,0.425366,-0.183015],[0.260249,-0.130668,0.956659]],[[0.383016,-0.895539,-0.226516],[0.62101,0.431164,-0.654556],[0.683846,0.110037,0.721281]]],"btipPosition":[67.6775,207.466,-39.8608],"carpPosition":[46.4008,164.937,82.0138],"dipPosition":[78.9117,209.273,-28.0116],"direction":[-0.260249,0.130668,-0.956659],"extended":true,"handId":102,"id":1022,"length":58.577,"mcpPosition":[70.3665,190.457,31.932],"pipPosition":[85.3812,206.025,-4.22996],"stabilizedTipPosition":[71.5034,192.877,-25.4684],"timeVisible":10.8568,"tipPosition":[64.0622,205.13,-35.8458],"tipVelocity":[-56.4133,251.252,-157.332],"tool":false,"touchDistance":0.0661474,"touchZone":"hovering","type":2,"width":17.0231},{"bases":[[[0.272554,-0.946576,-0.172358],[0.842603,0.148351,0.517699],[-0.464472,-0.28633,0.838022]],[[0.265792,-0.950628,-0.16019],[0.930063,0.209142,0.302063],[-0.253647,-0.229273,0.939733]],[[0.265792,-0.950628,-0.16019],[0.846312,0.309664,-0.433434],[0.46164,-0.0203676,0.886834]],[[0.265792,-0.950628,-0.16019],[0.50646,0.279083,-0.81585],[0.820276,0.135717,0.555633]]],"btipPosition":[62.4119,178.93,-34.1658],"carpPosition":[51.6005,155.99,79.0664],"dipPosition":[75.8099,181.147,-25.0904],"direction":[-0.46164,0.0203676,-0.886834],"extended":false,"handId":102,"id":1023,"length":56.3233,"mcpPosition":[77.0823,171.699,33.0911],"pipPosition":[86.9894,180.654,-3.61384],"stabilizedTipPosition":[62.4094,164.2,-16.7506],"timeVisible":10.8568,"tipPosition":[57.1641,176.492,-28.5909],"tipVelocity":[18.6048,191.886,-146.491],"tool":false,"touchDistance":0.0917953,"touchZone":"hovering","type":3,"width":16.1985},{"bases":[[[0.0739709,-0.984767,-0.157361],[0.83037,-0.0265653,0.556579],[-0.552281,-0.171838,0.815756]],[[0.0200774,-0.996788,-0.0775301],[0.988411,0.00811828,0.151586],[-0.15047,-0.079675,0.985399]],[[0.0200774,-0.996788,-0.0775301],[0.801023,0.0624419,-0.595368],[0.598297,-0.0501499,0.799704]],[[0.0200774,-0.996788,-0.0775301],[0.441721,0.0784106,-0.893719],[0.896928,-0.0163031,0.441876]]],"btipPosition":[60.1947,156.642,-17.5957],"carpPosition":[51.2411,144.349,74.624],"dipPosition":[73.71,156.396,-10.9373],"direction":[-0.598297,0.0501499,-0.799704],"extended":false,"handId":102,"id":1024,"length":44.1565,"mcpPosition":[79.2887,153.076,33.1959],"pipPosition":[83.9398,155.539,2.73624],"stabilizedTipPosition":[60.145,148.529,-8.14166],"timeVisible":10.8568,"tipPosition":[55.91,155.384,-11.183],"tipVelocity":[89.9156,173.026,-132.98],"tool":false,"touchDistance":-0.437696,"touchZone":"touching","type":4,"width":14.3888}],"r":[[0.467515,-0.841068,0.272091],[0.747605,0.540442,0.386018],[-0.471716,0.0229472,0.881452]],"s":1.49055,"t":[20.2148,28.6358,-23.0994],"timestamp":1131503859675},{"currentFrameRate":57.6553,"devices":[],"gestures":[],"hands":[{"armBasis":[[0.629738,-0.641097,-0.438662],[0.776739,0.51215,0.366579],[-0.010352,-0.571574,0.820485]],"armWidth":56.7046,"confidence":1,"direction":[0.482809,0.473963,-0.736379],"elbow":[32.9227,8.57392,288.807],"grabAngle":1.36819,"grabStrength":0.282615,"id":102,"palmNormal":[-0.649354,-0.370426,-0.664172],"palmPosition":[56.6366,180.283,43.1167],"palmVelocity":[-62.6337,164.1,-118.922],"palmWidth":79.6914,"pinchDistance":67.7188,"pinchStrength":0,"r":[[0.505917,-0.816171,0.279129],[0.719148,0.577784,0.385994],[-0.476314,0.00545393,0.879258]],"s":1.49516,"sphereCenter":[44.2514,161.732,-7.31211],"sphereRadius":56.7843,"stabilizedPalmPosition":[61.3821,170.26,54.0638],"t":[19.2963,31.227,-25.073],"timeVisible":10.8741,"type":"right","wrist":[35.3707,143.736,94.7843]}],"id":74199,"interactionBox":{"center":[0,200,0],"size":[235.247,235.247,147.751]},"pointables":[{"bases":[[[0.911447,0.102354,0.398483],[-0.370894,0.623589,0.688167],[-0.178053,-0.775023,0.606331]],[[0.888774,0.453225,0.0683185],[-0.409002,0.716956,0.564528],[0.206877,-0.52968,0.822582]],[[0.888774,0.453225,0.0683185],[-0.45322,0.84679,0.278455],[0.0683514,-0.278447,0.958016]],[[0.888774,0.453225,0.0683185],[-0.457441,0.886472,0.0701088],[-0.0287873,-0.0935625,0.995197]]],"btipPosition":[7.4295,202.328,-6.1394],"carpPosition":[17.9223,168.957,78.7393],"dipPosition":[6.84053,200.414,14.2217],"direction":[-0.0683514,0.278447,-0.958016],"extended":false,"handId":102,"id":1020,"length":45.5601,"mcpPosition":[17.9223,168.957,78.7393],"pipPosition":[8.87783,192.114,42.7767],"stabilizedTipPosition":[13.8405,204.625,10.7026],"timeVisible":10.8741,"tipPosition":[5.19437,206.074,0.523336],"tipVelocity":[-131.293,-228.684,-217.236],"tool":false,"touchDistance":-0.488888,"touchZone":"touching","type":0,"width":18.1457},{"bases":[[[0.660291,-0.707919,-0.250734],[0.698138,0.455534,0.552351],[-0.276802,-0.539759,0.79501]],[[0.646359,-0.732821,-0.212587],[0.689929,0.442291,0.573041],[-0.325912,-0.51706,0.791474]],[[0.646359,-0.732821,-0.212587],[0.756766,0.651303,0.0557601],[0.0975963,-0.19692,0.97555]],[[0.646359,-0.732821,-0.212587],[0.653222,0.675423,-0.342207],[0.394363,0.0823221,0.91526]]],"btipPosition":[59.8415,231.229,-32.9338],"carpPosition":[37.718,174.1,82.3016],"dipPosition":[65.7317,232.459,-19.2633],"direction":[-0.0975963,0.19692,-0.97555],"extended":true,"handId":102,"id":1021,"length":51.4095,"mcpPosition":[55.5534,208.879,31.0758],"pipPosition":[67.7939,228.298,1.34986],"stabilizedTipPosition":[63.2988,229.921,-28.3316],"timeVisible":10.8741,"tipPosition":[56.5783,227.447,-29.153],"tipVelocity":[-261.619,153.557,-170.922],"tool":false,"touchDistance":-0.460831,"touchZone":"touching","type":1,"width":17.3328},{"bases":[[[0.488068,-0.841549,-0.231484],[0.793471,0.317333,0.51933],[-0.363584,-0.437144,0.822625]],[[0.473333,-0.858151,-0.198827],[0.808643,0.333784,0.484443],[-0.34936,-0.390083,0.851929]],[[0.473333,-0.858151,-0.198827],[0.853039,0.502844,-0.13954],[0.219725,-0.103558,0.97005]],[[0.473333,-0.858151,-0.198827],[0.613421,0.4831,-0.624763],[0.632195,0.173757,0.755075]]],"btipPosition":[67.0355,210.373,-42.6426],"carpPosition":[45.9458,167.505,80.04],"dipPosition":[77.4212,213.228,-30.2382],"direction":[-0.219725,0.103558,-0.97005],"extended":true,"handId":102,"id":1022,"length":58.577,"mcpPosition":[68.1625,194.217,29.7738],"pipPosition":[82.8834,210.653,-6.12368],"stabilizedTipPosition":[71.2088,195.449,-27.4977],"timeVisible":10.8741,"tipPosition":[62.6271,207.289,-38.5845],"tipVelocity":[-48.1916,181.249,-152.788],"tool":false,"touchDistance":0.0246418,"touchZone":"hovering","type":2,"width":17.0231},{"bases":[[[0.368031,-0.918217,-0.146391],[0.814319,0.2423,0.527423],[-0.448818,-0.313317,0.836896]],[[0.361002,-0.922981,-0.133351],[0.899308,0.306704,0.311734],[-0.246825,-0.232461,0.940765]],[[0.361002,-0.922981,-0.133351],[0.814007,0.381644,-0.437882],[0.45505,0.0495276,0.889088]],[[0.361002,-0.922981,-0.133351],[0.478927,0.306188,-0.822726],[0.800191,0.233141,0.552575]]],"btipPosition":[62.2321,180.32,-35.8354],"carpPosition":[52.0584,159.059,77.38],"dipPosition":[75.3021,184.128,-26.8099],"direction":[-0.45505,-0.0495276,-0.889088],"extended":false,"handId":102,"id":1023,"length":56.3233,"mcpPosition":[76.6813,176.248,31.4665],"pipPosition":[86.322,185.328,-5.27877],"stabilizedTipPosition":[62.5691,165.159,-17.7104],"timeVisible":10.8741,"tipPosition":[57.7393,177.84,-30.7134],"tipVelocity":[-14.6913,101.085,-96.7741],"tool":false,"touchDistance":0.0637775,"touchZone":"hovering","type":3,"width":16.1985},{"bases":[[[0.173969,-0.975637,-0.133665],[0.818775,0.0678951,0.570085],[-0.547121,-0.208619,0.81064]],[[0.123637,-0.990536,-0.0596016],[0.97744,0.111197,0.179573],[-0.171246,-0.0804588,0.981937]],[[0.123637,-0.990536,-0.0596016],[0.7985,0.134968,-0.586671],[0.589163,0.0249421,0.807629]],[[0.123637,-0.990536,-0.0596016],[0.429187,0.107531,-0.896792],[0.894714,0.0852961,0.43842]]],"btipPosition":[62.4571,158.719,-18.7371],"carpPosition":[52.9337,147.349,73.1992],"dipPosition":[75.939,160.004,-12.1308],"direction":[-0.589163,-0.0249421,-0.807629],"extended":false,"handId":102,"id":1024,"length":44.1565,"mcpPosition":[80.7192,157.943,32.031],"pipPosition":[86.0126,160.431,1.6783],"stabilizedTipPosition":[62.4398,152.974,-11.9895],"timeVisible":10.8741,"tipPosition":[58.2435,157.035,-12.8801],"tipVelocity":[129.794,139.825,-66.3947],"tool":false,"touchDistance":-0.43956,"touchZone":"touching","type":4,"width":14.3888}],"r":[[0.505917,-0.816171,0.279129],[0.719148,0.577784,0.385994],[-0.476314,0.00545393,0.879258]],"s":1.49516,"t":[19.2963,31.227,-25.073],"timestamp":1131503877046},{"currentFrameRate":57.6772,"devices":[],"gestures":[],"hands":[{"armBasis":[[0.724491,-0.558325,-0.40421],[0.689223,0.59462,0.414004],[0.00920302,-0.578533,0.815607]],"armWidth":56.7046,"confidence":1,"direction":[0.443914,0.548102,-0.70889],"elbow":[39.0996,7.11134,284.429],"grabAngle":1.35893,"grabStrength":0.281129,"id":102,"palmNormal":[-0.5728,-0.4348,-0.694873],"palmPosition":[55.3789,183.925,41.3827],"palmVelocity":[-72.8464,210.931,-100.434],"palmWidth":79.6914,"pinchDistance":68.5607,"pinchStrength":0,"r":[[0.553757,-0.782146,0.285657],[0.676556,0.622613,0.393223],[-0.485412,-0.0244869,0.873943]],"s":1.50396,"sphereCenter":[48.6792,169.118,-7.78822],"sphereRadius":54.4079,"stabilizedPalmPosition":[58.9021,175.905,48.8249],"t":[18.2082,34.3435,-26.9268],"timeVisible":10.8914,"type":"right","wrist":[36.9234,143.919,91.5602]}],"id":74200,"interactionBox":{"center":[0,200,0],"size":[235.247,235.247,147.751]},"pointables":[{"bases":[[[0.876236,0.20833,0.434521],[-0.471653,0.555582,0.684742],[-0.0987593,-0.804939,0.585081]],[[0.820757,0.560472,0.110588],[-0.52011,0.653035,0.550482],[0.236312,-0.50933,0.82749]],[[0.820757,0.560472,0.110588],[-0.568142,0.780555,0.260669],[0.0597781,-0.276776,0.959073]],[[0.820757,0.560472,0.110588],[-0.566785,0.823129,0.0348323],[-0.0715053,-0.0912683,0.993256]]],"btipPosition":[6.54804,199.347,-9.78255],"carpPosition":[17.1982,166.962,75.3025],"dipPosition":[5.08508,197.48,10.5389],"direction":[-0.0597781,0.276776,-0.959073],"extended":false,"handId":102,"id":1020,"length":45.5601,"mcpPosition":[17.1982,166.962,75.3025],"pipPosition":[6.86685,189.23,39.1254],"stabilizedTipPosition":[12.0452,203.282,6.98177],"timeVisible":10.8914,"tipPosition":[2.94511,203.443,-2.89452],"tipVelocity":[-62.6975,-172.038,-211.543],"tool":false,"touchDistance":-0.523117,"touchZone":"touching","type":0,"width":18.1457},{"bases":[[[0.753838,-0.612345,-0.238246],[0.614215,0.527938,0.586533],[-0.233382,-0.588486,0.774091]],[[0.744992,-0.633039,-0.210355],[0.599732,0.497539,0.626719],[-0.292077,-0.593057,0.750316]],[[0.744992,-0.633039,-0.210355],[0.662631,0.738605,0.124023],[0.076858,-0.231784,0.969726]],[[0.744992,-0.633039,-0.210355],[0.573602,0.768899,-0.282445],[0.340541,0.0897592,0.935936]]],"btipPosition":[55.3326,238.247,-32.8229],"carpPosition":[36.0354,174.498,79.7046],"dipPosition":[60.419,239.588,-18.8435],"direction":[-0.076858,0.231784,-0.969726],"extended":true,"handId":102,"id":1021,"length":51.4095,"mcpPosition":[51.0732,212.417,29.8267],"pipPosition":[62.043,234.69,1.64653],"stabilizedTipPosition":[58.0398,236.603,-29.319],"timeVisible":10.8914,"tipPosition":[52.3659,233.03,-29.9341],"tipVelocity":[-271.866,407.957,10.5384],"tool":false,"touchDistance":-0.440352,"touchZone":"touching","type":1,"width":17.3328},{"bases":[[[0.599549,-0.76719,-0.227948],[0.727545,0.403765,0.554664],[-0.333495,-0.498391,0.800242]],[[0.585812,-0.786404,-0.195943],[0.723353,0.398313,0.564011],[-0.365493,-0.47214,0.802183]],[[0.585812,-0.786404,-0.195943],[0.799049,0.600843,-0.0225202],[0.135441,-0.143376,0.980357]],[[0.585812,-0.786404,-0.195943],[0.604662,0.585083,-0.540428],[0.539637,0.19811,0.818257]]],"btipPosition":[68.6605,219.714,-42.8749],"carpPosition":[45.1138,169.056,77.638],"dipPosition":[77.5256,222.969,-29.4326],"direction":[-0.135441,0.143376,-0.980357],"extended":true,"handId":102,"id":1022,"length":58.577,"mcpPosition":[65.4919,199.51,28.7395],"pipPosition":[80.8926,219.404,-5.06188],"stabilizedTipPosition":[70.9697,207.188,-33.2634],"timeVisible":10.8914,"tipPosition":[63.1482,215.045,-39.5932],"tipVelocity":[73.862,546.357,0.3686],"tool":false,"touchDistance":0.164021,"touchZone":"hovering","type":2,"width":17.0231},{"bases":[[[0.487375,-0.86041,-0.148861],[0.757519,0.331827,0.562188],[-0.434316,-0.386762,0.813502]],[[0.478074,-0.868403,-0.131612],[0.838656,0.406811,0.362161],[-0.26096,-0.283517,0.922777]],[[0.478074,-0.868403,-0.131612],[0.768932,0.486228,-0.41512],[0.424485,0.0972573,0.900196]],[[0.478074,-0.868403,-0.131612],[0.455496,0.373251,-0.808212],[0.750978,0.326437,0.573996]]],"btipPosition":[63.8205,186.124,-36.7884],"carpPosition":[52.3463,161.518,75.0598],"dipPosition":[76.0867,191.455,-27.4131],"direction":[-0.424485,-0.0972573,-0.900196],"extended":false,"handId":102,"id":1023,"length":56.3233,"mcpPosition":[76.1737,182.737,30.4297],"pipPosition":[86.3665,193.811,-5.61294],"stabilizedTipPosition":[63.3194,169.247,-20.8278],"timeVisible":10.8914,"tipPosition":[59.6578,183.468,-32.4676],"tipVelocity":[81.2945,356.42,-50.5403],"tool":false,"touchDistance":0.123686,"touchZone":"hovering","type":3,"width":16.1985},{"bases":[[[0.301923,-0.942312,-0.144537],[0.782735,0.158481,0.601838],[-0.544213,-0.294843,0.78543]],[[0.255276,-0.963698,-0.0782373],[0.946456,0.232528,0.223946],[-0.197624,-0.131216,0.971456]],[[0.255276,-0.963698,-0.0782373],[0.784651,0.253767,-0.565619],[0.56494,0.0830001,0.820947]],[[0.255276,-0.963698,-0.0782373],[0.411978,0.18162,-0.89291],[0.874704,0.195706,0.443386]]],"btipPosition":[65.7658,164.774,-19.9297],"carpPosition":[54.8591,150.112,70.7049],"dipPosition":[78.9462,167.723,-13.2486],"direction":[-0.56494,-0.0830001,-0.820947],"extended":false,"handId":102,"id":1024,"length":44.1565,"mcpPosition":[82.497,165.086,30.8169],"pipPosition":[88.6057,169.142,0.788191],"stabilizedTipPosition":[66.3961,160.739,-15.9745],"timeVisible":10.8914,"tipPosition":[62.1985,162.473,-15.0628],"tipVelocity":[187.628,372.876,-68.0822],"tool":false,"touchDistance":-0.441569,"touchZone":"touching","type":4,"width":14.3888}],"r":[[0.553757,-0.782146,0.285657],[0.676556,0.622613,0.393223],[-0.485412,-0.0244869,0.873943]],"s":1.50396,"t":[18.2082,34.3435,-26.9268],"timestamp":1131503894311},{"currentFrameRate":57.6606,"devices":[],"gestures":[],"hands":[{"armBasis":[[0.835527,-0.428954,-0.343355],[0.548497,0.687946,0.475271],[0.0323404,-0.585431,0.810077]],"armWidth":56.7046,"confidence":1,"direction":[0.386417,0.637444,-0.666594],"elbow":[46.7162,5.44068,279.39],"grabAngle":1.33493,"grabStrength":0.269062,"id":102,"palmNormal":[-0.445069,-0.504146,-0.740101],"palmPosition":[53.7024,187.875,39.7675],"palmVelocity":[-96.3634,227.02,-92.8388],"palmWidth":79.6914,"pinchDistance":68.6884,"pinchStrength":0,"r":[[0.612009,-0.733573,0.295493],[0.612286,0.675993,0.410048],[-0.500551,-0.0700272,0.86287]],"s":1.51662,"sphereCenter":[54.0382,176.876,-8.1968],"sphereRadius":52.8442,"stabilizedPalmPosition":[56.0149,182.551,43.7957],"t":[16.8259,37.8766,-28.6613],"timeVisible":10.9088,"type":"right","wrist":[39.0686,143.879,87.8285]}],"id":74201,"interactionBox":{"center":[0,200,0],"size":[235.247,235.247,147.751]},"pointables":[{"bases":[[[0.798555,0.340843,0.496121],[-0.601903,0.445617,0.662675],[0.00478819,-0.827799,0.561005]],[[0.703484,0.688594,0.175922],[-0.661982,0.544781,0.514775],[0.258632,-0.478594,0.839081]],[[0.703484,0.688594,0.175922],[-0.709457,0.665689,0.231361],[0.0422043,-0.287568,0.95683]],[[0.703484,0.688594,0.175922],[-0.699551,0.714583,0.000367335],[-0.125458,-0.123325,0.984404]]],"btipPosition":[6.96778,195.632,-14.6265],"carpPosition":[16.9661,163.614,70.7173],"dipPosition":[4.40098,193.109,5.51384],"direction":[-0.0422043,0.287568,-0.95683],"extended":false,"handId":102,"id":1020,"length":45.5601,"mcpPosition":[16.9661,163.614,70.7173],"pipPosition":[5.65893,184.537,34.0334],"stabilizedTipPosition":[10.8608,201.562,3.43431],"timeVisible":10.9088,"tipPosition":[1.87509,199.254,-7.67623],"tipVelocity":[9.53282,-222.199,-280.813],"tool":false,"touchDistance":-0.572422,"touchZone":"touching","type":0,"width":18.1457},{"bases":[[[0.861245,-0.467369,-0.199557],[0.476532,0.606297,0.636648],[-0.176559,-0.643406,0.744887]],[[0.856083,-0.484827,-0.179067],[0.459282,0.554738,0.693776],[-0.237026,-0.676172,0.697574]],[[0.856083,-0.484827,-0.179067],[0.514972,0.829577,0.215884],[0.043883,-0.277029,0.959859]],[[0.856083,-0.484827,-0.179067],[0.45047,0.869788,-0.20136],[0.253375,0.0917172,0.96301]]],"btipPosition":[49.4828,245.442,-32.344],"carpPosition":[33.9159,174.105,76.5167],"dipPosition":[53.2672,246.812,-17.9603],"direction":[-0.043883,0.277029,-0.959859],"extended":true,"handId":102,"id":1021,"length":51.4095,"mcpPosition":[45.2923,215.563,28.5206],"pipPosition":[54.1945,240.958,2.3213],"stabilizedTipPosition":[51.5475,244.335,-29.0798],"timeVisible":10.9088,"tipPosition":[47.171,238.863,-30.4135],"tipVelocity":[-353.447,413.914,32.8702],"tool":false,"touchDistance":-0.416072,"touchZone":"touching","type":1,"width":17.3328},{"bases":[[[0.735533,-0.646463,-0.202674],[0.611284,0.504281,0.609945],[-0.292102,-0.572526,0.766088]],[[0.72232,-0.670437,-0.169611],[0.591155,0.471317,0.65452],[-0.358874,-0.573039,0.736774]],[[0.72232,-0.670437,-0.169611],[0.689759,0.71612,0.106794],[0.0498637,-0.19413,0.979708]],[[0.72232,-0.670437,-0.169611],[0.559376,0.710624,-0.426745],[0.406636,0.21337,0.888325]]],"btipPosition":[68.9562,230.806,-41.8521],"carpPosition":[43.9054,170.355,74.9527],"dipPosition":[75.6364,234.311,-27.2587],"direction":[-0.0498637,0.19413,-0.979708],"extended":true,"handId":102,"id":1022,"length":58.577,"mcpPosition":[61.7542,205.339,28.1412],"pipPosition":[76.876,229.485,-2.90408],"stabilizedTipPosition":[70.6302,224.573,-36.9876],"timeVisible":10.9088,"tipPosition":[63.1417,224.421,-39.566],"tipVelocity":[-11.8846,640.848,74.0086],"tool":false,"touchDistance":0.264829,"touchZone":"hovering","type":2,"width":17.0231},{"bases":[[[0.636343,-0.759832,-0.133129],[0.652649,0.438298,0.618016],[-0.411238,-0.480157,0.774811]],[[0.621908,-0.775806,-0.106557],[0.726479,0.520786,0.448341],[-0.292333,-0.356238,0.887488]],[[0.621908,-0.775806,-0.106557],[0.70985,0.615958,-0.341627],[0.330671,0.136821,0.933775]],[[0.621908,-0.775806,-0.106557],[0.442977,0.460736,-0.769086],[0.645757,0.431099,0.6302]]],"btipPosition":[67.8966,194.144,-37.3653],"carpPosition":[52.4726,164.243,72.7132],"dipPosition":[78.4441,201.186,-27.0719],"direction":[-0.330671,-0.136821,-0.933775],"extended":false,"handId":102,"id":1023,"length":56.3233,"mcpPosition":[75.0338,190.585,30.2057],"pipPosition":[86.452,204.499,-4.45859],"stabilizedTipPosition":[66.7622,182.283,-27.7938],"timeVisible":10.9088,"tipPosition":[63.2808,190.922,-33.7488],"tipVelocity":[211.564,483.627,-21.0205],"tool":false,"touchDistance":0.209812,"touchZone":"hovering","type":3,"width":16.1985},{"bases":[[[0.467827,-0.872203,-0.14283],[0.704766,0.270626,0.655795],[-0.533333,-0.40746,0.741305]],[[0.423134,-0.902315,-0.0823734],[0.872346,0.381127,0.306193],[-0.244888,-0.201419,0.948399]],[[0.423134,-0.902315,-0.0823734],[0.765862,0.404757,-0.499626],[0.484162,0.148322,0.862316]],[[0.423134,-0.902315,-0.0823734],[0.427078,0.2788,-0.86016],[0.799101,0.328783,0.503329]]],"btipPosition":[71.5107,173.001,-20.9825],"carpPosition":[57.1752,153.572,68.309],"dipPosition":[83.5519,177.955,-13.3982],"direction":[-0.484162,-0.148322,-0.862316],"extended":false,"handId":102,"id":1024,"length":44.1565,"mcpPosition":[84.2605,174.265,30.6619],"pipPosition":[91.8302,180.491,1.34596],"stabilizedTipPosition":[72.1459,170.513,-18.3546],"timeVisible":10.9088,"tipPosition":[67.8668,169.832,-16.6168],"tipVelocity":[315.144,499.368,-48.572],"tool":false,"touchDistance":-0.438421,"touchZone":"touching","type":4,"width":14.3888}],"r":[[0.612009,-0.733573,0.295493],[0.612286,0.675993,0.410048],[-0.500551,-0.0700272,0.86287]],"s":1.51662,"t":[16.8259,37.8766,-28.6613],"timestamp":1131503911709},{"currentFrameRate":57.6829,"devices":[],"gestures":[],"hands":[{"armBasis":[[0.91117,-0.296121,-0.286499],[0.407621,0.749303,0.52191],[0.0601263,-0.592332,0.803448]],"armWidth":56.7046,"confidence":1,"direction":[0.317711,0.690783,-0.649522],"elbow":[55.8553,6.74097,276.585],"grabAngle":1.2209,"grabStrength":0.211185,"id":102,"palmNormal":[-0.325567,-0.563895,-0.758966],"palmPosition":[51.9778,192.783,39.25],"palmVelocity":[-99.907,284.333,-29.9787],"palmWidth":79.6914,"pinchDistance":70.0771,"pinchStrength":0,"r":[[0.673058,-0.670901,0.311265],[0.531102,0.731329,0.427888],[-0.514707,-0.12268,0.848543]],"s":1.53494,"sphereCenter":[56.7301,186.452,-6.55416],"sphereRadius":51.6703,"stabilizedPalmPosition":[53.3148,189.395,40.7554],"t":[15.2724,42.0972,-29.7873],"timeVisible":10.9261,"type":"right","wrist":[41.6371,146.811,86.5916]}],"id":74202,"interactionBox":{"center":[0,200,0],"size":[235.247,235.247,147.751]},"pointables":[{"bases":[[[0.711544,0.457034,0.533691],[-0.695096,0.346839,0.629717],[0.102697,-0.819038,0.564474]],[[0.577674,0.790865,0.202053],[-0.769543,0.445112,0.457907],[0.272206,-0.420009,0.865734]],[[0.577674,0.790865,0.202053],[-0.815204,0.546337,0.192242],[0.0416489,-0.275768,0.960322]],[[0.577674,0.790865,0.202053],[-0.805715,0.592135,-0.0141471],[-0.130831,-0.154624,0.979272]]],"btipPosition":[7.39687,192.867,-18.0633],"carpPosition":[17.8622,163.121,68.4448],"dipPosition":[4.72015,189.703,1.972],"direction":[-0.0416489,0.275768,-0.960322],"extended":false,"handId":102,"id":1020,"length":45.5601,"mcpPosition":[17.8622,163.121,68.4448],"pipPosition":[5.96155,181.483,30.5957],"stabilizedTipPosition":[10.0669,199.729,0.147751],"timeVisible":10.9261,"tipPosition":[1.77091,196.033,-10.9289],"tipVelocity":[23.3929,-168.732,-200.498],"tool":false,"touchDistance":-0.595428,"touchZone":"touching","type":0,"width":18.1457},{"bases":[[[0.931244,-0.330186,-0.154147],[0.346245,0.669945,0.656725],[-0.113571,-0.664944,0.738208]],[[0.928788,-0.34341,-0.139362],[0.330637,0.597917,0.730188],[-0.167427,-0.724268,0.668883]],[[0.928788,-0.34341,-0.139362],[0.369988,0.880963,0.294979],[0.0214738,-0.325536,0.945286]],[[0.928788,-0.34341,-0.139362],[0.325123,0.93549,-0.138395],[0.177898,0.0832298,0.980523]]],"btipPosition":[43.201,251.737,-32.2743],"carpPosition":[32.7058,176.055,75.0321],"dipPosition":[45.8581,252.98,-17.629],"direction":[-0.0214738,0.325536,-0.945286],"extended":true,"handId":102,"id":1021,"length":51.4095,"mcpPosition":[40.0236,218.9,27.4663],"pipPosition":[46.3118,246.102,2.34463],"stabilizedTipPosition":[44.6437,251.196,-28.9246],"timeVisible":10.9261,"tipPosition":[41.6634,243.853,-31.0295],"tipVelocity":[-378.93,362.989,7.52173],"tool":false,"touchDistance":-0.400851,"touchZone":"touching","type":1,"width":17.3328},{"bases":[[[0.834576,-0.526326,-0.162678],[0.496121,0.589717,0.637258],[-0.239472,-0.612548,0.753285]],[[0.824254,-0.550569,-0.132207],[0.462246,0.519451,0.718679],[-0.327008,-0.653486,0.682658]],[[0.824254,-0.550569,-0.132207],[0.56564,0.79008,0.236274],[-0.0256317,-0.269531,0.96265]],[[0.824254,-0.550569,-0.132207],[0.518871,0.82792,-0.212889],[0.226667,0.106877,0.968091]]],"btipPosition":[68.5407,243.784,-40.6426],"carpPosition":[43.2154,173.874,73.9859],"dipPosition":[72.2644,245.54,-24.7389],"direction":[0.0256317,0.269531,-0.96265],"extended":true,"handId":102,"id":1022,"length":58.577,"mcpPosition":[57.8482,211.303,27.9567],"pipPosition":[71.6272,238.839,-0.808288],"stabilizedTipPosition":[69.6562,240.068,-36.9854],"timeVisible":10.9261,"tipPosition":[62.8463,234.99,-38.8099],"tipVelocity":[-63.4626,728.508,87.5228],"tool":false,"touchDistance":0.317131,"touchZone":"hovering","type":2,"width":17.0231},{"bases":[[[0.750449,-0.653678,-0.0976257],[0.546593,0.530779,0.647695],[-0.371567,-0.539424,0.755619]],[[0.740794,-0.667136,-0.078449],[0.594966,0.59743,0.537674],[-0.311834,-0.44498,0.839495]],[[0.740794,-0.667136,-0.078449],[0.643078,0.738086,-0.204153],[0.1941,0.100787,0.975791]],[[0.740794,-0.667136,-0.078449],[0.442092,0.572135,-0.690808],[0.505746,0.477065,0.71877]]],"btipPosition":[72.3178,205.885,-37.4098],"carpPosition":[52.7143,169.144,72.2054],"dipPosition":[80.5784,213.677,-25.6697],"direction":[-0.1941,-0.100787,-0.975791],"extended":true,"handId":102,"id":1023,"length":56.3233,"mcpPosition":[73.0991,198.738,30.7508],"pipPosition":[85.279,216.118,-2.03892],"stabilizedTipPosition":[72.0456,200.279,-32.6947],"timeVisible":10.9261,"tipPosition":[67.3366,200.338,-33.9918],"tipVelocity":[225.651,690.147,16.6991],"tool":false,"touchDistance":0.288922,"touchZone":"hovering","type":3,"width":16.1985},{"bases":[[[0.601703,-0.790372,-0.115182],[0.621673,0.372891,0.688822],[-0.501475,-0.486071,0.715722]],[[0.569885,-0.818637,-0.0711645],[0.768884,0.500681,0.397663],[-0.289911,-0.281339,0.914768]],[[0.569885,-0.818637,-0.0711645],[0.742202,0.549968,-0.382976],[0.352657,0.165434,0.921013]],[[0.569885,-0.818637,-0.0711645],[0.499104,0.413638,-0.761445],[0.652783,0.398417,0.644312]]],"btipPosition":[77.7634,183.876,-21.9889],"carpPosition":[59.2008,159.327,68.0919],"dipPosition":[87.5998,189.879,-12.2801],"direction":[-0.352657,-0.165434,-0.921013],"extended":false,"handId":102,"id":1024,"length":44.1565,"mcpPosition":[84.6682,184.012,31.744],"pipPosition":[93.6296,192.708,3.46763],"stabilizedTipPosition":[78.5094,182.419,-19.4862],"timeVisible":10.9261,"tipPosition":[73.3991,179.031,-17.0397],"tipVelocity":[332.847,643.995,-29.9926],"tool":false,"touchDistance":-0.430678,"touchZone":"touching","type":4,"width":14.3888}],"r":[[0.67305