{"frames":102,"data":[{"currentFrameRate":113.812,"devices":[],"gestures":[],"hands":[{"armBasis":[[0.951,-0.0653007,-0.302217],[0.230258,0.801908,0.551294],[0.20635,-0.593868,0.77765]],"armWidth":53.0314,"confidence":1,"direction":[0.214068,0.813968,-0.540029],"elbow":[77.1865,16.8622,262.546],"grabAngle":2.8445,"grabStrength":0,"id":165,"palmNormal":[-0.157124,-0.516953,-0.84147],"palmPosition":[32.5985,205.031,42.2513],"palmVelocity":[19.0711,-54.9437,-284.743],"palmWidth":77.8763,"pinchDistance":50.0273,"pinchStrength":0.202304,"r":[[0.91558,0.398746,-0.0521023],[-0.393569,0.915123,0.0874787],[0.0825618,-0.0595879,0.994803]],"s":1.15958,"sphereCenter":[35.7497,196.928,3.55067],"sphereRadius":39.9629,"stabilizedPalmPosition":[29.0755,206.247,66.1681],"t":[-76.9666,99.8204,-19.1823],"timeVisible":29.6061,"type":"right","wrist":[29.5017,154.097,82.8416]}],"id":134500,"interactionBox":{"center":[0,200,0],"size":[235.247,235.247,147.751]},"pointables":[{"bases":[[[0.570259,0.514579,0.640323],[-0.789176,0.126783,0.600938],[0.228048,-0.848018,0.478393]],[[0.432059,0.810004,0.396507],[-0.860456,0.238585,0.450215],[0.270076,-0.535696,0.800056]],[[0.432059,0.810004,0.396507],[-0.893211,0.323653,0.312125],[0.124492,-0.489021,0.863343]],[[0.432059,0.810004,0.396507],[-0.90182,0.38478,0.196633],[0.00670524,-0.442535,0.896726]]],"btipPosition":[-11.0767,211.347,-9.97088],"carpPosition":[3.97295,166.898,64.4327],"dipPosition":[-10.9516,203.085,6.77027],"direction":[-0.124492,0.489021,-0.863343],"extended":true,"handId":165,"id":1650,"length":41.5735,"mcpPosition":[3.97295,166.898,64.4327],"pipPosition":[-7.56559,189.784,30.2517],"stabilizedTipPosition":[-24.2919,204.924,21.5039],"timeVisible":29.6061,"tipPosition":[-16.8753,210.737,-3.76751],"tipVelocity":[193.506,-111.454,-333.155],"tool":false,"touchDistance":-0.475365,"touchZone":"hovering","type":0,"width":16.6432},{"bases":[[[0.986355,-0.124555,-0.107658],[0.162677,0.636864,0.753619],[-0.0253037,-0.760849,0.648436]],[[0.985282,-0.145483,-0.0897411],[0.17093,0.842459,0.510926],[0.00127227,-0.518746,0.854928]],[[0.985282,-0.145483,-0.0897411],[0.160217,0.968972,0.18821],[0.0595753,-0.199818,0.97802]],[[0.985282,-0.145483,-0.0897411],[0.147368,0.988972,0.0147186],[0.0866101,-0.0277269,0.995856]]],"btipPosition":[14.4387,251.091,-29.1089],"carpPosition":[15.2181,181.174,73.4503],"dipPosition":[15.6191,250.713,-15.5361],"direction":[-0.0595753,0.199818,-0.97802],"extended":true,"handId":165,"id":1651,"length":46.9111,"mcpPosition":[16.8114,229.082,32.6205],"pipPosition":[16.7678,246.861,3.32099],"stabilizedTipPosition":[11.4547,249.553,7.64207],"timeVisible":29.6061,"tipPosition":[16.1208,254.396,-23.8341],"tipVelocity":[-30.3999,-206.222,-364.722],"tool":false,"touchDistance":-0.50473,"touchZone":"hovering","type":1,"width":15.8976},{"bases":[[[0.931586,-0.332936,-0.145948],[0.326495,0.589779,0.738622],[-0.159837,-0.735741,0.658132]],[[0.935007,-0.315976,-0.161002],[0.19819,0.842069,-0.501637],[0.29408,0.437125,0.849964]],[[0.935007,-0.315976,-0.161002],[-0.278359,-0.372624,-0.88525],[0.219724,0.872531,-0.436361]],[[0.935007,-0.315976,-0.161002],[-0.354064,-0.806138,-0.47411],[0.0200172,0.500301,-0.86562]]],"btipPosition":[18.7036,181.021,23.9936],"carpPosition":[25.7509,181.187,73.099],"dipPosition":[19.0037,188.521,11.0175],"direction":[-0.219724,-0.872531,0.436361],"extended":false,"handId":165,"id":1652,"length":53.4514,"mcpPosition":[35.2952,225.121,33.8001],"pipPosition":[23.9879,208.313,1.11917],"stabilizedTipPosition":[14.012,176.069,54.3263],"timeVisible":29.6061,"tipPosition":[19.1449,183.746,18.177],"tipVelocity":[25.4517,-79.2785,-243.518],"tool":false,"touchDistance":0.333333,"touchZone":"none","type":2,"width":15.6135},{"bases":[[[0.87063,-0.481084,-0.10277],[0.386957,0.54073,0.74691],[-0.303756,-0.69005,0.656935]],[[0.886428,-0.441253,-0.139791],[0.319507,0.801828,-0.504963],[0.334904,0.402949,0.851746]],[[0.886428,-0.441253,-0.139791],[-0.307085,-0.33466,-0.890899],[0.346329,0.832646,-0.432154]],[[0.886428,-0.441253,-0.139791],[-0.455736,-0.779211,-0.430274],[0.080933,0.445114,-0.891809]]],"btipPosition":[31.351,176.274,28.9437],"carpPosition":[35.8618,178.675,71.679],"dipPosition":[32.5573,182.909,15.6518],"direction":[-0.346329,-0.832646,0.432154],"extended":false,"handId":165,"id":1653,"length":51.395,"mcpPosition":[52.1468,215.67,36.4593],"pipPosition":[40.2105,201.308,6.10207],"stabilizedTipPosition":[26.847,176.672,45.6531],"timeVisible":29.6061,"tipPosition":[31.4839,178.808,22.493],"tipVelocity":[38.5838,-71.5601,-239.903],"tool":false,"touchDistance":0.333333,"touchZone":"none","type":3,"width":14.8573},{"bases":[[[0.753637,-0.640403,-0.148035],[0.489295,0.396219,0.776918],[-0.438886,-0.657947,0.611951]],[[0.769699,-0.615058,-0.171076],[0.492905,0.742841,-0.453025],[0.405719,0.264368,0.87493]],[[0.769699,-0.615058,-0.171076],[-0.341387,-0.1701,-0.924403],[0.539461,0.769915,-0.340899]],[[0.769699,-0.615058,-0.171076],[-0.602423,-0.611055,-0.513515],[0.211305,0.498313,-0.840854]]],"btipPosition":[43.249,177.375,29.034],"carpPosition":[44.2339,171.043,67.2022],"dipPosition":[46.1544,184.227,17.4724],"direction":[-0.539461,-0.769915,0.340899],"extended":false,"handId":165,"id":1654,"length":40.2927,"mcpPosition":[66.015,203.696,36.8321],"pipPosition":[54.5712,196.239,12.1536],"stabilizedTipPosition":[40.7731,178.943,48.2345],"timeVisible":29.6061,"tipPosition":[44.4506,179.615,24.1411],"tipVelocity":[35.8048,-70.232,-246.573],"tool":false,"touchDistance":0.333333,"touchZone":"none","type":4,"width":13.1974}],"r":[[0.91558,0.398746,-0.0521023],[-0.393569,0.915123,0.0874787],[0.0825618,-0.0595879,0.994803]],"s":1.15958,"t":[-76.9666,99.8204,-19.1823],"timestamp":1132438028562},{"currentFrameRate":113.848,"devices":[],"gestures":[],"hands":[{"armBasis":[[0.951201,-0.0648287,-0.301686],[0.229325,0.802675,0.550566],[0.206463,-0.592883,0.778372]],"armWidth":53.0314,"confidence":1,"direction":[0.213153,0.809128,-0.54761],"elbow":[77.4091,16.9451,260.781],"grabAngle":2.85231,"grabStrength":0,"id":165,"palmNormal":[-0.157683,-0.524653,-0.836585],"palmPosition":[32.74,204.567,39.9066],"palmVelocity":[16.2152,-53.3104,-268.854],"palmWidth":77.8763,"pinchDistance":48.1629,"pinchStrength":0.224072,"r":[[0.914646,0.400514,-0.0548758],[-0.395534,0.914675,0.0832022],[0.0835171,-0.0543953,0.995021]],"s":1.15346,"sphereCenter":[36.6279,195.578,1.23058],"sphereRadius":39.9693,"stabilizedPalmPosition":[29.0755,206.247,66.1677],"t":[-76.8156,99.3481,-21.6443],"timeVisible":29.6148,"type":"right","wrist":[29.6981,153.953,80.909]}],"id":134501,"interactionBox":{"center":[0,200,0],"size":[235.247,235.247,147.751]},"pointables":[{"bases":[[[0.570625,0.520649,0.635069],[-0.788659,0.131863,0.600524],[0.22892,-0.843527,0.485858]],[[0.434401,0.810714,0.392476],[-0.862999,0.249841,0.439104],[0.257931,-0.529454,0.808177]],[[0.434401,0.810714,0.392476],[-0.894816,0.338627,0.290921],[0.102951,-0.477571,0.872541]],[[0.434401,0.810714,0.392476],[-0.90034,0.403479,0.163074],[-0.0261495,-0.424201,0.90519]]],"btipPosition":[-9.17735,210.151,-12.6974],"carpPosition":[4.15423,166.622,62.4613],"dipPosition":[-9.66554,202.231,4.20173],"direction":[-0.102951,0.477571,-0.872541],"extended":false,"handId":165,"id":1650,"length":41.5735,"mcpPosition":[4.15423,166.622,62.4613],"pipPosition":[-6.86545,189.242,27.9333],"stabilizedTipPosition":[-24.273,204.928,21.4658],"timeVisible":29.6148,"tipPosition":[-16.0188,209.677,-6.38859],"tipVelocity":[201.617,-128.089,-308.476],"tool":false,"touchDistance":-0.496515,"touchZone":"hovering","type":0,"width":16.6432},{"bases":[[[0.986311,-0.125058,-0.107475],[0.163094,0.643763,0.747643],[-0.0243102,-0.754937,0.655347]],[[0.985542,-0.141562,-0.0930969],[0.169002,0.860433,0.480722],[0.0120517,-0.489505,0.871917]],[[0.985542,-0.141562,-0.0930969],[0.155042,0.975097,0.158579],[0.0683297,-0.17072,0.982947]],[[0.985542,-0.141562,-0.0930969],[0.141373,0.989919,-0.00865593],[0.0933837,-0.00463062,0.995619]]],"btipPosition":[13.9286,248.652,-32.3305],"carpPosition":[15.4011,180.986,71.3379],"dipPosition":[15.2014,248.589,-18.7609],"direction":[-0.0683297,0.17072,-0.982947],"extended":true,"handId":165,"id":1651,"length":46.9111,"mcpPosition":[16.9319,228.521,30.073],"pipPosition":[16.5188,245.297,0.19117],"stabilizedTipPosition":[11.4577,249.552,7.60182],"timeVisible":29.6148,"tipPosition":[16.0022,252.907,-26.8383],"tipVelocity":[-56.0514,-271.356,-369.491],"tool":false,"touchDistance":-0.530925,"touchZone":"hovering","type":1,"width":15.8976},{"bases":[[[0.931607,-0.333805,-0.143817],[0.32692,0.596622,0.732916],[-0.158846,-0.729806,0.664944]],[[0.934887,-0.317609,-0.158464],[0.196851,0.835442,-0.513115],[0.295357,0.448511,0.843565]],[[0.934887,-0.317609,-0.158464],[-0.280019,-0.38561,-0.879144],[0.218118,0.866273,-0.449439]],[[0.934887,-0.317609,-0.158464],[-0.35447,-0.812322,-0.463124],[0.0183683,0.489139,-0.872012]]],"btipPosition":[18.8392,180.351,22.1026],"carpPosition":[25.9336,181,70.9763],"dipPosition":[19.1146,187.684,9.03072],"direction":[-0.218118,-0.866273,0.449439],"extended":false,"handId":165,"id":1652,"length":53.4514,"mcpPosition":[35.4187,224.579,31.2706],"pipPosition":[24.0623,207.334,-1.16429],"stabilizedTipPosition":[14.0125,176.07,54.3225],"timeVisible":29.6148,"tipPosition":[19.2681,183.042,16.0837],"tipVelocity":[14.892,-81.2105,-219.357],"tool":false,"touchDistance":0.333333,"touchZone":"none","type":2,"width":15.6135},{"bases":[[[0.870764,-0.481583,-0.0992358],[0.387413,0.54768,0.741591],[-0.302788,-0.684196,0.663472]],[[0.887221,-0.440065,-0.138495],[0.314492,0.79655,-0.516337],[0.33754,0.414549,0.845113]],[[0.887221,-0.440065,-0.138495],[-0.310615,-0.347837,-0.884606],[0.34111,0.82786,-0.4453]],[[0.887221,-0.440065,-0.138495],[-0.455276,-0.786641,-0.417036],[0.074577,0.433057,-0.898276]]],"btipPosition":[31.5978,175.638,27.107],"carpPosition":[36.0444,178.48,69.5695],"dipPosition":[32.7093,182.092,13.7187],"direction":[-0.34111,-0.82786,0.4453],"extended":false,"handId":165,"id":1653,"length":51.395,"mcpPosition":[52.2775,215.161,33.9993],"pipPosition":[40.2472,200.386,3.87848],"stabilizedTipPosition":[26.8473,176.672,45.6517],"timeVisible":29.6148,"tipPosition":[31.623,178.146,20.4505],"tipVelocity":[25.7985,-77.7423,-213.149],"tool":false,"touchDistance":0.333333,"touchZone":"none","type":3,"width":14.8573},{"bases":[[[0.753805,-0.641363,-0.142938],[0.48985,0.403496,0.772812],[-0.437978,-0.652568,0.618329]],[[0.77091,-0.614433,-0.16784],[0.488223,0.739258,-0.463827],[0.409068,0.275625,0.869882]],[[0.77091,-0.614433,-0.16784],[-0.346373,-0.183268,-0.920021],[0.534531,0.767388,-0.354106]],[[0.77091,-0.614433,-0.16784],[-0.6032,-0.619633,-0.502199],[0.204568,0.488392,-0.848307]]],"btipPosition":[43.4609,176.735,27.1203],"carpPosition":[44.4158,170.812,65.154],"dipPosition":[46.2737,183.45,15.4562],"direction":[-0.534531,-0.767388,0.354106],"extended":false,"handId":165,"id":1654,"length":40.2927,"mcpPosition":[66.1518,203.198,34.4675],"pipPosition":[54.6136,195.423,9.93138],"stabilizedTipPosition":[40.7733,178.943,48.233],"timeVisible":29.6148,"tipPosition":[44.5806,178.983,22.0486],"tipVelocity":[21.8549,-76.9673,-222.139],"tool":false,"touchDistance":0.333333,"touchZone":"none","type":4,"width":13.1974}],"r":[[0.914646,0.400514,-0.0548758],[-0.395534,0.914675,0.0832022],[0.0835171,-0.0543953,0.995021]],"s":1.15346,"t":[-76.8156,99.3481,-21.6443],"timestamp":1132438037283},{"currentFrameRate":113.948,"devices":[],"gestures":[],"hands":[{"armBasis":[[0.950173,-0.0678797,-0.304242],[0.232835,0.80349,0.547897],[0.207264,-0.591435,0.77926]],"armWidth":53.0314,"confidence":1,"direction":[0.216192,0.81121,-0.543322],"elbow":[77.5812,16.6887,258.785],"grabAngle":2.86963,"grabStrength":0,"id":165,"palmNormal":[-0.15898,-0.519807,-0.83936],"palmPosition":[32.8899,204.13,37.9191],"palmVelocity":[17.4209,-50.7839,-230.965],"palmWidth":77.8763,"pinchDistance":45.3096,"pinchStrength":0.246588,"r":[[0.914172,0.401356,-0.056589],[-0.396499,0.914483,0.0806826],[0.0841321,-0.0513203,0.995132]],"s":1.14393,"sphereCenter":[37.5963,194.651,-0.82903],"sphereRadius":39.861,"stabilizedPalmPosition":[29.0756,206.247,66.1673],"t":[-76.6652,98.8935,-23.869],"timeVisible":29.6234,"type":"right","wrist":[29.6851,153.362,78.7079]}],"id":134502,"interactionBox":{"center":[0,200,0],"size":[235.247,235.247,147.751]},"pointables":[{"bases":[[[0.572019,0.515445,0.638052],[-0.788549,0.131434,0.600763],[0.225798,-0.846783,0.481637]],[[0.438758,0.804746,0.399844],[-0.865358,0.258478,0.429353],[0.242169,-0.53439,0.809803]],[[0.438758,0.804746,0.399844],[-0.895226,0.352903,0.272083],[0.077852,-0.477329,0.875269]],[[0.438758,0.804746,0.399844],[-0.896274,0.42394,0.130261],[-0.0646829,-0.415522,0.90728]]],"btipPosition":[-7.09261,209.737,-15.0788],"carpPosition":[4.16354,166.166,60.2627],"dipPosition":[-8.30018,201.98,1.85938],"direction":[-0.077852,0.477329,-0.875269],"extended":false,"handId":165,"id":1650,"length":41.5735,"mcpPosition":[4.16354,166.166,60.2627],"pipPosition":[-6.18274,188.997,25.6652],"stabilizedTipPosition":[-24.2382,204.934,21.3985],"timeVisible":29.6234,"tipPosition":[-14.9262,209.463,-8.67432],"tipVelocity":[223.043,-43.7183,-275.698],"tool":false,"touchDistance":-0.510783,"touchZone":"hovering","type":0,"width":16.6432},{"bases":[[[0.985944,-0.127834,-0.107577],[0.164842,0.639354,0.751035],[-0.0272275,-0.758211,0.65144]],[[0.985496,-0.13788,-0.0989261],[0.16786,0.877621,0.449005],[0.0249106,-0.459098,0.888036]],[[0.985496,-0.13788,-0.0989261],[0.148106,0.983405,0.104782],[0.0828371,-0.117914,0.989563]],[[0.985496,-0.13788,-0.0989261],[0.132734,0.989519,-0.0568717],[0.105731,0.0429159,0.993468]]],"btipPosition":[13.2763,245.61,-34.8539],"carpPosition":[15.4538,180.446,69.2192],"dipPosition":[14.7173,246.195,-21.3136],"direction":[-0.0828371,0.117914,-0.989563],"extended":true,"handId":165,"id":1651,"length":46.9111,"mcpPosition":[17.1682,228.188,28.2003],"pipPosition":[16.3145,243.922,-2.23396],"stabilizedTipPosition":[11.464,249.54,7.48622],"timeVisible":29.6234,"tipPosition":[15.8863,251.658,-29.1215],"tipVelocity":[-71.3082,-336.165,-294.027],"tool":false,"touchDistance":-0.544117,"touchZone":"hovering","type":1,"width":15.8976},{"bases":[[[0.930556,-0.336204,-0.145023],[0.328517,0.591737,0.736155],[-0.161683,-0.732676,0.661093]],[[0.933815,-0.320386,-0.159192],[0.199135,0.835158,-0.512696],[0.297211,0.447062,0.843683]],[[0.933815,-0.320386,-0.159192],[-0.281837,-0.384729,-0.878949],[0.220357,0.865642,-0.449563]],[[0.933815,-0.320386,-0.159192],[-0.357217,-0.810601,-0.464029],[0.0196269,0.490183,-0.871398]]],"btipPosition":[18.9206,180.004,20.2088],"carpPosition":[25.9865,180.427,68.8634],"dipPosition":[19.2148,187.352,7.14612],"direction":[-0.220357,-0.865642,0.449563],"extended":false,"handId":165,"id":1652,"length":53.4514,"mcpPosition":[35.641,224.177,29.3877],"pipPosition":[24.2134,206.988,-3.05171],"stabilizedTipPosition":[14.0129,176.07,54.3195],"timeVisible":29.6234,"tipPosition":[19.3534,182.758,14.0266],"tipVelocity":[9.96212,-39.9825,-219.836],"tool":false,"touchDistance":0.333333,"touchZone":"none","type":2,"width":15.6135},{"bases":[[[0.86919,-0.484004,-0.101236],[0.38884,0.542547,0.744612],[-0.30547,-0.686574,0.659776]],[[0.885943,-0.441963,-0.140616],[0.315277,0.796262,-0.516302],[0.340154,0.413081,0.844784]],[[0.885943,-0.441963,-0.140616],[-0.313526,-0.347293,-0.883793],[0.341769,0.827077,-0.446248]],[[0.885943,-0.441963,-0.140616],[-0.457889,-0.785272,-0.416755],[0.0737685,0.433608,-0.898077]]],"btipPosition":[31.691,175.226,25.2145],"carpPosition":[36.0895,177.88,67.4492],"dipPosition":[32.7905,181.689,11.8293],"direction":[-0.341769,-0.827077,0.446248],"extended":false,"handId":165,"id":1653,"length":51.395,"mcpPosition":[52.4664,214.689,32.0771],"pipPosition":[40.3429,199.966,1.96806],"stabilizedTipPosition":[26.8476,176.672,45.6505],"timeVisible":29.6234,"tipPosition":[31.6988,177.796,18.3879],"tipVelocity":[10.5109,-47.5875,-219.843],"tool":false,"touchDistance":0.333333,"touchZone":"none","type":3,"width":14.8573},{"bases":[[[0.751718,-0.643161,-0.145824],[0.490772,0.397859,0.775146],[-0.440526,-0.654257,0.614723]],[[0.768668,-0.616591,-0.170193],[0.489597,0.73837,-0.463793],[0.411636,0.273177,0.869443]],[[0.768668,-0.616591,-0.170193],[-0.349874,-0.182547,-0.918839],[0.535479,0.765828,-0.356047]],[[0.768668,-0.616591,-0.170193],[-0.606386,-0.617745,-0.500686],[0.203582,0.488064,-0.848733]]],"btipPosition":[43.5354,176.311,25.1928],"carpPosition":[44.4375,170.206,62.9989],"dipPosition":[46.3347,183.022,13.5228],"direction":[-0.535479,-0.765828,0.356047],"extended":false,"handId":165,"id":1654,"length":40.2927,"mcpPosition":[66.3,202.676,32.4914],"pipPosition":[54.6893,194.97,7.96765],"stabilizedTipPosition":[40.7735,178.943,48.2317],"timeVisible":29.6234,"tipPosition":[44.6483,178.589,19.9683],"tipVelocity":[8.29599,-49.3837,-224.165],"tool":false,"touchDistance":0.333333,"touchZone":"none","type":4,"width":13.1974}],"r":[[0.914172,0.401356,-0.056589],[-0.396499,0.914483,0.0806826],[0.0841321,-0.0513203,0.995132]],"s":1.14393,"t":[-76.6652,98.8935,-23.869],"timestamp":1132438045888},{"currentFrameRate":113.996,"devices":[],"gestures":[],"hands":[{"armBasis":[[0.942848,-0.0905802,-0.320675],[0.259962,0.801988,0.537806],[0.208463,-0.590433,0.7797]],"armWidth":53.0314,"confidence":1,"direction":[0.227808,0.811726,-0.537777],"elbow":[77.4807,16.0694,256.692],"grabAngle":2.92494,"grabStrength":0.0604086,"id":165,"palmNormal":[-0.180865,-0.507412,-0.842509],"palmPosition":[33.1114,203.509,36.0892],"palmVelocity":[25.5002,-71.385,-210.597],"palmWidth":77.8763,"pinchDistance":41.6247,"pinchStrength":0.361711,"r":[[0.915442,0.398038,-0.059421],[-0.392963,0.915936,0.0814898],[0.0868619,-0.0512489,0.994901]],"s":1.12883,"sphereCenter":[38.3579,193.481,-2.81389],"sphereRadius":39.7547,"stabilizedPalmPosition":[29.0756,206.247,66.1668],"t":[-76.4792,98.356,-25.8963],"timeVisible":29.6321,"type":"right","wrist":[29.3077,152.511,76.5138]}],"id":134503,"interactionBox":{"center":[0,200,0],"size":[235.247,235.247,147.751]},"pointables":[{"bases":[[[0.591222,0.495866,0.636061],[-0.778015,0.142877,0.611783],[0.212484,-0.856565,0.470263]],[[0.463378,0.788076,0.405237],[-0.856,0.279771,0.434733],[0.229229,-0.548328,0.804233]],[[0.463378,0.788076,0.405237],[-0.884347,0.381997,0.268346],[0.0566781,-0.482715,0.873941]],[[0.463378,0.788076,0.405237],[-0.881598,0.456315,0.120674],[-0.0898152,-0.413173,0.906212]]],"btipPosition":[-5.84811,210.24,-16.6431],"carpPosition":[3.8101,165.971,58.4044],"dipPosition":[-7.52489,202.527,0.275193],"direction":[-0.0566781,0.482715,-0.873941],"extended":false,"handId":165,"id":1650,"length":41.5735,"mcpPosition":[3.8101,165.971,58.4044],"pipPosition":[-5.98334,189.398,24.0449],"stabilizedTipPosition":[-24.1883,204.944,21.3039],"timeVisible":29.6321,"tipPosition":[-14.3475,210.224,-10.1086],"tipVelocity":[130.807,59.0476,-180.555],"tool":false,"touchDistance":-0.51157,"touchZone":"hovering","type":0,"width":16.6432},{"bases":[[[0.981428,-0.1488,-0.121071],[0.188348,0.627704,0.755323],[-0.0363949,-0.764099,0.644072]],[[0.981311,-0.151152,-0.119088],[0.187363,0.891582,0.412281],[0.0438595,-0.426889,0.90324]],[[0.981311,-0.151152,-0.119088],[0.153708,0.988037,0.0125333],[0.115769,-0.0306039,0.992805]],[[0.981311,-0.151152,-0.119088],[0.118917,0.962899,-0.242248],[0.151286,0.223559,0.962878]]],"btipPosition":[12.0222,240.187,-36.4124],"carpPosition":[15.5277,179.901,67.3634],"dipPosition":[14.0841,243.234,-23.289],"direction":[-0.115769,0.0306039,-0.992805],"extended":true,"handId":165,"id":1651,"length":46.9111,"mcpPosition":[17.8194,228.013,26.8084],"pipPosition":[16.3163,242.643,-4.14687],"stabilizedTipPosition":[11.4776,249.426,6.94647],"timeVisible":29.6321,"tipPosition":[15.3377,249.11,-31.0909],"tipVelocity":[-127.894,-559.05,-190.401],"tool":false,"touchDistance":-0.542855,"touchZone":"hovering","type":1,"width":15.8976},{"bases":[[[0.920902,-0.355477,-0.15992],[0.350714,0.576583,0.737938],[-0.170113,-0.735655,0.655647]],[[0.927485,-0.322827,-0.18856],[0.189378,0.840546,-0.507562],[0.322348,0.435047,0.840729]],[[0.927485,-0.322827,-0.18856],[-0.307882,-0.373425,-0.875078],[0.212086,0.869676,-0.445739]],[[0.927485,-0.322827,-0.18856],[-0.373859,-0.802622,-0.464787],[-0.00129646,0.501578,-0.865112]]],"btipPosition":[19.0244,179.603,18.48],"carpPosition":[26.0522,179.649,66.8769],"dipPosition":[19.005,187.122,5.5116],"direction":[-0.212086,-0.869676,0.445739],"extended":false,"handId":165,"id":1652,"length":53.4514,"mcpPosition":[36.2101,223.577,27.7263],"pipPosition":[23.8159,206.85,-4.59949],"stabilizedTipPosition":[14.0132,176.071,54.317],"timeVisible":29.6321,"tipPosition":[18.8155,182.638,12.2912],"tipVelocity":[3.64819,-41.5464,-196.465],"tool":false,"touchDistance":0.333333,"touchZone":"none","type":2,"width":15.6135},{"bases":[[[0.856755,-0.502308,-0.116864],[0.41001,0.525967,0.745151],[-0.312828,-0.686328,0.656576]],[[0.873972,-0.460249,-0.156025],[0.323133,0.790155,-0.520806],[0.362984,0.404753,0.839296]],[[0.873972,-0.460249,-0.156025],[-0.335052,-0.3381,-0.879448],[0.352013,0.820889,-0.449697]],[[0.873972,-0.460249,-0.156025],[-0.481013,-0.773488,-0.412726],[0.0692737,0.435761,-0.897392]]],"btipPosition":[31.1002,174.626,23.5105],"carpPosition":[36.0772,176.891,65.312],"dipPosition":[32.1326,181.12,10.1354],"direction":[-0.352013,-0.820889,0.449697],"extended":false,"handId":165,"id":1653,"length":51.395,"mcpPosition":[52.8486,213.686,30.1115],"pipPosition":[39.9114,199.26,0.19799],"stabilizedTipPosition":[26.8479,176.672,45.6484],"timeVisible":29.6321,"tipPosition":[31.0959,177.377,16.4237],"tipVelocity":[-69.7736,-68.2967,-195.847],"tool":false,"touchDistance":0.333333,"touchZone":"none","type":3,"width":14.8573},{"bases":[[[0.735189,-0.65832,-0.16159],[0.509017,0.378721,0.772963],[-0.44766,-0.650526,0.613528]],[[0.754647,-0.628284,-0.189121],[0.49174,0.732399,-0.470939],[0.434395,0.262394,0.861655]],[[0.754647,-0.628284,-0.189121],[-0.372041,-0.172321,-0.912081],[0.540456,0.75866,-0.363789]],[[0.754647,-0.628284,-0.189121],[-0.626896,-0.605342,-0.490472],[0.193673,0.488693,-0.850688]]],"btipPosition":[43.0638,175.405,23.3021],"carpPosition":[44.1952,169.078,60.6817],"dipPosition":[45.7268,182.125,11.6052],"direction":[-0.540456,-0.75866,0.363789],"extended":false,"handId":165,"id":1654,"length":40.2927,"mcpPosition":[66.4118,201.363,30.2334],"pipPosition":[54.1591,193.961,5.92931],"stabilizedTipPosition":[40.7737,178.942,48.2292],"timeVisible":29.6321,"tipPosition":[44.0614,177.874,17.8115],"tipVelocity":[-57.8813,-104.026,-218.305],"tool":false,"touchDistance":0.333333,"touchZone":"none","type":4,"width":13.1974}],"r":[[0.915442,0.398038,-0.059421],[-0.392963,0.915936,0.0814898],[0.0868619,-0.0512489,0.994901]],"s":1.12883,"t":[-76.4792,98.356,-25.8963],"timestamp":1132438054577},{"currentFrameRate":114.068,"devices":[],"gestures":[],"hands":[{"armBasis":[[0.94626,-0.0807173,-0.313171],[0.247653,0.803619,0.541169],[0.207989,-0.589645,0.780423]],"armWidth":53.0314,"confidence":1,"direction":[0.225438,0.818647,-0.528199],"elbow":[77.4184,14.9868,255.062],"grabAngle":2.96299,"grabStrength":0.153459,"id":165,"palmNormal":[-0.167281,-0.501579,-0.848785],"palmPosition":[33.0616,202.594,34.7382],"palmVelocity":[-5.76002,-105.86,-156.295],"palmWidth":77.8763,"pinchDistance":38.0747,"pinchStrength":0.490589,"r":[[0.915809,0.397243,-0.0590904],[-0.392059,0.916194,0.0829317],[0.0870823,-0.0527827,0.994802]],"s":1.10939,"sphereCenter":[39.3152,192.535,-3.98365],"sphereRadius":39.3093,"stabilizedPalmPosition":[29.0758,206.247,66.1652],"t":[-76.4111,97.6298,-27.5855],"timeVisible":29.6408,"type":"right","wrist":[29.355,151.246,74.7165]}],"id":134504,"interactionBox":{"center":[0,200,0],"size":[235.247,235.247,147.751]},"pointables":[{"bases":[[[0.579828,0.495817,0.646502],[-0.785602,0.12993,0.604936],[0.215937,-0.858652,0.464852]],[[0.452548,0.787393,0.418584],[-0.865493,0.274785,0.418825],[0.214759,-0.55182,0.805837]],[[0.452548,0.787393,0.418584],[-0.891215,0.383255,0.242593],[0.030592,-0.482834,0.875178]],[[0.452548,0.787393,0.418584],[-0.881677,0.465405,0.0777493],[-0.133592,-0.404241,0.904844]]],"btipPosition":[-3.61526,208.834,-18.7076],"carpPosition":[3.89797,164.579,56.4164],"dipPosition":[-6.10931,201.287,-1.81491],"direction":[-0.030592,0.482834,-0.875178],"extended":false,"handId":165,"id":1650,"length":41.5735,"mcpPosition":[3.89797,164.579,56.4164],"pipPosition":[-5.27726,188.154,21.9884],"stabilizedTipPosition":[-24.0803,204.956,21.1088],"timeVisible":29.6408,"tipPosition":[-12.9666,209.041,-12.1919],"tipVelocity":[236.566,-158.31,-239.522],"tool":false,"touchDistance":-0.519803,"touchZone":"hovering","type":0,"width":16.6432},{"bases":[[[0.984015,-0.138283,-0.112216],[0.174493,0.62271,0.762748],[-0.0355972,-0.770136,0.636886]],[[0.984322,-0.130569,-0.118585],[0.165954,0.91332,0.371896],[0.0597479,-0.385745,0.920669]],[[0.984322,-0.130569,-0.118585],[0.124027,0.990402,-0.0609955],[0.125411,0.0453315,0.991069]],[[0.984322,-0.130569,-0.118585],[0.0782297,0.925751,-0.369953],[0.158084,0.354876,0.921451]]],"btipPosition":[11.0087,234.542,-37.7036],"carpPosition":[15.3875,178.54,65.6189],"dipPosition":[13.1632,239.378,-25.1448],"direction":[-0.125411,-0.0453315,-0.991069],"extended":true,"handId":165,"id":1651,"length":46.9111,"mcpPosition":[17.6289,227.032,25.5164],"pipPosition":[15.5813,240.252,-6.03616],"stabilizedTipPosition":[11.4786,248.908,5.37534],"timeVisible":29.6408,"tipPosition":[14.5589,245.475,-32.8471],"tipVelocity":[-114.792,-605.429,-164.399],"tool":false,"touchDistance":-0.538219,"touchZone":"hovering","type":1,"width":15.8976},{"bases":[[[0.925897,-0.345178,-0.153514],[0.337516,0.573308,0.746593],[-0.169697,-0.743082,0.647327]],[[0.932505,-0.311926,-0.182034],[0.185036,0.845488,-0.500911],[0.310155,0.433419,0.846139]],[[0.932505,-0.311926,-0.182034],[-0.296153,-0.37195,-0.879742],[0.206707,0.874274,-0.439223]],[[0.932505,-0.311926,-0.182034],[-0.361154,-0.803298,-0.473583],[0.00149518,0.507361,-0.861733]]],"btipPosition":[19.4146,178.663,16.9327],"carpPosition":[25.9183,178.393,65.2392],"dipPosition":[19.4371,186.268,4.0149],"direction":[-0.206707,-0.874274,0.439223],"extended":false,"handId":165,"id":1652,"length":53.4514,"mcpPosition":[36.0514,222.765,26.5855],"pipPosition":[24.126,206.1,-5.94839],"stabilizedTipPosition":[14.0139,176.071,54.3118],"timeVisible":29.6408,"tipPosition":[19.2159,181.785,10.6468],"tipVelocity":[46.2563,-106.523,-177.661],"tool":false,"touchDistance":0.333333,"touchZone":"none","type":2,"width":15.6135},{"bases":[[[0.862738,-0.492996,-0.112422],[0.397223,0.523201,0.753972],[-0.312885,-0.695137,0.647215]],[[0.879947,-0.450425,-0.15103],[0.31966,0.796548,-0.513155],[0.351441,0.403271,0.844903]],[[0.879947,-0.450425,-0.15103],[-0.324026,-0.336552,-0.884161],[0.347419,0.826952,-0.442097]],[[0.879947,-0.450425,-0.15103],[-0.469328,-0.774925,-0.423346],[0.0736492,0.443405,-0.89329]]],"btipPosition":[31.4589,173.757,22.0252],"carpPosition":[35.9851,175.745,63.7538],"dipPosition":[32.5566,180.366,8.71134],"direction":[-0.347419,-0.826952,0.442097],"extended":false,"handId":165,"id":1653,"length":51.395,"mcpPosition":[52.7596,213.013,29.0552],"pipPosition":[40.2338,198.64,-1.05815],"stabilizedTipPosition":[26.8486,176.672,45.6447],"timeVisible":29.6408,"tipPosition":[31.5035,176.607,14.8633],"tipVelocity":[43.2333,-97.399,-170.194],"tool":false,"touchDistance":0.333333,"touchZone":"none","type":3,"width":14.8573},{"bases":[[[0.743155,-0.649762,-0.159781],[0.497361,0.37667,0.781506],[-0.447608,-0.660249,0.603091]],[[0.760914,-0.622093,-0.184419],[0.491113,0.737929,-0.462891],[0.42405,0.261649,0.867019]],[[0.760914,-0.622093,-0.184419],[-0.361844,-0.170913,-0.916437],[0.53859,0.764061,-0.355151]],[[0.760914,-0.622093,-0.184419],[-0.617405,-0.606763,-0.500649],[0.199551,0.494812,-0.845778]]],"btipPosition":[43.3317,174.715,21.9238],"carpPosition":[44.2256,168.053,59.139],"dipPosition":[46.0755,181.519,10.2944],"direction":[-0.53859,-0.764061,0.355151],"extended":false,"handId":165,"id":1654,"length":40.2927,"mcpPosition":[66.4396,200.82,29.2086],"pipPosition":[54.4787,193.44,4.75328],"stabilizedTipPosition":[40.7741,178.942,48.2255],"timeVisible":29.6408,"tipPosition":[44.4422,177.221,16.3753],"tipVelocity":[33.1437,-77.6158,-157.657],"tool":false,"touchDistance":0.333333,"touchZone":"none","type":4,"width":13.1974}],"r":[[0.915809,0.397243,-0.0590904],[-0.392059,0.916194,0.0829317],[0.0870823,-0.0527827,0.994802]],"s":1.10939,"t":[-76.4111,97.6298,-27.5855],"timestamp":1132438063221},{"currentFrameRate":114.085,"devices":[],"gestures":[],"hands":[{"armBasis":[[0.944956,-0.0840199,-0.316225],[0.25181,0.803861,0.538887],[0.208924,-0.588853,0.780771]],"armWidth":53.0314,"confidence":1,"direction":[0.224223,0.823771,-0.520697],"elbow":[77.5029,13.8323,253.406],"grabAngle":2.9908,"grabStrength":0.242476,"id":165,"palmNormal":[-0.170853,-0.492798,-0.853205],"palmPosition":[32.8423,201.583,33.4312],"palmVelocity":[-25.1096,-115.72,-149.611],"palmWidth":77.8763,"pinchDistance":33.8422,"pinchStrength":0.615475,"r":[[0.916127,0.396567,-0.0586967],[-0.391114,0.916293,0.0862329],[0.0879805,-0.0560432,0.994544]],"s":1.08646,"sphereCenter":[39.3389,191.617,-5.11977],"sphereRadius":38.7594,"stabilizedPalmPosition":[29.0763,206.246,66.161],"t":[-76.4867,96.7612,-29.0835],"timeVisible":29.6495,"type":"right","wrist":[29.2233,149.908,72.9798]}],"id":134505,"interactionBox":{"center":[0,200,0],"size":[235.247,235.247,147.751]},"pointables":[{"bases":[[[0.582646,0.488736,0.649354],[-0.783254,0.124457,0.609118],[0.216881,-0.863509,0.455319]],[[0.455943,0.781051,0.426702],[-0.866144,0.279117,0.414594],[0.20472,-0.558617,0.803764]],[[0.455943,0.781051,0.426702],[-0.889953,0.394708,0.228452],[0.0100099,-0.483905,0.875063]],[[0.455943,0.781051,0.426702],[-0.873396,0.484858,0.0457458],[-0.17116,-0.393537,0.903235]]],"btipPosition":[-2.09845,207.749,-20.1721],"carpPosition":[3.72471,163.375,54.8302],"dipPosition":[-5.29386,200.402,-3.30948],"direction":[-0.0100099,0.483905,-0.875063],"extended":false,"handId":165,"id":1650,"length":41.5735,"mcpPosition":[3.72471,163.375,54.8302],"pipPosition":[-5.02161,187.241,20.4907],"stabilizedTipPosition":[-23.9058,204.965,20.8016],"timeVisible":29.6495,"tipPosition":[-12.1934,208.271,-13.5952],"tipVelocity":[155.163,-118.858,-168.434],"tool":false,"touchDistance":-0.518228,"touchZone":"hovering","type":0,"width":16.6432},{"bases":[[[0.983471,-0.137979,-0.117244],[0.177855,0.61479,0.768375],[-0.0339394,-0.776527,0.629169]],[[0.983998,-0.119663,-0.13202],[0.157637,0.930031,0.331954],[0.0830603,-0.347453,0.934011]],[[0.983998,-0.119663,-0.13202],[0.099492,0.983661,-0.150038],[0.147817,0.134502,0.979826]],[[0.983998,-0.119663,-0.13202],[0.0462795,0.887144,-0.459167],[0.172066,0.44571,0.878485]]],"btipPosition":[9.35574,229.367,-38.3601],"carpPosition":[15.2605,177.232,64.1314],"dipPosition":[11.7009,235.441,-26.387],"direction":[-0.147817,-0.134502,-0.979826],"extended":false,"handId":165,"id":1651,"length":46.9111,"mcpPosition":[17.3975,226.127,24.5148],"pipPosition":[14.5509,238.035,-7.49508],"stabilizedTipPosition":[11.3602,247.551,2.30943],"timeVisible":29.6495,"tipPosition":[13.127,241.755,-34.1107],"tipVelocity":[-184.19,-559.789,-90.5728],"tool":false,"touchDistance":-0.524599,"touchZone":"hovering","type":1,"width":15.8976},{"bases":[[[0.925018,-0.344394,-0.160423],[0.340774,0.565415,0.751119],[-0.167975,-0.749466,0.640379]],[[0.93183,-0.30916,-0.190035],[0.181408,0.850376,-0.493914],[0.3143,0.42577,0.84849]],[[0.93183,-0.30916,-0.190035],[-0.300573,-0.364085,-0.881532],[0.203345,0.878557,-0.432191]],[[0.93183,-0.30916,-0.190035],[-0.362882,-0.798351,-0.480575],[-0.00314015,0.516775,-0.856116]]],"btipPosition":[19.1696,177.787,15.4856],"carpPosition":[25.7897,177.08,63.7113],"dipPosition":[19.1225,185.533,2.65201],"direction":[-0.203345,-0.878557,0.432191],"extended":false,"handId":165,"id":1652,"length":53.4514,"mcpPosition":[35.82,221.833,25.4725],"pipPosition":[23.7352,205.462,-7.15176],"stabilizedTipPosition":[14.015,176.072,54.3033],"timeVisible":29.6495,"tipPosition":[18.8911,181.022,9.20219],"tipVelocity":[-29.8777,-96.5552,-163.431],"tool":false,"touchDistance":0.333333,"touchZone":"none","type":2,"width":15.6135},{"bases":[[[0.861878,-0.492567,-0.1206],[0.400463,0.515185,0.757769],[-0.311121,-0.7014,0.641281]],[[0.878983,-0.449622,-0.158837],[0.317866,0.800758,-0.507689],[0.355458,0.395762,0.846772]],[[0.878983,-0.449622,-0.158837],[-0.328368,-0.329179,-0.885334],[0.34578,0.83035,-0.436984]],[[0.878983,-0.449622,-0.158837],[-0.471552,-0.770042,-0.429737],[0.070908,0.452631,-0.888874]]],"btipPosition":[31.1616,172.842,20.5062],"carpPosition":[35.8486,174.439,62.162],"dipPosition":[32.2185,179.588,7.25807],"direction":[-0.34578,-0.83035,0.436984],"extended":false,"handId":165,"id":1653,"length":51.395,"mcpPosition":[52.5285,212.043,27.7815],"pipPosition":[39.8595,197.937,-2.39843],"stabilizedTipPosition":[26.8496,176.672,45.6386],"timeVisible":29.6495,"tipPosition":[31.189,175.793,13.3224],"tipVelocity":[-35.0986,-101.186,-172.156],"tool":false,"touchDistance":0.333333,"touchZone":"none","type":3,"width":14.8573},{"bases":[[[0.741981,-0.648743,-0.169105],[0.500571,0.368297,0.783445],[-0.445974,-0.665951,0.598011]],[[0.758504,-0.622784,-0.191864],[0.49129,0.739919,-0.459516],[0.428143,0.254283,0.867199]],[[0.758504,-0.622784,-0.191864],[-0.366008,-0.163532,-0.916131],[0.539176,0.765112,-0.351984]],[[0.758504,-0.622784,-0.191864],[-0.62075,-0.600878,-0.503603],[0.198349,0.501084,-0.842361]]],"btipPosition":[42.9821,173.837,20.3744],"carpPosition":[44.0651,166.786,57.439],"dipPosition":[45.7094,180.727,8.79206],"direction":[-0.539176,-0.765112,0.351984],"extended":false,"handId":165,"id":1654,"length":40.2927,"mcpPosition":[66.198,199.836,27.7608],"pipPosition":[54.1217,192.664,3.30035],"stabilizedTipPosition":[40.7747,178.941,48.2195],"timeVisible":29.6495,"tipPosition":[44.1293,176.382,14.7879],"tipVelocity":[-40.4549,-98.2499,-176.112],"tool":false,"touchDistance":0.333333,"touchZone":"none","type":4,"width":13.1974}],"r":[[0.916127,0.396567,-0.0586967],[-0.391114,0.916293,0.0862329],[0.0879805,-0.0560432,0.994544]],"s":1.08646,"t":[-76.4867,96.7612,-29.0835],"timestamp":1132438071957},{"currentFrameRate":114.156,"devices":[],"gestures":[],"hands":[{"armBasis":[[0.944831,-0.0835619,-0.316719],[0.251685,0.804033,0.538689],[0.209639,-0.588684,0.780707]],"armWidth":53.0314,"confidence":1,"direction":[0.220815,0.825586,-0.519277],"elbow":[77.6379,12.6983,252.008],"grabAngle":3.01588,"grabStrength":0.319028,"id":165,"palmNormal":[-0.172133,-0.491073,-0.853943],"palmPosition":[32.6065,200.5,32.1495],"palmVelocity":[-27.2905,-125.4,-148.366],"palmWidth":77.8763,"pinchDistance":29.8144,"pinchStrength":0.730143,"r":[[0.916163,0.396484,-0.0587069],[-0.390734,0.916137,0.0895528],[0.0892898,-0.0591061,0.99425]],"s":1.06144,"sphereCenter":[39.1494,190.563,-6.05296],"sphereRadius":38.1006,"stabilizedPalmPosition":[29.0774,206.245,66.1511],"t":[-76.6424,95.7852,-30.4735],"timeVisible":29.6581,"type":"right","wrist":[29.1931,148.735,71.5973]}],"id":134506,"interactionBox":{"center":[0,200,0],"size":[235.247,235.247,147.751]},"pointables":[{"bases":[[[0.583352,0.488482,0.648911],[-0.781803,0.121108,0.611651],[0.220192,-0.864128,0.452545]],[[0.457078,0.778531,0.43008],[-0.867717,0.284141,0.407837],[0.195311,-0.559601,0.805419]],[[0.457078,0.778531,0.43008],[-0.889371,0.405451,0.211254],[-0.00990877,-0.47906,0.877726]],[[0.457078,0.778531,0.43008],[-0.865143,0.501386,0.0118427],[-0.206416,-0.377493,0.902713]]],"btipPosition":[-0.581902,206.156,-21.5999],"carpPosition":[3.6393,162.17,53.5358],"dipPosition":[-4.43552,199.108,-4.747],"direction":[0.00990877,0.47906,-0.877726],"extended":false,"handId":165,"id":1650,"length":41.5735,"mcpPosition":[3.6393,162.17,53.5358],"pipPosition":[-4.70502,186.078,19.1256],"stabilizedTipPosition":[-23.6145,204.959,20.3015],"timeVisible":29.6581,"tipPosition":[-11.3765,206.911,-15.0555],"tipVelocity":[158.023,-176.509,-165.531],"tool":false,"touchDistance":-0.516189,"touchZone":"hovering","type":0,"width":16.6432},{"bases":[[[0.983453,-0.135384,-0.120384],[0.178608,0.613292,0.769397],[-0.0303339,-0.778167,0.627324]],[[0.983904,-0.106865,-0.143221],[0.145142,0.945451,0.291645],[0.104242,-0.307738,0.945744]],[[0.983904,-0.106865,-0.143221],[0.069884,0.967755,-0.242006],[0.164465,0.228102,0.959646]],[[0.983904,-0.106865,-0.143221],[0.0131717,0.842666,-0.538275],[0.17821,0.527725,0.83051]]],"btipPosition":[7.90675,223.986,-38.8958],"carpPosition":[15.1691,176.031,62.8387],"dipPosition":[10.3356,231.178,-27.5765],"direction":[-0.164465,-0.228102,-0.959646],"extended":false,"handId":165,"id":1651,"length":46.9111,"mcpPosition":[17.0792,225.029,23.3382],"pipPosition":[13.5067,235.576,-9.07369],"stabilizedTipPosition":[11.0415,245.139,-1.94011],"timeVisible":29.6581,"tipPosition":[11.6997,237.479,-35.4668],"tipVelocity":[-165.496,-593.117,-79.4131],"tool":false,"touchDistance":-0.510763,"touchZone":"touching","type":1,"width":15.8976},{"bases":[[[0.925358,-0.341827,-0.163911],[0.341592,0.564341,0.751555],[-0.1644,-0.751448,0.638983]],[[0.932154,-0.305546,-0.194243],[0.176078,0.851339,-0.494185],[0.316363,0.426455,0.847379]],[[0.932154,-0.305546,-0.194243],[-0.303109,-0.365137,-0.880227],[0.198025,0.879384,-0.432978]],[[0.932154,-0.305546,-0.194243],[-0.361962,-0.799042,-0.48012],[-0.00850955,0.517854,-0.855427]]],"btipPosition":[18.9858,176.669,14.2962],"carpPosition":[25.6974,175.905,62.3883],"dipPosition":[18.8582,184.432,1.47296],"direction":[-0.198025,-0.879384,0.432978],"extended":false,"handId":165,"id":1652,"length":53.4514,"mcpPosition":[35.5142,220.776,24.2328],"pipPosition":[23.3502,204.379,-8.34866],"stabilizedTipPosition":[14.0172,176.073,54.2839],"timeVisible":29.6581,"tipPosition":[18.6371,179.954,7.93824],"tipVelocity":[-23.4252,-128.979,-137.4],"tool":false,"touchDistance":0.333333,"touchZone":"none","type":2,"width":15.6135},{"bases":[[[0.862678,-0.490246,-0.124279],[0.401417,0.514235,0.75791],[-0.307654,-0.70372,0.640412]],[[0.879574,-0.447166,-0.162457],[0.313856,0.801995,-0.50823],[0.357553,0.396038,0.84576]],[[0.879574,-0.447166,-0.162457],[-0.331107,-0.330143,-0.883953],[0.34164,0.831293,-0.438445]],[[0.879574,-0.447166,-0.162457],[-0.470992,-0.770184,-0.430097],[0.0672034,0.454818,-0.888045]]],"btipPosition":[30.9572,171.755,19.2506],"carpPosition":[35.7581,173.291,60.8038],"dipPosition":[31.9589,178.534,6.01483],"direction":[-0.34164,-0.831293,0.438445],"extended":false,"handId":165,"id":1653,"length":51.395,"mcpPosition":[52.2521,211.019,26.4699],"pipPosition":[39.5085,196.904,-3.67395],"stabilizedTipPosition":[26.8515,176.67,45.6257],"timeVisible":29.6581,"tipPosition":[30.9576,174.747,12.0086],"tipVelocity":[-25.129,-124.903,-145.011],"tool":false,"touchDistance":0.333333,"touchZone":"none","type":3,"width":14.8573},{"bases":[[[0.743009,-0.646581,-0.172831],[0.50194,0.367518,0.782935],[-0.442713,-0.668478,0.597614]],[[0.758402,-0.622201,-0.194144],[0.489181,0.740203,-0.461305],[0.430731,0.254883,0.86574]],[[0.758402,-0.622201,-0.194144],[-0.369264,-0.164712,-0.914611],[0.537094,0.765334,-0.354675]],[[0.758402,-0.622201,-0.194144],[-0.621728,-0.601176,-0.502037],[0.195653,0.501451,-0.842773]]],"btipPosition":[42.7306,172.82,19.0823],"carpPosition":[43.9789,165.67,56.0384],"dipPosition":[45.4208,179.715,7.49427],"direction":[-0.537094,-0.765334,0.354674],"extended":false,"handId":165,"id":1654,"length":40.2927,"mcpPosition":[65.95,198.845,26.3799],"pipPosition":[53.8007,191.656,1.96058],"stabilizedTipPosition":[40.7756,178.94,48.2077],"timeVisible":29.6581,"tipPosition":[43.8958,175.366,13.4299],"tipVelocity":[-30.1007,-117.534,-149.719],"tool":false,"touchDistance":0.333333,"touchZone":"none","type":4,"width":13.1974}],"r":[[0