{"frames":61,"data":[{"currentFrameRate":57.6687,"devices":[],"gestures":[],"hands":[{"armBasis":[[0.929758,-0.18306,-0.319436],[0.330954,0.795689,0.507296],[0.161306,-0.577381,0.800382]],"armWidth":53.0314,"confidence":1,"direction":[0.329429,0.839675,-0.431767],"elbow":[77.4184,43.2048,287.745],"grabAngle":1.51377,"grabStrength":0.257187,"id":165,"palmNormal":[-0.177274,-0.394155,-0.901785],"palmPosition":[50.3107,230.313,67.5396],"palmVelocity":[-4.34119,-1.65259,0.889973],"palmWidth":77.8763,"pinchDistance":75.714,"pinchStrength":0,"r":[[0.953033,0.302467,0.015548],[-0.300684,0.938765,0.168255],[0.0362955,-0.165027,0.985621]],"s":1.21401,"sphereCenter":[49.3392,243.448,31.1782],"sphereRadius":45.7225,"stabilizedPalmPosition":[47.599,235.386,70.267],"t":[-59.0162,124.692,3.53193],"timeVisible":15.1239,"type":"right","wrist":[40.1427,176.63,102.787]}],"id":133623,"interactionBox":{"center":[0,200,0],"size":[235.247,235.247,147.751]},"pointables":[{"bases":[[[0.59602,0.366049,0.714681],[-0.795642,0.149259,0.58709],[0.108231,-0.918548,0.380205]],[[0.438245,0.810915,0.387759],[-0.832557,0.203602,0.515166],[0.338807,-0.548601,0.764361]],[[0.438245,0.810915,0.387759],[-0.875729,0.287971,0.38752],[0.202582,-0.509401,0.836344]],[[0.438245,0.810915,0.387759],[-0.896028,0.359935,0.259962],[0.0712391,-0.46137,0.884343]]],"btipPosition":[-4.75478,239.445,12.1846],"carpPosition":[16.5601,193.538,84.0977],"dipPosition":[-3.42481,230.831,28.6946],"direction":[-0.202582,0.509401,-0.836344],"extended":true,"handId":165,"id":1650,"length":41.5735,"mcpPosition":[16.5601,193.538,84.0977],"pipPosition":[2.08508,216.977,51.4417],"stabilizedTipPosition":[-7.76637,237.924,18.9137],"timeVisible":15.1239,"tipPosition":[-5.86909,238.763,17.399],"tipVelocity":[-0.850198,-4.97257,-0.458256],"tool":false,"touchDistance":0.0374346,"touchZone":"hovering","type":0,"width":16.6432},{"bases":[[[0.969535,-0.227328,-0.0912312],[0.200388,0.521889,0.829142],[-0.140875,-0.822164,0.551544]],[[0.969051,-0.230124,-0.0893544],[0.176661,0.393633,0.902133],[-0.172429,-0.889998,0.422105]],[[0.969051,-0.230124,-0.0893544],[0.240968,0.80315,0.544871],[-0.0536229,-0.54954,0.833745]],[[0.969051,-0.230124,-0.0893544],[0.230196,0.973097,-0.00963193],[0.089167,-0.0112352,0.995953]]],"btipPosition":[43.5439,298.265,16.2595],"carpPosition":[28.9455,205.246,95.1039],"dipPosition":[44.7592,298.112,29.8336],"direction":[0.0536229,0.54954,-0.833745],"extended":true,"handId":165,"id":1651,"length":46.9111,"mcpPosition":[37.8159,257.015,60.3751],"pipPosition":[43.7253,287.516,45.909],"stabilizedTipPosition":[41.6561,304.112,21.6506],"timeVisible":15.1239,"tipPosition":[45.1356,300.459,20.4889],"tipVelocity":[3.22621,15.5267,4.92214],"tool":false,"touchDistance":0.209695,"touchZone":"hovering","type":1,"width":15.8976},{"bases":[[[0.893127,-0.421932,-0.15588],[0.358273,0.457766,0.813689],[-0.271965,-0.782575,0.56001]],[[0.8795,-0.4579,-0.129645],[0.303921,0.330794,0.893425],[-0.366213,-0.825169,0.430099]],[[0.8795,-0.4579,-0.129645],[0.454425,0.727142,0.51455],[-0.141342,-0.511461,0.847603]],[[0.8795,-0.4579,-0.129645],[0.457477,0.88854,-0.0348005],[0.13113,-0.0287024,0.99095]]],"btipPosition":[70.9773,294.54,11.024],"carpPosition":[39.4162,204.051,95.0827],"dipPosition":[72.943,294.11,25.8788],"direction":[0.141342,0.511461,-0.847603],"extended":true,"handId":165,"id":1652,"length":53.4514,"mcpPosition":[55.656,250.78,61.6429],"pipPosition":[69.7368,282.508,45.1057],"stabilizedTipPosition":[72.2343,297.172,15.162],"timeVisible":15.1239,"tipPosition":[72.9087,296.178,15.7005],"tipVelocity":[11.311,9.48867,7.93435],"tool":false,"touchDistance":-0.244926,"touchZone":"touching","type":2,"width":15.6135},{"bases":[[[0.813804,-0.565795,-0.132663],[0.412316,0.401271,0.81791],[-0.409536,-0.720318,0.559842]],[[0.810068,-0.572285,-0.127596],[0.514891,0.590207,0.621725],[-0.280496,-0.569338,0.772772]],[[0.810068,-0.572285,-0.127596],[0.50719,0.793115,-0.337233],[0.294192,0.208466,0.932734]],[[0.810068,-0.572285,-0.127596],[0.274705,0.562684,-0.779694],[0.518003,0.596554,0.613022]]],"btipPosition":[66.9597,245.95,6.38041],"carpPosition":[49.228,200.538,93.6856],"dipPosition":[74.6802,254.841,15.5171],"direction":[-0.294192,-0.208466,-0.932734],"extended":false,"handId":165,"id":1653,"length":51.395,"mcpPosition":[71.184,239.156,63.6712],"pipPosition":[81.1813,259.448,36.1287],"stabilizedTipPosition":[67.9492,246.557,8.104],"timeVisible":15.1239,"tipPosition":[70.3027,250.261,8.3903],"tipVelocity":[19.6083,23.0324,1.26035],"tool":false,"touchDistance":0.22984,"touchZone":"hovering","type":3,"width":14.8573},{"bases":[[[0.681547,-0.703833,-0.200283],[0.49606,0.243159,0.833545],[-0.537976,-0.667452,0.514868]],[[0.65721,-0.732526,-0.177429],[0.727711,0.555415,0.40243],[-0.196243,-0.393598,0.898092]],[[0.65721,-0.732526,-0.177429],[0.534551,0.618971,-0.575439],[0.531348,0.283339,0.798366]],[[0.65721,-0.732526,-0.177429],[0.174051,0.376548,-0.9099],[0.733336,0.567113,0.374968]]],"btipPosition":[70.7273,224.543,20.0922],"carpPosition":[56.8667,192.536,88.588],"dipPosition":[80.8106,232.341,25.248],"direction":[-0.531348,-0.283339,-0.798366],"extended":false,"handId":165,"id":1654,"length":40.2927,"mcpPosition":[83.5655,225.66,63.0361],"pipPosition":[89.1008,236.762,37.7043],"stabilizedTipPosition":[74.4608,228.608,20.8488],"timeVisible":15.1239,"tipPosition":[79.2131,230.921,20.1182],"tipVelocity":[-0.733565,1.63831,-1.10819],"tool":false,"touchDistance":0.131534,"touchZone":"hovering","type":4,"width":13.1974}],"r":[[0.953033,0.302467,0.015548],[-0.300684,0.938765,0.168255],[0.0362955,-0.165027,0.985621]],"s":1.21401,"t":[-59.0162,124.692,3.53193],"timestamp":1132423546362},{"currentFrameRate":57.6534,"devices":[],"gestures":[],"hands":[{"armBasis":[[0.929509,-0.183423,-0.319953],[0.330951,0.797674,0.504171],[0.162741,-0.57452,0.802149]],"armWidth":53.0314,"confidence":1,"direction":[0.329081,0.840017,-0.431367],"elbow":[77.7056,43.7915,288.124],"grabAngle":1.5018,"grabStrength":0.246866,"id":165,"palmNormal":[-0.176652,-0.393984,-0.901982],"palmPosition":[50.2344,230.235,67.5056],"palmVelocity":[-4.38782,-4.48481,-1.95996],"palmWidth":77.8763,"pinchDistance":75.72,"pinchStrength":0,"r":[[0.952876,0.302941,0.0159245],[-0.301163,0.938369,0.169599],[0.0364355,-0.166403,0.985384]],"s":1.21551,"sphereCenter":[49.5622,243.312,31.1029],"sphereRadius":45.7937,"stabilizedPalmPosition":[47.616,235.353,70.2492],"t":[-59.0932,124.618,3.51231],"timeVisible":15.1413,"type":"right","wrist":[40.0982,176.556,102.758]}],"id":133624,"interactionBox":{"center":[0,200,0],"size":[235.247,235.247,147.751]},"pointables":[{"bases":[[[0.595493,0.366199,0.715043],[-0.795979,0.148576,0.586807],[0.10865,-0.918599,0.379963]],[[0.437742,0.810843,0.388479],[-0.832557,0.202424,0.515629],[0.339457,-0.549143,0.763682]],[[0.437742,0.810843,0.388479],[-0.876168,0.287739,0.3867],[0.201772,-0.509647,0.83639]],[[0.437742,0.810843,0.388479],[-0.896331,0.359671,0.259281],[0.0705117,-0.461704,0.884227]]],"btipPosition":[-4.80703,239.377,12.1549],"carpPosition":[16.4999,193.434,84.0381],"dipPosition":[-3.49063,230.757,28.6627],"direction":[-0.201772,0.509647,-0.83639],"extended":true,"handId":165,"id":1650,"length":41.5735,"mcpPosition":[16.4999,193.434,84.0381],"pipPosition":[1.99722,216.895,51.411],"stabilizedTipPosition":[-7.74131,237.92,18.8909],"timeVisible":15.1413,"tipPosition":[-5.92645,238.663,17.3409],"tipVelocity":[-3.18282,-4.00531,-1.73696],"tool":false,"touchDistance":0.036931,"touchZone":"hovering","type":0,"width":16.6432},{"bases":[[[0.969716,-0.226691,-0.0908995],[0.199716,0.521755,0.829388],[-0.140588,-0.822425,0.551228]],[[0.969114,-0.230157,-0.0885745],[0.175793,0.392824,0.902655],[-0.172958,-0.890347,0.421151]],[[0.969114,-0.230157,-0.0885745],[0.240166,0.799222,0.550967],[-0.0560179,-0.555222,0.829813]],[[0.969114,-0.230157,-0.0885745],[0.231879,0.972698,0.00952924],[0.083963,-0.0297735,0.996024]]],"btipPosition":[43.589,298.555,16.3361],"carpPosition":[28.8735,205.146,95.0531],"dipPosition":[44.7334,298.15,29.9112],"direction":[0.0560179,0.555222,-0.829813],"extended":true,"handId":165,"id":1651,"length":46.9111,"mcpPosition":[37.7258,256.931,60.3441],"pipPosition":[43.6533,287.444,45.9107],"stabilizedTipPosition":[41.6801,304.05,21.6267],"timeVisible":15.1413,"tipPosition":[45.0085,300.35,20.4521],"tipVelocity":[1.65557,13.3627,4.41549],"tool":false,"touchDistance":0.210975,"touchZone":"hovering","type":1,"width":15.8976},{"bases":[[[0.893456,-0.421322,-0.155641],[0.357648,0.457736,0.813981],[-0.271706,-0.782921,0.559652]],[[0.879254,-0.458732,-0.128363],[0.302389,0.32929,0.894499],[-0.368067,-0.825308,0.428245]],[[0.879254,-0.458732,-0.128363],[0.453454,0.723481,0.520533],[-0.145917,-0.515888,0.844137]],[[0.879254,-0.458732,-0.128363],[0.459841,0.887713,-0.0226308],[0.124331,-0.0391286,0.991469]]],"btipPosition":[71.1675,294.729,11.1406],"carpPosition":[39.3449,203.957,95.0359],"dipPosition":[73.0313,294.143,26.0032],"direction":[0.145917,0.515888,-0.844137],"extended":true,"handId":165,"id":1652,"length":53.4514,"mcpPosition":[55.5693,250.708,61.6174],"pipPosition":[69.7213,282.44,45.1515],"stabilizedTipPosition":[72.2277,297.146,15.1559],"timeVisible":15.1413,"tipPosition":[72.7844,296.095,15.6702],"tipVelocity":[9.5876,8.81253,6.80682],"tool":false,"touchDistance":-0.242952,"touchZone":"touching","type":2,"width":15.6135},{"bases":[[[0.814214,-0.565243,-0.132502],[0.411724,0.401274,0.818207],[-0.409316,-0.72075,0.559446]],[[0.809922,-0.572692,-0.126689],[0.51207,0.585072,0.628868],[-0.286026,-0.574207,0.767122]],[[0.809922,-0.572692,-0.126689],[0.51121,0.795137,-0.326224],[0.287561,0.199451,0.936764]],[[0.809922,-0.572692,-0.126689],[0.282151,0.569773,-0.771848],[0.514216,0.589391,0.623057]]],"btipPosition":[67.2795,246.366,6.32052],"carpPosition":[49.1595,200.451,93.6417],"dipPosition":[74.9435,255.15,15.6068],"direction":[-0.287561,-0.199451,-0.936764],"extended":false,"handId":165,"id":1653,"length":51.395,"mcpPosition":[71.1038,239.092,63.6486],"pipPosition":[81.298,259.558,36.3074],"stabilizedTipPosition":[68.0279,246.689,8.12938],"timeVisible":15.1413,"tipPosition":[70.194,250.146,8.37394],"tipVelocity":[17.636,22.4911,-1.46549],"tool":false,"touchDistance":0.229416,"touchZone":"hovering","type":3,"width":14.8573},{"bases":[[[0.682071,-0.703342,-0.20022],[0.495561,0.243209,0.833827],[-0.537771,-0.667951,0.514435]],[[0.65823,-0.731511,-0.177834],[0.726745,0.55582,0.403616],[-0.196406,-0.394912,0.897479]],[[0.65823,-0.731511,-0.177834],[0.535026,0.620747,-0.57308],[0.529605,0.282073,0.799971]],[[0.65823,-0.731511,-0.177834],[0.177021,0.38,-0.90789],[0.731708,0.56612,0.37962]]],"btipPosition":[70.7099,224.558,19.9988],"carpPosition":[56.8053,192.455,88.5448],"dipPosition":[80.7709,232.342,25.2185],"direction":[-0.529604,-0.282073,-0.799971],"extended":false,"handId":165,"id":1654,"length":40.2927,"mcpPosition":[83.494,225.604,63.0143],"pipPosition":[89.0338,236.743,37.6998],"stabilizedTipPosition":[74.457,228.602,20.8498],"timeVisible":15.1413,"tipPosition":[79.1208,230.849,20.1026],"tipVelocity":[-1.29473,0.667774,-4.52716],"tool":false,"touchDistance":0.130222,"touchZone":"hovering","type":4,"width":13.1974}],"r":[[0.952876,0.302941,0.0159245],[-0.301163,0.938369,0.169599],[0.0364355,-0.166403,0.985384]],"s":1.21551,"t":[-59.0932,124.618,3.51231],"timestamp":1132423563758},{"currentFrameRate":57.6639,"devices":[],"gestures":[],"hands":[{"armBasis":[[0.928998,-0.184336,-0.320909],[0.331686,0.799337,0.501044],[0.164154,-0.571909,0.803724]],"armWidth":53.0314,"confidence":1,"direction":[0.329094,0.840097,-0.4312],"elbow":[77.9924,44.3387,288.483],"grabAngle":1.49036,"grabStrength":0.238015,"id":165,"palmNormal":[-0.176738,-0.393769,-0.902059],"palmPosition":[50.1823,230.167,67.4879],"palmVelocity":[-3.00835,-3.92899,-1.01943],"palmWidth":77.8763,"pinchDistance":75.7414,"pinchStrength":0,"r":[[0.952754,0.303309,0.0162263],[-0.301534,0.938046,0.170722],[0.0365605,-0.167549,0.985186]],"s":1.21715,"sphereCenter":[49.7603,243.192,31.0453],"sphereRadius":45.8625,"stabilizedPalmPosition":[47.6333,235.318,70.2306],"t":[-59.1578,124.547,3.49368],"timeVisible":15.1586,"type":"right","wrist":[40.0585,176.499,102.753]}],"id":133625,"interactionBox":{"center":[0,200,0],"size":[235.247,235.247,147.751]},"pointables":[{"bases":[[[0.595564,0.366005,0.715083],[-0.795929,0.148485,0.586898],[0.108629,-0.918691,0.379746]],[[0.437843,0.81069,0.388683],[-0.832317,0.202052,0.516162],[0.339913,-0.549505,0.763219]],[[0.437843,0.81069,0.388683],[-0.8763,0.288177,0.386073],[0.200977,-0.509642,0.836584]],[[0.437843,0.81069,0.388683],[-0.89635,0.360136,0.258571],[0.0696424,-0.461609,0.884345]]],"btipPosition":[-4.84148,239.32,12.1436],"carpPosition":[16.4471,193.364,84.0145],"dipPosition":[-3.54131,230.702,28.6536],"direction":[-0.200977,0.509642,-0.836584],"extended":true,"handId":165,"id":1650,"length":41.5735,"mcpPosition":[16.4471,193.364,84.0145],"pipPosition":[1.92491,216.841,51.4073],"stabilizedTipPosition":[-7.71436,237.915,18.8661],"timeVisible":15.1586,"tipPosition":[-5.98003,238.608,17.3276],"tipVelocity":[-2.206,-3.2362,-0.62194],"tool":false,"touchDistance":0.0367516,"touchZone":"hovering","type":0,"width":16.6432},{"bases":[[[0.969697,-0.226722,-0.0910215],[0.199804,0.521556,0.829493],[-0.140591,-0.822543,0.551051]],[[0.968976,-0.230864,-0.0882431],[0.175635,0.392002,0.903043],[-0.173889,-0.890526,0.420389]],[[0.968976,-0.230864,-0.0882431],[0.240211,0.795651,0.556092],[-0.058171,-0.560036,0.826423]],[[0.968976,-0.230864,-0.0882431],[0.233986,0.971873,0.0266982],[0.0795974,-0.0465175,0.995741]]],"btipPosition":[43.6708,298.817,16.4208],"carpPosition":[28.8221,205.073,95.0313],"dipPosition":[44.7556,298.183,29.992],"direction":[0.058171,0.560036,-0.826423],"extended":true,"handId":165,"id":1651,"length":46.9111,"mcpPosition":[37.6746,256.865,60.3335],"pipPosition":[43.634,287.385,45.9262],"stabilizedTipPosition":[41.7065,303.987,21.6021],"timeVisible":15.1586,"tipPosition":[44.9361,300.261,20.4327],"tipVelocity":[3.93279,12.0742,4.8421],"tool":false,"touchDistance":0.212372,"touchZone":"hovering","type":1,"width":15.8976},{"bases":[[[0.893422,-0.421334,-0.155801],[0.357731,0.457532,0.814059],[-0.271707,-0.783034,0.559494]],[[0.878752,-0.459881,-0.127689],[0.301669,0.327859,0.895268],[-0.369853,-0.825238,0.426838]],[[0.878752,-0.459881,-0.127689],[0.453182,0.720033,0.525527],[-0.149739,-0.519674,0.84114]],[[0.878752,-0.459881,-0.127689],[0.46238,0.886612,-0.0111158],[0.118323,-0.049273,0.991752]]],"btipPosition":[71.3615,294.898,11.2451],"carpPosition":[39.2935,203.883,95.013],"dipPosition":[73.1353,294.159,26.1119],"direction":[0.149739,0.519674,-0.84114],"extended":true,"handId":165,"id":1652,"length":53.4514,"mcpPosition":[55.5178,250.641,61.6041],"pipPosition":[69.7386,282.371,45.1922],"stabilizedTipPosition":[72.2219,297.115,15.1496],"timeVisible":15.1586,"tipPosition":[72.7122,296.01,15.6452],"tipVelocity":[10.0142,7.70523,6.09179],"tool":false,"touchDistance":-0.241195,"touchZone":"touching","type":2,"width":15.6135},{"bases":[[[0.814174,-0.565255,-0.13269],[0.411805,0.401066,0.818269],[-0.409313,-0.720855,0.559312]],[[0.809464,-0.573421,-0.126317],[0.510074,0.580154,0.635017],[-0.290848,-0.578454,0.762101]],[[0.809464,-0.573421,-0.126317],[0.515426,0.79697,-0.314921],[0.281253,0.18981,0.940675]],[[0.809464,-0.573421,-0.126317],[0.289701,0.577149,-0.763526],[0.510726,0.581453,0.633302]]],"btipPosition":[67.5909,246.78,6.24322],"carpPosition":[49.1077,200.377,93.6174],"dipPosition":[75.2029,255.446,15.6822],"direction":[-0.281253,-0.18981,-0.940675],"extended":false,"handId":165,"id":1653,"length":51.395,"mcpPosition":[71.0519,239.024,63.6314],"pipPosition":[81.4181,259.641,36.4692],"stabilizedTipPosition":[68.1173,246.831,8.14876],"timeVisible":15.1586,"tipPosition":[70.1094,250.042,8.3614],"tipVelocity":[17.302,22.3787,-2.43742],"tool":false,"touchDistance":0.228712,"touchZone":"hovering","type":3,"width":14.8573},{"bases":[[[0.68202,-0.703333,-0.200429],[0.495635,0.242993,0.833847],[-0.537769,-0.66804,0.514322]],[[0.658492,-0.731152,-0.178338],[0.726428,0.555567,0.404533],[-0.196696,-0.395932,0.896966]],[[0.658492,-0.731152,-0.178338],[0.535794,0.62186,-0.571152],[0.5285,0.280547,0.801237]],[[0.658492,-0.731152,-0.178338],[0.179452,0.382675,-0.906287],[0.730879,0.56478,0.383195]]],"btipPosition":[70.6941,224.56,19.9232],"carpPosition":[56.7528,192.382,88.5181],"dipPosition":[80.7436,232.326,25.1921],"direction":[-0.5285,-0.280547,-0.801237],"extended":false,"handId":165,"id":1654,"length":40.2927,"mcpPosition":[83.4413,225.536,62.9932],"pipPosition":[88.9894,236.703,37.6932],"stabilizedTipPosition":[74.4549,228.599,20.8502],"timeVisible":15.1586,"tipPosition":[79.0328,230.767,20.0887],"tipVelocity":[-1.06646,-0.115319,-3.712],"tool":false,"touchDistance":0.129151,"touchZone":"hovering","type":4,"width":13.1974}],"r":[[0.952754,0.303309,0.0162263],[-0.301534,0.938046,0.170722],[0.0365605,-0.167549,0.985186]],"s":1.21715,"t":[-59.1578,124.547,3.49368],"timestamp":1132423581065},{"currentFrameRate":57.655,"devices":[],"gestures":[],"hands":[{"armBasis":[[0.928635,-0.184874,-0.32165],[0.332046,0.800884,0.498327],[0.165476,-0.569567,0.805116]],"armWidth":53.0314,"confidence":1,"direction":[0.329214,0.83949,-0.43229],"elbow":[78.2742,44.8882,288.896],"grabAngle":1.47971,"grabStrength":0.230158,"id":165,"palmNormal":[-0.176689,-0.394956,-0.901549],"palmPosition":[50.1534,230.119,67.4989],"palmVelocity":[-1.66843,-2.73567,0.631622],"palmWidth":77.8763,"pinchDistance":75.7568,"pinchStrength":0,"r":[[0.952662,0.303589,0.0164052],[-0.301817,0.937839,0.171363],[0.0366386,-0.168203,0.985071]],"s":1.21888,"sphereCenter":[49.9691,243.025,30.9861],"sphereRadius":45.9297,"stabilizedPalmPosition":[47.6508,235.282,70.2116],"t":[-59.2045,124.488,3.48985],"timeVisible":15.176,"type":"right","wrist":[40.0348,176.508,102.845]}],"id":133626,"interactionBox":{"center":[0,200,0],"size":[235.247,235.247,147.751]},"pointables":[{"bases":[[[0.59553,0.366903,0.714651],[-0.795971,0.149343,0.586623],[0.108506,-0.918193,0.380983]],[[0.437968,0.811052,0.387787],[-0.83216,0.202546,0.516221],[0.340137,-0.548789,0.763634]],[[0.437968,0.811052,0.387787],[-0.876394,0.289089,0.385176],[0.200293,-0.508549,0.837413]],[[0.437968,0.811052,0.387787],[-0.896329,0.360788,0.257733],[0.0691257,-0.460463,0.884983]]],"btipPosition":[-4.85685,239.216,12.1483],"carpPosition":[16.4131,193.342,84.0714],"dipPosition":[-3.56632,230.62,28.6702],"direction":[-0.200293,0.508549,-0.837413],"extended":true,"handId":165,"id":1650,"length":41.5735,"mcpPosition":[16.4131,193.342,84.0714],"pipPosition":[1.8813,216.788,51.4464],"stabilizedTipPosition":[-7.68539,237.909,18.8393],"timeVisible":15.176,"tipPosition":[-6.00175,238.497,17.3204],"tipVelocity":[-1.01241,-5.70325,0.426519],"tool":false,"touchDistance":0.0368751,"touchZone":"hovering","type":0,"width":16.6432},{"bases":[[[0.969684,-0.226934,-0.0906259],[0.199774,0.522644,0.828815],[-0.140721,-0.821793,0.552135]],[[0.968843,-0.231746,-0.0873884],[0.175336,0.392559,0.902859],[-0.174929,-0.890051,0.420962]],[[0.968843,-0.231746,-0.0873884],[0.24021,0.793237,0.55953],[-0.0603493,-0.563088,0.82419]],[[0.968843,-0.231746,-0.0873884],[0.235962,0.970883,0.041335],[0.0752646,-0.0606675,0.995316]]],"btipPosition":[43.7817,298.996,16.4241],"carpPosition":[28.7881,205.064,95.0737],"dipPosition":[44.8075,298.169,29.9896],"direction":[0.0603493,0.563088,-0.82419],"extended":true,"handId":165,"id":1651,"length":46.9111,"mcpPosition":[37.6488,256.809,60.3076],"pipPosition":[43.6439,287.313,45.8807],"stabilizedTipPosition":[41.738,303.916,21.574],"timeVisible":15.176,"tipPosition":[44.9014,300.126,20.3346],"tipVelocity":[5.6016,7.77858,0.115698],"tool":false,"touchDistance":0.212406,"touchZone":"hovering","type":1,"width":15.8976},{"bases":[[[0.893398,-0.421625,-0.155153],[0.357697,0.458585,0.813482],[-0.271834,-0.782261,0.560513]],[[0.878265,-0.461228,-0.126174],[0.300945,0.328103,0.895422],[-0.371595,-0.824389,0.426965]],[[0.878265,-0.461228,-0.126174],[0.452869,0.717608,0.529102],[-0.153493,-0.521832,0.839125]],[[0.878265,-0.461228,-0.126174],[0.464805,0.885412,-0.00122906],[0.112283,-0.0575669,0.992007]]],"btipPosition":[71.5777,294.982,11.2662],"carpPosition":[39.2594,203.874,95.058],"dipPosition":[73.2609,294.12,26.1369],"direction":[0.153493,0.521832,-0.839125],"extended":true,"handId":165,"id":1652,"length":53.4514,"mcpPosition":[55.4913,250.585,61.5882],"pipPosition":[69.7791,282.282,45.1715],"stabilizedTipPosition":[72.2175,297.075,15.1416],"timeVisible":15.176,"tipPosition":[72.6803,295.87,15.5535],"tipVelocity":[11.2438,3.23122,1.26759],"tool":false,"touchDistance":-0.240828,"touchZone":"touching","type":2,"width":15.6135},{"bases":[[[0.814134,-0.565508,-0.131857],[0.411764,0.402119,0.817772],[-0.409434,-0.72007,0.560235]],[[0.809003,-0.574379,-0.124912],[0.508358,0.576992,0.639259],[-0.295103,-0.580663,0.758779]],[[0.809003,-0.574379,-0.124912],[0.519388,0.798015,-0.305627],[0.275227,0.182375,0.943922]],[[0.809003,-0.574379,-0.124912],[0.297014,0.58283,-0.756368],[0.507244,0.574803,0.64211]]],"btipPosition":[67.8998,247.068,6.15974],"carpPosition":[49.0734,200.365,93.668],"dipPosition":[75.4599,255.635,15.73],"direction":[-0.275227,-0.182375,-0.943922],"extended":false,"handId":165,"id":1653,"length":51.395,"mcpPosition":[71.0241,238.969,63.6326],"pipPosition":[81.5419,259.665,36.5888],"stabilizedTipPosition":[68.2142,246.972,8.16227],"timeVisible":15.176,"tipPosition":[70.0731,249.885,8.34822],"tipVelocity":[17.0944,15.2338,-3.06697],"tool":false,"touchDistance":0.227824,"touchZone":"hovering","type":3,"width":14.8573},{"bases":[[[0.681973,-0.703664,-0.199425],[0.495578,0.24406,0.833569],[-0.537881,-0.667302,0.515162]],[[0.658913,-0.73092,-0.177735],[0.726121,0.556342,0.404019],[-0.196425,-0.39527,0.897317]],[[0.658913,-0.73092,-0.177735],[0.53596,0.621975,-0.570871],[0.527808,0.280895,0.801571]],[[0.658913,-0.73092,-0.177735],[0.181121,0.383491,-0.90561],[0.730088,0.564527,0.385072]]],"btipPosition":[70.6791,224.483,19.9026],"carpPosition":[56.7183,192.362,88.5802],"dipPosition":[80.7178,232.245,25.1973],"direction":[-0.527808,-0.280895,-0.801571],"extended":false,"handId":165,"id":1654,"length":40.2927,"mcpPosition":[83.4123,225.479,63.0136],"pipPosition":[88.9527,236.628,37.7036],"stabilizedTipPosition":[74.4508,228.592,20.851],"timeVisible":15.176,"tipPosition":[78.9893,230.639,20.1049],"tipVelocity":[-1.00557,-4.4923,-0.843255],"tool":false,"touchDistance":0.128907,"touchZone":"hovering","type":4,"width":13.1974}],"r":[[0.952662,0.303589,0.0164052],[-0.301817,0.937839,0.171363],[0.0366386,-0.168203,0.985071]],"s":1.21888,"t":[-59.2045,124.488,3.48985],"timestamp":1132423598439},{"currentFrameRate":57.6576,"devices":[],"gestures":[],"hands":[{"armBasis":[[0.928664,-0.184511,-0.321773],[0.33138,0.802449,0.496249],[0.166643,-0.567478,0.806349]],"armWidth":53.0314,"confidence":1,"direction":[0.328898,0.839345,-0.432813],"elbow":[78.5386,45.3647,289.217],"grabAngle":1.4695,"grabStrength":0.223203,"id":165,"palmNormal":[-0.175717,-0.395915,-0.901318],"palmPosition":[50.1212,230.081,67.4828],"palmVelocity":[-1.8563,-2.19961,-0.927117],"palmWidth":77.8763,"pinchDistance":75.774,"pinchStrength":0,"r":[[0.952539,0.303962,0.0166348],[-0.302211,0.937657,0.17166],[0.0365802,-0.16854,0.985016]],"s":1.22068,"sphereCenter":[50.1625,242.892,30.909],"sphereRadius":45.9967,"stabilizedPalmPosition":[47.6677,235.246,70.1929],"t":[-59.244,124.439,3.4799],"timeVisible":15.1933,"type":"right","wrist":[40.0296,176.501,102.88]}],"id":133627,"interactionBox":{"center":[0,200,0],"size":[235.247,235.247,147.751]},"pointables":[{"bases":[[[0.594719,0.36801,0.714758],[-0.796521,0.149273,0.585894],[0.10892,-0.917762,0.381903]],[[0.437135,0.81164,0.387496],[-0.832564,0.202194,0.515708],[0.34022,-0.54805,0.764128]],[[0.437135,0.81164,0.387496],[-0.876921,0.288913,0.384107],[0.199804,-0.50771,0.838039]],[[0.437135,0.81164,0.387496],[-0.896746,0.360276,0.256996],[0.0689822,-0.459828,0.885325]]],"btipPosition":[-4.86094,239.101,12.0962],"carpPosition":[16.3966,193.293,84.0638],"dipPosition":[-3.5731,230.517,28.6245],"direction":[-0.199804,0.50771,-0.838039],"extended":true,"handId":165,"id":1650,"length":41.5735,"mcpPosition":[16.3966,193.293,84.0638],"pipPosition":[1.86122,216.708,51.4177],"stabilizedTipPosition":[-7.65829,237.902,18.8138],"timeVisible":15.1933,"tipPosition":[-6.00094,238.369,17.2531],"tipVelocity":[-0.271609,-6.47072,-2.91836],"tool":false,"touchDistance":0.036032,"touchZone":"hovering","type":0,"width":16.6432},{"bases":[[[0.969924,-0.226279,-0.0896964],[0.198759,0.523553,0.828485],[-0.140508,-0.821395,0.552782]],[[0.968971,-0.231723,-0.0860273],[0.174121,0.392882,0.902954],[-0.175436,-0.889915,0.421039]],[[0.968971,-0.231723,-0.0860273],[0.239169,0.791089,0.563006],[-0.0624061,-0.566111,0.821963]],[[0.968971,-0.231723,-0.0860273],[0.236877,0.969959,0.0553905],[0.0706077,-0.0740496,0.994752]]],"btipPosition":[43.8551,299.178,16.4223],"carpPosition":[28.7544,205.035,95.0646],"dipPosition":[44.8174,298.169,29.9801],"direction":[0.0624061,0.566111,-0.821963],"extended":true,"handId":165,"id":1651,"length":46.9111,"mcpPosition":[37.6017,256.755,60.2578],"pipPosition":[43.6142,287.254,45.8282],"stabilizedTipPosition":[41.7728,303.842,21.5438],"timeVisible":15.1933,"tipPosition":[44.8377,300.021,20.2383],"tipVelocity":[3.39248,8.06511,-0.206672],"tool":false,"touchDistance":0.212346,"touchZone":"hovering","type":1,"width":15.8976},{"bases":[[[0.893833,-0.421087,-0.154102],[0.356742,0.4596,0.813328],[-0.271657,-0.781955,0.561025]],[[0.878301,-0.461649,-0.124369],[0.299362,0.328182,0.895924],[-0.372786,-0.824122,0.426443]],[[0.878301,-0.461649,-0.124369],[0.451512,0.71534,0.533315],[-0.157238,-0.524565,0.836724]],[[0.878301,-0.461649,-0.124369],[0.466253,0.884605,0.00911649],[0.105809,-0.0659943,0.992194]]],"btipPosition":[71.7622,295.121,11.3072],"carpPosition":[39.2266,203.853,95.0578],"dipPosition":[73.3483,294.132,26.1806],"direction":[0.157238,0.524565,-0.836724],"extended":true,"handId":165,"id":1652,"length":53.4514,"mcpPosition":[55.448,250.545,61.5574],"pipPosition":[69.7816,282.233,45.1608],"stabilizedTipPosition":[72.2156,297.03,15.1331],"timeVisible":15.1933,"tipPosition":[72.6272,295.784,15.4795],"tipVelocity":[9.35439,6.31719,2.39912],"tool":false,"touchDistance":-0.240135,"touchZone":"touching","type":2,"width":15.6135},{"bases":[[[0.814661,-0.565009,-0.130734],[0.410849,0.40318,0.81771],[-0.409304,-0.719868,0.560588]],[[0.809128,-0.574564,-0.123242],[0.505947,0.574487,0.643415],[-0.298882,-0.582958,0.755532]],[[0.809128,-0.574564,-0.123242],[0.522735,0.799567,-0.295704],[0.268441,0.174839,0.947296]],[[0.809128,-0.574564,-0.123242],[0.304195,0.588978,-0.748713],[0.50277,0.568314,0.651338]]],"btipPosition":[68.2151,247.387,6.05472],"carpPosition":[49.0444,200.35,93.6783],"dipPosition":[75.7085,255.857,15.7625],"direction":[-0.268441,-0.174839,-0.947296],"extended":false,"handId":165,"id":1653,"length":51.395,"mcpPosition":[70.9881,238.944,63.6239],"pipPosition":[81.6406,259.721,36.6959],"stabilizedTipPosition":[68.3164,247.112,8.1697],"timeVisible":15.1933,"tipPosition":[70.0658,249.793,8.32764],"tipVelocity":[17.3025,17.1349,-4.23365],"tool":false,"touchDistance":0.226601,"touchZone":"hovering","type":3,"width":14.8573},{"bases":[[[0.682656,-0.703327,-0.198273],[0.494771,0.245199,0.833714],[-0.537757,-0.66724,0.515372]],[[0.65984,-0.730311,-0.176797],[0.725222,0.557397,0.404179],[-0.19663,-0.394911,0.897431]],[[0.65984,-0.730311,-0.176797],[0.536281,0.622516,-0.569979],[0.526321,0.281282,0.802413]],[[0.65984,-0.730311,-0.176797],[0.183019,0.384407,-0.90484],[0.728776,0.564693,0.387308]]],"btipPosition":[70.7008,224.448,19.8685],"carpPosition":[56.6991,192.348,88.6035],"dipPosition":[80.7214,232.212,25.194],"direction":[-0.526321,-0.281282,-0.802413],"extended":false,"handId":165,"id":1654,"length":40.2927,"mcpPosition":[83.387,225.462,63.0265],"pipPosition":[88.9332,236.601,37.7133],"stabilizedTipPosition":[74.4461,228.585,20.8517],"timeVisible":15.1933,"tipPosition":[78.9745,230.567,20.1127],"tipVelocity":[1.0126,-2.01064,-1.56045],"tool":false,"touchDistance":0.128456,"touchZone":"hovering","type":4,"width":13.1974}],"r":[[0.952539,0.303962,0.0166348],[-0.302211,0.937657,0.17166],[0.0365802,-0.16854,0.985016]],"s":1.22068,"t":[-59.244,124.439,3.4799],"timestamp":1132423615774},{"currentFrameRate":57.6719,"devices":[],"gestures":[],"hands":[{"armBasis":[[0.928596,-0.18407,-0.322224],[0.33097,0.803519,0.49479],[0.167837,-0.566106,0.807066]],"armWidth":53.0314,"confidence":1,"direction":[0.328862,0.839286,-0.432954],"elbow":[78.7834,45.6575,289.434],"grabAngle":1.45977,"grabStrength":0.217589,"id":165,"palmNormal":[-0.174924,-0.396386,-0.901266],"palmPosition":[50.0788,230.04,67.5105],"palmVelocity":[-2.45291,-2.35438,1.59856],"palmWidth":77.8763,"pinchDistance":75.7788,"pinchStrength":0,"r":[[0.952414,0.304338,0.0169254],[-0.302626,0.937503,0.171771],[0.0364089,-0.168719,0.984991]],"s":1.22252,"sphereCenter":[50.3047,242.783,30.8783],"sphereRadius":46.0656,"stabilizedPalmPosition":[47.6831,235.213,70.1759],"t":[-59.2849,124.394,3.48875],"timeVisible":15.2106,"type":"right","wrist":[39.9985,176.477,102.932]}],"id":133628,"interactionBox":{"center":[0,200,0],"size":[235.247,235.247,147.751]},"pointables":[{"bases":[[[0.594067,0.368567,0.715012],[-0.796993,0.14921,0.585268],[0.109023,-0.917548,0.382387]],[[0.436634,0.811854,0.387613],[-0.832876,0.201906,0.515318],[0.340101,-0.547839,0.764332]],[[0.436634,0.811854,0.387613],[-0.87719,0.288545,0.38377],[0.199721,-0.507577,0.838139]],[[0.436634,0.811854,0.387613],[-0.896932,0.359446,0.257509],[0.0697343,-0.4601,0.885124]]],"btipPosition":[-4.90682,239.047,12.1088],"carpPosition":[16.3574,193.246,84.0841],"dipPosition":[-3.60494,230.457,28.6333],"direction":[-0.199721,0.507577,-0.838139],"extended":true,"handId":165,"id":1650,"length":41.5735,"mcpPosition":[16.3574,193.246,84.0841],"pipPosition":[1.82714,216.652,51.4293],"stabilizedTipPosition":[-7.63073,237.894,18.7875],"timeVisible":15.2106,"tipPosition":[-6.00658,238.279,17.2331],"tipVelocity":[-2.46667,-3.22293,0.677051],"tool":false,"touchDistance":0.0362271,"touchZone":"hovering","type":0,"width":16.6432},{"bases":[[[0.970078,-0.225926,-0.0889149],[0.197965,0.524001,0.828392],[-0.140563,-0.821207,0.553047]],[[0.969059,-0.23173,-0.0849998],[0.173198,0.39304,0.903063],[-0.175858,-0.889843,0.421014]],[[0.969059,-0.23173,-0.0849998],[0.238374,0.789278,0.565878],[-0.0640425,-0.568632,0.820096]],[[0.969059,-0.23173,-0.0849998],[0.237673,0.96896,0.0680275],[0.0665974,-0.0861248,0.994056]]],"btipPosition":[43.9076,299.34,16.4757],"carpPosition":[28.7028,204.998,95.0883],"dipPosition":[44.8153,298.166,30.0239],"direction":[0.0640425,0.568632,-0.820096],"extended":true,"handId":165,"id":1651,"length":46.9111,"mcpPosition":[37.5536,256.706,60.2648],"pipPosition":[43.5805,287.202,45.8361],"stabilizedTipPosition":[41.8061,303.774,21.516],"timeVisible":15.2106,"tipPosition":[44.7906,299.945,20.2223],"tipVelocity":[2.31138,7.16361,2.96009],"tool":false,"touchDistance":0.213199,"touchZone":"hovering","type":1,"width":15.8976},{"bases":[[[0.894112,-0.420793,-0.153288],[0.355984,0.460105,0.813375],[-0.271734,-0.781816,0.561181]],[[0.878247,-0.462128,-0.122962],[0.298051,0.327899,0.896464],[-0.373962,-0.823966,0.425714]],[[0.878247,-0.462128,-0.122962],[0.450342,0.712771,0.537726],[-0.160855,-0.527632,0.834105]],[[0.878247,-0.462128,-0.122962],[0.467718,0.883661,0.0195805],[0.0996083,-0.0747082,0.992218]]],"btipPosition":[71.9359,295.274,11.4165],"carpPosition":[39.1754,203.82,95.0895],"dipPosition":[73.429,294.154,26.2904],"direction":[0.160855,0.527632,-0.834105],"extended":true,"handId":165,"id":1652,"length":53.4514,"mcpPosition":[55.4015,250.504,61.5797],"pipPosition":[69.7802,282.185,45.2111],"stabilizedTipPosition":[72.2169,296.99,15.1272],"timeVisible":15.2106,"tipPosition":[72.589,295.717,15.482],"tipVelocity":[8.806,7.11115,6.33103],"tool":false,"touchDistance":-0.23831,"touchZone":"touching","type":2,"width":15.6135},{"bases":[[[0.814982,-0.564737,-0.129911],[0.410111,0.403709,0.817819],[-0.409406,-0.719786,0.56062]],[[0.809118,-0.574848,-0.121979],[0.503708,0.571528,0.647792],[-0.302667,-0.585582,0.751989]],[[0.809118,-0.574848,-0.121979],[0.526326,0.801222,-0.284647],[0.261361,0.166112,0.95084]],[[0.809118,-0.574848,-0.121979],[0.311701,0.595792,-0.740185],[0.498168,0.560876,0.661246]]],"btipPosition":[68.5317,247.75,5.99338],"carpPosition":[48.9956,200.32,93.7184],"dipPosition":[75.9566,256.11,15.8488],"direction":[-0.261361,-0.166112,-0.95084],"extended":false,"handId":165,"id":1653,"length":51.395,"mcpPosition":[70.9448,238.91,63.6623],"pipPosition":[81.7322,259.781,36.8605],"stabilizedTipPosition":[68.4251,247.256,8.17481],"timeVisible":15.2106,"tipPosition":[70.063,249.732,8.35725],"tipVelocity":[17.3992,19.5315,-1.58246],"tool":false,"touchDistance":0.226145,"touchZone":"hovering","type":3,"width":14.8573},{"bases":[[[0.68308,-0.703138,-0.197482],[0.494086,0.245769,0.833952],[-0.537849,-0.667229,0.51529]],[[0.660503,-0.729847,-0.176235],[0.724605,0.558143,0.404258],[-0.196683,-0.394714,0.897506]],[[0.660503,-0.729847,-0.176235],[0.536727,0.623106,-0.568914],[0.525034,0.28118,0.803292]],[[0.660503,-0.729847,-0.176235],[0.184746,0.385487,-0.904029],[0.72774,0.564555,0.389451]]],"btipPosition":[70.6992,224.417,19.8763],"carpPosition":[56.6571,192.319,88.6525],"dipPosition":[80.7056,232.179,25.2312],"direction":[-0.525034,-0.28118,-0.803292],"extended":false,"handId":165,"id":1654,"length":40.2927,"mcpPosition":[83.3496,225.433,63.0795],"pipPosition":[88.8972,236.566,37.7643],"stabilizedTipPosition":[74.4403,228.575,20.8528],"timeVisible":15.2106,"tipPosition":[78.9504,230.507,20.1628],"tipVelocity":[-0.282228,-1.83376,0.839771],"tool":false,"touchDistance":0.128698,"touchZone":"hovering","type":4,"width":13.1974}],"r":[[0.952414,0.304338,0.0169254],[-0.302626,0.937503,0.171771],[0.0364089,-0.168719,0.984991]],"s":1.22252,"t":[-59.2849,124.394,3.48875],"timestamp":1132423633066},{"currentFrameRate":57.6679,"devices":[],"gestures":[],"hands":[{"armBasis":[[0.928379,-0.183936,-0.322923],[0.331016,0.804271,0.493534],[0.168939,-0.56508,0.807555]],"armWidth":53.0314,"confidence":1,"direction":[0.328888,0.839462,-0.432593],"elbow":[79.0249,45.8781,289.582],"grabAngle":1.45073,"grabStrength":0.213186,"id":165,"palmNormal":[-0.174578,-0.396136,-0.901442],"palmPosition":[50.0576,230.028,67.5546],"palmVelocity":[-1.21803,-0.689268,2.54624],"palmWidth":77.8763,"pinchDistance":75.7866,"pinchStrength":0,"r":[[0.952304,0.304664,0.017238],[-0.302995,0.937361,0.171898],[0.0362128,-0.168922,0.984964]],"s":1.22433,"sphereCenter":[50.4357,242.728,30.8661],"sphereRadius":46.1353,"stabilizedPalmPosition":[47.6924,235.193,70.1656],"t":[-59.316,124.366,3.51526],"timeVisible":15.228,"type":"right","wrist":[39.9853,176.461,102.967]}],"id":133629,"interactionBox":{"center":[0,200,0],"size":[235.247,235.247,147.751]},"pointables":[{"bases":[[[0.593786,0.368432,0.715316],[-0.797203,0.148925,0.585055],[0.109025,-0.917649,0.382144]],[[0.436533,0.811613,0.38823],[-0.832868,0.201357,0.515545],[0.34025,-0.548397,0.763866]],[[0.436533,0.811613,0.38823],[-0.877162,0.287983,0.384255],[0.200063,-0.508281,0.837631]],[[0.436533,0.811613,0.38823],[-0.8969,0.358632,0.258754],[0.0707763,-0.461158,0.884491]]],"btipPosition":[-4.9634,239.088,12.1765],"carpPosition":[16.3359,193.225,84.1062],"dipPosition":[-3.64206,230.478,28.6892],"direction":[-0.200063,0.508281,-0.837631],"extended":true,"handId":165,"id":1650,"length":41.5735,"mcpPosition":[16.3359,193.225,84.1062],"pipPosition":[1.79929,216.654,51.4713],"stabilizedTipPosition":[-7.61103,237.889,18.7689],"timeVisible":15.228,"tipPosition":[-6.00611,238.269,17.2555],"tipVelocity":[-3.00246,2.11235,3.74604],"tool":false,"touchDistance":0.0373106,"touchZone":"hovering","type":0,"width":16.6432},{"bases":[[[0.970138,-0.225767,-0.0886692],[0.197626,0.523777,0.828614],[-0.14063,-0.821393,0.552753]],[[0.969056,-0.231921,-0.0845209],[0.172685,0.392276,0.903493],[-0.176383,-0.890131,0.420186]],[[0.969056,-0.231921,-0.0845209],[0.238025,0.787257,0.568832],[-0.0653843,-0.571348,0.818099]],[[0.969056,-0.231921,-0.0845209],[0.238565,0.967873,0.0794244],[0.0633853,-0.0971304,0.993251]]],"btipPosition":[43.9728,299.54,16.6017],"carpPosition":[28.6761,204.974,95.118],"dipPosition":[44.8367,298.217,30.139],"direction":[0.0653843,0.571348,-0.818099],"extended":true,"handId":165,"id":1651,"length":46.9111,"mcpPosition":[37.5312,256.695,60.313],"pipPosition":[43.5761,287.201,45.9127],"stabilizedTipPosition":[41.8344,303.72,21.4945],"timeVisible":15.228,"tipPosition":[44.7678,299.938,20.2788],"tipVelocity":[3.17815,9.58001,7.11794],"tool":false,"touchDistance":0.215258,"touchZone":"hovering","type":1,"width":15.8976},{"bases":[[[0.894219,-0.420625,-0.153126],[0.355658,0.459908,0.813629],[-0.271809,-0.782023,0.560857]],[[0.878046,-0.462692,-0.122277],[0.297291,0.32711,0.897004],[-0.375039,-0.823963,0.424772]],[[0.878046,-0.462692,-0.122277],[0.449622,0.710019,0.541954],[-0.163938,-0.530839,0.831465]],[[0.878046,-0.462692,-0.122277],[0.469224,0.882578,0.0297503],[0.0941542,-0.0834977,0.99205]]],"btipPosition":[72.107,295.469,11.5673],"carpPosition":[39.149,203.798,95.1222],"dipPosition":[73.5184,294.217,26.4386],"direction":[0.163938,0.530839,-0.831465],"extended":true,"handId":165,"id":1652,"length":53.4514,"mcpPosition":[55.3795,250.495,61.6318],"pipPosition":[69.7996,282.176,45.2994],"stabilizedTipPosition":[72.2209,296.956,15.1246],"timeVisible":15.228,"tipPosition":[72.5735,295.715,15.5444],"tipVelocity":[8.77593,9.48662,8.6512],"tool":false,"touchDistance":-0.235808,"touchZone":"touching","type":2,"width":15.6135},{"bases":[[[0.815101,-0.564587,-0.129818],[0.409791,0.403517,0.818074],[-0.40949,-0.720011,0.56027]],[[0.809019,-0.575066,-0.121603],[0.502057,0.568493,0.651732],[-0.305659,-0.588315,0.748637]],[[0.809019,-0.575066,-0.121603],[0.529629,0.802929,-0.273492],[0.254914,0.156855,0.954157]],[[0.809019,-0.575066,-0.121603],[0.318783,0.603091,-0.731203],[0.493828,0.552792,0.671234]]],"btipPosition":[68.8244,248.165,5.94431],"carpPosition":[48.97,200.3,93.7532],"dipPosition":[76.1846,256.404,15.9486],"direction":[-0.254914,-0.156855,-0.954157],"extended":false,"handId":165,"id":1653,"length":51.395,"mcpPosition":[70.9237,238.902,63.7159],"pipPosition":[81.8177,259.87,37.0336],"stabilizedTipPosition":[68.5393,247.409,8.17866],"timeVisible":15.228,"tipPosition":[70.0726,249.75,8.40865],"tipVelocity":[16.009,22.2882,-0.854888],"tool":false,"touchDistance":0.225898,"touchZone":"hovering","type":3,"width":14.8573},{"bases":[[[0.683239,-0.702985,-0.197474],[0.493782,0.245584,0.834187],[-0.537925,-0.667458,0.514914]],[[0.660789,-0.729558,-0.176362],[0.724298,0.55818,0.404756],[-0.196851,-0.395197,0.897256]],[[0.660789,-0.729558,-0.176362],[0.537397,0.623905,-0.567404],[0.523987,0.280158,0.804331]],[[0.660789,-0.729558,-0.176362],[0.186291,0.387033,-0.903051],[0.727086,0.563872,0.391657]]],"btipPosition":[70.7102,224.449,19.8903],"carpPosition":[56.6342,192.302,88.6874],"dipPosition":[80.7076,232.203,25.2756],"direction":[-0.523987,-0.280158,-0.804331],"extended":false,"handId":165,"id":1654,"length":40.2927,"mcpPosition":[83.3305,225.427,63.1331],"pipPosition":[88.8829,236.574,37.8249],"stabilizedTipPosition":[74.4343,228.565,20.8539],"timeVisible":15.228,"tipPosition":[78.9281,230.501,20.219],"tipVelocity":[0.51459,1.76865,1.2117],"tool":false,"touchDistance":0.129049,"touchZone":"hovering","type":4,"width":13.1974}],"r":[[0.952304,0.304664,0.017238],[-0.302995,0.937361,0.171898],[0.0362128,-0.168922,0.984964]],"s":1.22433,"t":[-59.316,124.366,3.51526],"timestamp":1132423650420},{"currentFrameRate":57.6524,"devices":[],"gestures":[],"hands":[{"armBas