{"frames":67,"data":[{"currentFrameRate":57.6536,"devices":[],"gestures":[],"hands":[{"armBasis":[[0.939296,-0.159293,-0.303889],[0.308518,0.779666,0.544919],[0.15013,-0.605596,0.781482]],"armWidth":53.0314,"confidence":1,"direction":[0.246837,0.777125,-0.57892],"elbow":[80.803,27.3372,274.162],"grabAngle":2.81544,"grabStrength":0,"id":165,"palmNormal":[-0.234345,-0.531805,-0.813797],"palmPosition":[51.4375,216.59,51.1891],"palmVelocity":[-4.49228,0.638652,-2.25092],"palmWidth":77.8763,"pinchDistance":52.4634,"pinchStrength":0.134683,"r":[[0.933646,0.338416,-0.117389],[-0.333361,0.940829,0.060919],[0.131059,-0.0177439,0.991216]],"s":1.17248,"sphereCenter":[51.7915,207.877,12.8198],"sphereRadius":40.7012,"stabilizedPalmPosition":[49.0998,208.583,66.9338],"t":[-57.8614,110.882,-12.7879],"timeVisible":10.4932,"type":"right","wrist":[46.1099,167.282,93.5719]}],"id":133356,"interactionBox":{"center":[0,200,0],"size":[235.247,235.247,147.751]},"pointables":[{"bases":[[[0.636143,0.491879,0.594456],[-0.748273,0.205394,0.630794],[0.188177,-0.84609,0.498719]],[[0.523174,0.767354,0.37075],[-0.806583,0.305383,0.506127],[0.275158,-0.563834,0.778704]],[[0.523174,0.767354,0.37075],[-0.841923,0.397937,0.364433],[0.132114,-0.502805,0.854244]],[[0.523174,0.767354,0.37075],[-0.852073,0.462742,0.244627],[0.0161542,-0.443889,0.895936]]],"btipPosition":[5.54813,227.515,2.80715],"carpPosition":[21.1987,181.464,76.0363],"dipPosition":[5.84972,219.228,19.5336],"direction":[-0.132114,0.502805,-0.854244],"extended":true,"handId":165,"id":1650,"length":41.5735,"mcpPosition":[21.1987,181.464,76.0363],"pipPosition":[9.44298,205.553,42.7675],"stabilizedTipPosition":[10.739,223.151,5.19322],"timeVisible":10.4932,"tipPosition":[7.88786,225.322,6.32812],"tipVelocity":[-8.75282,2.81324,0.481597],"tool":false,"touchDistance":-0.208814,"touchZone":"touching","type":0,"width":16.6432},{"bases":[[[0.96839,-0.201284,-0.147326],[0.244429,0.647946,0.721402],[-0.0497475,-0.734609,0.676664]],[[0.9663,-0.224709,-0.125579],[0.256652,0.803403,0.537283],[-0.0198422,-0.551407,0.834001]],[[0.9663,-0.224709,-0.125579],[0.251747,0.926771,0.278782],[0.0537377,-0.301001,0.952108]],[[0.9663,-0.224709,-0.125579],[0.239396,0.963784,0.117514],[0.0946242,-0.143617,0.985099]]],"btipPosition":[35.3586,268.072,-18.9707],"carpPosition":[33.8719,195.158,84.0026],"dipPosition":[36.6482,266.115,-5.54448],"direction":[-0.0537377,0.301001,-0.952109],"extended":true,"handId":165,"id":1651,"length":46.9111,"mcpPosition":[37.0043,241.414,41.3953],"pipPosition":[37.6843,260.311,12.813],"stabilizedTipPosition":[37.9725,263.198,-8.83339],"timeVisible":10.4932,"tipPosition":[34.4097,262.58,-16.3372],"tipVelocity":[-9.09122,2.64558,1.10778],"tool":false,"touchDistance":-0.139794,"touchZone":"touching","type":1,"width":15.8976},{"bases":[[[0.896813,-0.406172,-0.17536],[0.403477,0.588303,0.70079],[-0.181476,-0.699231,0.691478]],[[0.906081,-0.363513,-0.216509],[0.191862,0.809083,-0.555494],[0.377102,0.461782,0.802839]],[[0.906081,-0.363513,-0.216509],[-0.357305,-0.383338,-0.851695],[0.226606,0.849065,-0.47722]],[[0.906081,-0.363513,-0.216509],[-0.422303,-0.808465,-0.409933],[-0.0260237,0.462865,-0.886047]]],"btipPosition":[35.9357,192.173,35.1249],"carpPosition":[44.3489,194.374,83.1765],"dipPosition":[35.5455,199.111,21.8426],"direction":[-0.226606,-0.849065,0.47722],"extended":false,"handId":165,"id":1652,"length":53.4514,"mcpPosition":[55.1853,236.127,41.8864],"pipPosition":[40.6859,218.371,11.0174],"stabilizedTipPosition":[36.8578,188.053,41.2538],"timeVisible":10.4932,"tipPosition":[35.5808,195.123,30.7951],"tipVelocity":[-5.97152,1.6501,-1.01162],"tool":false,"touchDistance":0.333333,"touchZone":"none","type":2,"width":15.6135},{"bases":[[[0.827347,-0.547828,-0.124018],[0.460528,0.53519,0.708156],[-0.321574,-0.643005,0.695079]],[[0.845142,-0.508285,-0.165475],[0.341119,0.751172,-0.565136],[0.41155,0.421173,0.808232]],[[0.845142,-0.508285,-0.165475],[-0.376178,-0.345611,-0.859676],[0.37977,0.788796,-0.483296]],[[0.845142,-0.508285,-0.165475],[-0.529345,-0.75275,-0.391359],[0.0743606,0.418347,-0.905238]]],"btipPosition":[47.2422,186.864,39.4971],"carpPosition":[54.1705,191.068,81.3962],"dipPosition":[48.3505,193.099,26.0051],"direction":[-0.37977,-0.788796,0.483296],"extended":false,"handId":165,"id":1653,"length":51.395,"mcpPosition":[71.4108,225.541,44.1316],"pipPosition":[56.7426,210.53,15.3252],"stabilizedTipPosition":[48.7193,182.616,46.0083],"timeVisible":10.4932,"tipPosition":[47.7502,189.273,34.7488],"tipVelocity":[-6.00245,1.28541,-2.7155],"tool":false,"touchDistance":0.333333,"touchZone":"none","type":3,"width":14.8573},{"bases":[[[0.697026,-0.699415,-0.158029],[0.553373,0.384543,0.738854],[-0.455996,-0.60245,0.655074]],[[0.740827,-0.63269,-0.225561],[0.464941,0.725373,-0.507606],[0.484774,0.271176,0.83154]],[[0.740827,-0.63269,-0.225561],[-0.426649,-0.183869,-0.88553],[0.518793,0.75226,-0.406152]],[[0.740827,-0.63269,-0.225561],[-0.655305,-0.607047,-0.449522],[0.147482,0.480829,-0.864322]]],"btipPosition":[60.5753,186.589,39.0888],"carpPosition":[61.7408,182.687,76.8324],"dipPosition":[62.6031,193.2,27.2045],"direction":[-0.518793,-0.75226,0.406152],"extended":false,"handId":165,"id":1654,"length":40.2927,"mcpPosition":[84.3711,212.586,44.3222],"pipPosition":[70.6974,204.937,20.8676],"stabilizedTipPosition":[62.2617,183.058,45.8895],"timeVisible":10.4932,"tipPosition":[61.2474,189.194,34.9173],"tipVelocity":[-6.09347,0.832367,-4.19506],"tool":false,"touchDistance":0.333333,"touchZone":"none","type":4,"width":13.1974}],"r":[[0.933646,0.338416,-0.117389],[-0.333361,0.940829,0.060919],[0.131059,-0.0177439,0.991216]],"s":1.17248,"t":[-57.8614,110.882,-12.7879],"timestamp":1132418915617},{"currentFrameRate":57.6812,"devices":[],"gestures":[],"hands":[{"armBasis":[[0.938412,-0.160338,-0.306062],[0.310593,0.779536,0.543926],[0.151375,-0.605488,0.781326]],"armWidth":53.0314,"confidence":1,"direction":[0.247129,0.777727,-0.577986],"elbow":[81.033,27.2928,274.072],"grabAngle":2.8167,"grabStrength":0,"id":165,"palmNormal":[-0.236121,-0.530173,-0.814349],"palmPosition":[51.3813,216.57,51.1947],"palmVelocity":[-3.25738,-1.15337,0.32228],"palmWidth":77.8763,"pinchDistance":52.435,"pinchStrength":0.134071,"r":[[0.933648,0.338296,-0.117719],[-0.33308,0.940853,0.0620775],[0.131757,-0.0187485,0.991105]],"s":1.17258,"sphereCenter":[51.7069,207.892,12.8081],"sphereRadius":40.7067,"stabilizedPalmPosition":[49.1282,208.682,66.7377],"t":[-57.9424,110.881,-12.803],"timeVisible":10.5104,"type":"right","wrist":[46.0522,167.213,93.5174]}],"id":133357,"interactionBox":{"center":[0,200,0],"size":[235.247,235.247,147.751]},"pointables":[{"bases":[[[0.637578,0.490062,0.594419],[-0.747173,0.205379,0.632101],[0.187687,-0.847147,0.497106]],[[0.524436,0.766428,0.370884],[-0.805678,0.305796,0.507317],[0.275407,-0.564869,0.777865]],[[0.524436,0.766428,0.370884],[-0.841079,0.39854,0.365721],[0.132487,-0.50374,0.853635]],[[0.524436,0.766428,0.370884],[-0.851282,0.463327,0.246267],[0.0169052,-0.444878,0.895432]]],"btipPosition":[5.4423,227.584,2.8572],"carpPosition":[21.1276,181.445,76.0246],"dipPosition":[5.7579,219.278,19.5742],"direction":[-0.132487,0.50374,-0.853635],"extended":true,"handId":165,"id":1650,"length":41.5735,"mcpPosition":[21.1276,181.445,76.0246],"pipPosition":[9.36131,205.578,42.7916],"stabilizedTipPosition":[10.5708,223.232,5.2418],"timeVisible":10.5104,"tipPosition":[7.77622,225.434,6.40587],"tipVelocity":[-5.95001,3.7411,2.77627],"tool":false,"touchDistance":-0.208016,"touchZone":"touching","type":0,"width":16.6432},{"bases":[[[0.967926,-0.202347,-0.148915],[0.246241,0.64645,0.722128],[-0.0498546,-0.735635,0.675541]],[[0.965826,-0.225866,-0.127145],[0.258479,0.802934,0.537108],[-0.0192256,-0.551617,0.833876]],[[0.965826,-0.225866,-0.127145],[0.253289,0.926574,0.27804],[0.0550089,-0.300743,0.952118]],[[0.965826,-0.225866,-0.127145],[0.240734,0.963505,0.117069],[0.0960624,-0.143677,0.984951]]],"btipPosition":[35.2578,268.09,-18.9001],"carpPosition":[33.8297,195.108,83.9964],"dipPosition":[36.5671,266.132,-5.47588],"direction":[-0.0550089,0.300743,-0.952118],"extended":true,"handId":165,"id":1651,"length":46.9111,"mcpPosition":[36.9688,241.429,41.4599],"pipPosition":[37.6277,260.334,12.8818],"stabilizedTipPosition":[37.916,263.302,-8.99704],"timeVisible":10.5104,"tipPosition":[34.3358,262.725,-16.2322],"tipVelocity":[-5.58034,1.05168,4.06784],"tool":false,"touchDistance":-0.138625,"touchZone":"touching","type":1,"width":15.8976},{"bases":[[[0.896036,-0.407093,-0.177186],[0.405181,0.586626,0.701212],[-0.181516,-0.700104,0.690584]],[[0.905308,-0.364379,-0.218277],[0.191819,0.809226,-0.5553],[0.378976,0.460848,0.802494]],[[0.905308,-0.364379,-0.218277],[-0.35915,-0.382302,-0.851385],[0.226779,0.84916,-0.476968]],[[0.905308,-0.364379,-0.218277],[-0.423895,-0.807739,-0.409719],[-0.027018,0.463449,-0.885712]]],"btipPosition":[35.8326,192.188,35.1597],"carpPosition":[44.3045,194.312,83.1554],"dipPosition":[35.4276,199.135,21.8824],"direction":[-0.226779,-0.84916,0.476968],"extended":false,"handId":165,"id":1652,"length":53.4514,"mcpPosition":[55.1433,236.117,41.9186],"pipPosition":[40.5718,218.397,11.0629],"stabilizedTipPosition":[36.8467,188.11,41.163],"timeVisible":10.5104,"tipPosition":[35.4701,195.153,30.7911],"tipVelocity":[-6.1749,0.991034,2.08288],"tool":false,"touchDistance":0.333333,"touchZone":"none","type":2,"width":15.6135},{"bases":[[[0.826447,-0.548738,-0.125983],[0.46217,0.533425,0.708418],[-0.321534,-0.643695,0.694458]],[[0.84424,-0.509152,-0.167398],[0.340952,0.751178,-0.565229],[0.413533,0.420114,0.807771]],[[0.84424,-0.509152,-0.167398],[-0.378129,-0.344476,-0.859276],[0.379837,0.788734,-0.483346]],[[0.84424,-0.509152,-0.167398],[-0.530953,-0.751893,-0.390828],[0.0731255,0.418834,-0.905114]]],"btipPosition":[47.1351,186.861,39.5067],"carpPosition":[54.1193,190.996,81.3569],"dipPosition":[48.2249,193.103,26.0166],"direction":[-0.379837,-0.788734,0.483346],"extended":false,"handId":165,"id":1653,"length":51.395,"mcpPosition":[71.3574,225.506,44.1255],"pipPosition":[56.6186,210.532,15.3356],"stabilizedTipPosition":[48.7071,182.668,45.9205],"timeVisible":10.5104,"tipPosition":[47.6351,189.281,34.7203],"tipVelocity":[-6.45626,-0.104479,0.583561],"tool":false,"touchDistance":0.333333,"touchZone":"none","type":3,"width":14.8573},{"bases":[[[0.695878,-0.700094,-0.160068],[0.554852,0.382604,0.738751],[-0.455953,-0.602894,0.654695]],[[0.739463,-0.633704,-0.227187],[0.465115,0.724902,-0.508118],[0.486685,0.270067,0.830784]],[[0.739463,-0.633704,-0.227187],[-0.428318,-0.182521,-0.885003],[0.519363,0.751735,-0.406395]],[[0.739463,-0.633704,-0.227187],[-0.657023,-0.605826,-0.448659],[0.146681,0.481034,-0.864344]]],"btipPosition":[60.4529,186.572,39.0703],"carpPosition":[61.6724,182.612,76.7697],"dipPosition":[62.4698,193.187,27.1857],"direction":[-0.519363,-0.751735,0.406395],"extended":false,"handId":165,"id":1654,"length":40.2927,"mcpPosition":[84.3005,212.533,44.2784],"pipPosition":[70.573,204.915,20.8451],"stabilizedTipPosition":[62.2495,183.104,45.8034],"timeVisible":10.5104,"tipPosition":[61.1326,189.184,34.8695],"tipVelocity":[-7.24287,-0.911984,-1.07392],"tool":false,"touchDistance":0.333333,"touchZone":"none","type":4,"width":13.1974}],"r":[[0.933648,0.338296,-0.117719],[-0.33308,0.940853,0.0620775],[0.131757,-0.0187485,0.991105]],"s":1.17258,"t":[-57.9424,110.881,-12.803],"timestamp":1132418932862},{"currentFrameRate":57.6621,"devices":[],"gestures":[],"hands":[{"armBasis":[[0.937469,-0.161647,-0.308255],[0.312982,0.778981,0.543352],[0.152294,-0.605855,0.780863]],"armWidth":53.0314,"confidence":1,"direction":[0.247411,0.778267,-0.577137],"elbow":[81.1976,27.1216,273.904],"grabAngle":2.81832,"grabStrength":0,"id":165,"palmNormal":[-0.238339,-0.528468,-0.81481],"palmPosition":[51.3366,216.535,51.1963],"palmVelocity":[-2.56983,-2.01801,0.092354],"palmWidth":77.8763,"pinchDistance":52.3886,"pinchStrength":0.133716,"r":[[0.933718,0.337939,-0.118187],[-0.332531,0.940957,0.0634213],[0.132642,-0.0199166,0.990964]],"s":1.17259,"sphereCenter":[51.6371,207.88,12.7896],"sphereRadius":40.7164,"stabilizedPalmPosition":[49.1559,208.78,66.5433],"t":[-58.0052,110.863,-12.8098],"timeVisible":10.5278,"type":"right","wrist":[46.0044,167.127,93.4572]}],"id":133358,"interactionBox":{"center":[0,200,0],"size":[235.247,235.247,147.751]},"pointables":[{"bases":[[[0.639362,0.48807,0.594142],[-0.745781,0.205552,0.633687],[0.187156,-0.848255,0.495415]],[[0.52606,0.765324,0.370864],[-0.804527,0.306486,0.508727],[0.275676,-0.565991,0.776953]],[[0.52606,0.765324,0.370864],[-0.840037,0.399587,0.366971],[0.132659,-0.504588,0.853107]],[[0.52606,0.765324,0.370864],[-0.850271,0.464426,0.247685],[0.01732,-0.445632,0.895049]]],"btipPosition":[5.35878,227.642,2.91298],"carpPosition":[21.0681,181.418,76.0199],"dipPosition":[5.68213,219.323,19.6228],"direction":[-0.132659,0.504588,-0.853107],"extended":true,"handId":165,"id":1650,"length":41.5735,"mcpPosition":[21.0681,181.418,76.0199],"pipPosition":[9.29023,205.599,42.8259],"stabilizedTipPosition":[10.431,223.3,5.28301],"timeVisible":10.5278,"tipPosition":[7.6601,225.543,6.49643],"tipVelocity":[-4.69618,3.16473,3.11032],"tool":false,"touchDistance":-0.207114,"touchZone":"touching","type":0,"width":16.6432},{"bases":[[[0.967348,-0.20366,-0.150868],[0.248491,0.644878,0.722762],[-0.0499065,-0.736651,0.674429]],[[0.965234,-0.227324,-0.129027],[0.260736,0.802483,0.536692],[-0.0184613,-0.551675,0.833855]],[[0.965234,-0.227324,-0.129027],[0.25519,0.926396,0.27689],[0.0565861,-0.30019,0.9522]],[[0.965234,-0.227324,-0.129027],[0.242342,0.96325,0.115845],[0.0979506,-0.143086,0.984851]]],"btipPosition":[35.1545,268.077,-18.8334],"carpPosition":[33.8054,195.048,83.9925],"dipPosition":[36.4895,266.127,-5.41056],"direction":[-0.0565861,0.30019,-0.9522],"extended":true,"handId":165,"id":1651,"length":46.9111,"mcpPosition":[36.9478,241.433,41.526],"pipPosition":[37.5805,260.339,12.9487],"stabilizedTipPosition":[37.8681,263.387,-9.12859],"timeVisible":10.5278,"tipPosition":[34.2621,262.866,-16.1238],"tipVelocity":[-5.59628,-0.63559,3.81288],"tool":false,"touchDistance":-0.137519,"touchZone":"touching","type":1,"width":15.8976},{"bases":[[[0.895081,-0.408244,-0.179351],[0.407299,0.584834,0.701482],[-0.181486,-0.700933,0.689751]],[[0.904353,-0.365479,-0.220388],[0.191715,0.809245,-0.55531],[0.381302,0.459944,0.801911]],[[0.904353,-0.365479,-0.220388],[-0.361441,-0.381274,-0.850877],[0.226949,0.84915,-0.476905]],[[0.904353,-0.365479,-0.220388],[-0.425845,-0.806995,-0.409165],[-0.028311,0.463881,-0.885445]]],"btipPosition":[35.7299,192.19,35.2037],"carpPosition":[44.2775,194.236,83.1327],"dipPosition":[35.3055,199.144,21.9305],"direction":[-0.226949,-0.84915,0.476905],"extended":false,"handId":165,"id":1652,"length":53.4514,"mcpPosition":[55.1145,236.091,41.9457],"pipPosition":[40.4536,218.406,11.1124],"stabilizedTipPosition":[36.8355,188.162,41.0797],"timeVisible":10.5278,"tipPosition":[35.3578,195.171,30.7899],"tipVelocity":[-6.15726,0.221088,2.58341],"tool":false,"touchDistance":0.333333,"touchZone":"none","type":2,"width":15.6135},{"bases":[[[0.82535,-0.54986,-0.12826],[0.464215,0.53153,0.708506],[-0.321405,-0.644306,0.693952]],[[0.843138,-0.510236,-0.169641],[0.340651,0.75098,-0.565673],[0.416024,0.419152,0.806992]],[[0.843138,-0.510236,-0.169641],[-0.380561,-0.34338,-0.85864],[0.379857,0.788511,-0.483693]],[[0.843138,-0.510236,-0.169641],[-0.532915,-0.750976,-0.389918],[0.0715535,0.419159,-0.905089]]],"btipPosition":[47.027,186.839,39.5244],"carpPosition":[54.084,190.907,81.3124],"dipPosition":[48.0935,193.086,26.0346],"direction":[-0.379857,-0.788511,0.483693],"extended":false,"handId":165,"id":1653,"length":51.395,"mcpPosition":[71.3152,225.45,44.1081],"pipPosition":[56.4876,210.511,15.346],"stabilizedTipPosition":[48.6937,182.721,45.8313],"timeVisible":10.5278,"tipPosition":[47.5178,189.275,34.6906],"tipVelocity":[-6.51512,-1.1645,1.01866],"tool":false,"touchDistance":0.333333,"touchZone":"none","type":3,"width":14.8573},{"bases":[[[0.694481,-0.700951,-0.162372],[0.556705,0.380511,0.738439],[-0.455825,-0.603224,0.65448]],[[0.737841,-0.634908,-0.229092],[0.465118,0.724218,-0.509091],[0.489138,0.269073,0.829665]],[[0.737841,-0.634908,-0.229092],[-0.430508,-0.181261,-0.884199],[0.519859,0.751024,-0.407075]],[[0.737841,-0.634908,-0.229092],[-0.659107,-0.604566,-0.447301],[0.145493,0.481033,-0.864546]]],"btipPosition":[60.3294,186.535,39.0551],"carpPosition":[61.6158,182.519,76.6988],"dipPosition":[62.3299,193.149,27.1677],"direction":[-0.519859,-0.751024,0.407075],"extended":false,"handId":165,"id":1654,"length":40.2927,"mcpPosition":[84.2376,212.456,44.2182],"pipPosition":[70.4408,204.866,20.8164],"stabilizedTipPosition":[62.2357,183.15,45.7135],"timeVisible":10.5278,"tipPosition":[61.0157,189.157,34.8151],"tipVelocity":[-7.31142,-2.16293,-0.912479],"tool":false,"touchDistance":0.333333,"touchZone":"none","type":4,"width":13.1974}],"r":[[0.933718,0.337939,-0.118187],[-0.332531,0.940957,0.0634213],[0.132642,-0.0199166,0.990964]],"s":1.17259,"t":[-58.0052,110.863,-12.8098],"timestamp":1132418950268},{"currentFrameRate":57.6804,"devices":[],"gestures":[],"hands":[{"armBasis":[[0.936759,-0.162731,-0.30984],[0.314878,0.778312,0.543214],[0.152754,-0.606423,0.780332]],"armWidth":53.0314,"confidence":1,"direction":[0.247544,0.778729,-0.576458],"elbow":[81.2725,26.9332,273.726],"grabAngle":2.82003,"grabStrength":0,"id":165,"palmNormal":[-0.240197,-0.527076,-0.815166],"palmPosition":[51.3047,216.523,51.193],"palmVelocity":[-1.84565,-0.733655,-0.190237],"palmWidth":77.8763,"pinchDistance":52.3155,"pinchStrength":0.133808,"r":[[0.933824,0.33745,-0.118746],[-0.331835,0.941106,0.0648454],[0.133634,-0.0211501,0.990805]],"s":1.17248,"sphereCenter":[51.6129,207.865,12.7627],"sphereRadius":40.7308,"stabilizedPalmPosition":[49.1819,208.874,66.3574],"t":[-58.0526,110.847,-12.8148],"timeVisible":10.5451,"type":"right","wrist":[45.973,167.07,93.4012]}],"id":133359,"interactionBox":{"center":[0,200,0],"size":[235.247,235.247,147.751]},"pointables":[{"bases":[[[0.640845,0.48647,0.593856],[-0.744592,0.205639,0.635055],[0.186815,-0.849152,0.494004]],[[0.527482,0.76429,0.370977],[-0.803574,0.307119,0.50985],[0.275739,-0.567045,0.776163]],[[0.527482,0.76429,0.370977],[-0.839192,0.400706,0.367684],[0.132364,-0.505268,0.852751]],[[0.527482,0.76429,0.370977],[-0.849392,0.465599,0.248495],[0.0171956,-0.446182,0.894777]]],"btipPosition":[5.32683,227.708,2.95563],"carpPosition":[21.0284,181.41,76.014],"dipPosition":[5.64786,219.378,19.6604],"direction":[-0.132364,0.505268,-0.852751],"extended":true,"handId":165,"id":1650,"length":41.5735,"mcpPosition":[21.0284,181.41,76.014],"pipPosition":[9.24794,205.636,42.8537],"stabilizedTipPosition":[10.317,223.357,5.31733],"timeVisible":10.5451,"tipPosition":[7.56321,225.645,6.57053],"tipVelocity":[-1.87998,3.6776,2.40128],"tool":false,"touchDistance":-0.206423,"touchZone":"touching","type":0,"width":16.6432},{"bases":[[[0.966869,-0.204672,-0.152559],[0.250361,0.643597,0.723258],[-0.0498442,-0.737491,0.673515]],[[0.964738,-0.228536,-0.130586],[0.262616,0.802304,0.536042],[-0.0177348,-0.551434,0.83403]],[[0.964738,-0.228536,-0.130586],[0.256748,0.926348,0.275607],[0.0579824,-0.299416,0.952359]],[[0.964738,-0.228536,-0.130586],[0.243598,0.963146,0.114057],[0.0997076,-0.141846,0.984854]]],"btipPosition":[35.064,268.056,-18.7913],"carpPosition":[33.7946,195.014,83.9861],"dipPosition":[36.423,266.122,-5.36848],"direction":[-0.0579824,0.299416,-0.952359],"extended":true,"handId":165,"id":1651,"length":46.9111,"mcpPosition":[36.9331,241.451,41.5772],"pipPosition":[37.5409,260.349,12.9938],"stabilizedTipPosition":[37.8237,263.462,-9.2457],"timeVisible":10.5451,"tipPosition":[34.1997,263.003,-16.0371],"tipVelocity":[-4.919,-1.0356,2.43387],"tool":false,"touchDistance":-0.136818,"touchZone":"touching","type":1,"width":15.8976},{"bases":[[[0.894303,-0.409127,-0.18121],[0.409062,0.583381,0.701665],[-0.181356,-0.701628,0.689078]],[[0.903569,-0.366318,-0.222204],[0.191515,0.809264,-0.555351],[0.383256,0.459242,0.801381]],[[0.903569,-0.366318,-0.222204],[-0.36342,-0.380623,-0.850325],[0.226914,0.84908,-0.477046]],[[0.903569,-0.366318,-0.222204],[-0.427418,-0.806564,-0.408374],[-0.0296267,0.463968,-0.885356]]],"btipPosition":[35.6544,192.212,35.2433],"carpPosition":[44.2644,194.189,83.1098],"dipPosition":[35.2103,199.167,21.9714],"direction":[-0.226914,-0.84908,0.477046],"extended":false,"handId":165,"id":1652,"length":53.4514,"mcpPosition":[55.0937,236.086,41.963],"pipPosition":[40.3575,218.428,11.1501],"stabilizedTipPosition":[36.8248,188.209,41.0057],"timeVisible":10.5451,"tipPosition":[35.2701,195.201,30.7864],"tipVelocity":[-4.63298,1.30335,2.30979],"tool":false,"touchDistance":0.333333,"touchZone":"none","type":2,"width":15.6135},{"bases":[[[0.824469,-0.550724,-0.130207],[0.465921,0.529997,0.708535],[-0.321198,-0.644831,0.69356]],[[0.842246,-0.511066,-0.171561],[0.340308,0.750852,-0.566049],[0.418105,0.418369,0.806322]],[[0.842246,-0.511066,-0.171561],[-0.382677,-0.342635,-0.857998],[0.379711,0.788298,-0.484156]],[[0.842246,-0.511066,-0.171561],[-0.534528,-0.750368,-0.38888],[0.0700091,0.419236,-0.905174]]],"btipPosition":[46.948,186.842,39.5391],"carpPosition":[54.064,190.851,81.2707],"dipPosition":[47.9914,193.091,26.0481],"direction":[-0.379711,-0.788298,0.484156],"extended":false,"handId":165,"id":1653,"length":51.395,"mcpPosition":[71.2841,225.422,44.0875],"pipPosition":[56.3823,210.511,15.3492],"stabilizedTipPosition":[48.6796,182.772,45.7437],"timeVisible":10.5451,"tipPosition":[47.4267,189.286,34.6625],"tipVelocity":[-4.88157,0.200139,0.835212],"tool":false,"touchDistance":0.333333,"touchZone":"none","type":3,"width":14.8573},{"bases":[[[0.69336,-0.701604,-0.164328],[0.558265,0.378821,0.738129],[-0.455623,-0.603528,0.65434]],[[0.736619,-0.635678,-0.230881],[0.464869,0.723859,-0.509829],[0.491212,0.268221,0.828715]],[[0.736619,-0.635678,-0.230881],[-0.432512,-0.180334,-0.88341],[0.519929,0.750595,-0.407775]],[[0.736619,-0.635678,-0.230881],[-0.660773,-0.603714,-0.445991],[0.14412,0.481085,-0.864746]]],"btipPosition":[60.2414,186.52,39.0386],"carpPosition":[61.5785,182.459,76.6349],"dipPosition":[62.223,193.135,27.1484],"direction":[-0.519929,-0.750595,0.407775],"extended":false,"handId":165,"id":1654,"length":40.2927,"mcpPosition":[84.1903,212.411,44.1612],"pipPosition":[70.335,204.846,20.7862],"stabilizedTipPosition":[62.2211,183.197,45.6241],"timeVisible":10.5451,"tipPosition":[60.9247,189.151,34.7651],"tipVelocity":[-5.3462,-0.836697,-0.993409],"tool":false,"touchDistance":0.333333,"touchZone":"none","type":4,"width":13.1974}],"r":[[0.933824,0.33745,-0.118746],[-0.331835,0.941106,0.0648454],[0.133634,-0.0211501,0.990805]],"s":1.17248,"t":[-58.0526,110.847,-12.8148],"timestamp":1132418967544},{"currentFrameRate":57.6666,"devices":[],"gestures":[],"hands":[{"armBasis":[[0.936127,-0.164121,-0.311015],[0.316764,0.777646,0.543071],[0.15273,-0.606902,0.779964]],"armWidth":53.0314,"confidence":1,"direction":[0.247524,0.777976,-0.577481],"elbow":[81.2535,26.8252,273.623],"grabAngle":2.82159,"grabStrength":0,"id":165,"palmNormal":[-0.242417,-0.527343,-0.814336],"palmPosition":[51.2857,216.494,51.1368],"palmVelocity":[-1.09335,-1.6666,-3.23143],"palmWidth":77.8763,"pinchDistance":52.2671,"pinchStrength":0.133981,"r":[[0.933955,0.33679,-0.119588],[-0.331,0.941322,0.0659703],[0.134789,-0.0220297,0.990629]],"s":1.17231,"sphereCenter":[51.5707,207.768,12.7071],"sphereRadius":40.7398,"stabilizedPalmPosition":[49.1972,208.93,66.2466],"t":[-58.0858,110.825,-12.8454],"timeVisible":10.5625,"type":"right","wrist":[45.9595,167.072,93.384]}],"id":133360,"interactionBox":{"center":[0,200,0],"size":[235.247,235.247,147.751]},"pointables":[{"bases":[[[0.642599,0.486035,0.592314],[-0.743137,0.207103,0.636283],[0.186586,-0.849045,0.494275]],[[0.529088,0.76401,0.369263],[-0.802422,0.308915,0.510579],[0.276017,-0.566446,0.776501]],[[0.529088,0.76401,0.369263],[-0.83817,0.402619,0.367925],[0.132426,-0.50417,0.853391]],[[0.529088,0.76401,0.369263],[-0.848388,0.467322,0.248693],[0.017439,-0.444859,0.895431]]],"btipPosition":[5.28849,227.658,2.93691],"carpPosition":[21.0082,181.44,76.0394],"dipPosition":[5.61406,219.353,19.6539],"direction":[-0.132426,0.50417,-0.853391],"extended":true,"handId":165,"id":1650,"length":41.5735,"mcpPosition":[21.0082,181.44,76.0394],"pipPosition":[9.21583,205.64,42.8646],"stabilizedTipPosition":[10.208,223.409,5.34956],"timeVisible":10.5625,"tipPosition":[7.46296,225.644,6.58979],"tipVelocity":[-2.1452,-2.56414,-0.91506],"tool":false,"touchDistance":-0.206688,"touchZone":"touching","type":0,"width":16.6432},{"bases":[[[0.966308,-0.206087,-0.1542],[0.252567,0.643782,0.722325],[-0.0495901,-0.736935,0.674143]],[[0.964166,-0.230103,-0.132046],[0.264764,0.802953,0.534009],[-0.0168502,-0.549835,0.835104]],[[0.964166,-0.230103,-0.132046],[0.258532,0.926625,0.272995],[0.0595404,-0.297351,0.95291]],[[0.964166,-0.230103,-0.132046],[0.244993,0.963223,0.11036],[0.101796,-0.138755,0.985081]]],"btipPosition":[34.972,267.902,-18.8895],"carpPosition":[33.8074,195.032,83.9779],"dipPosition":[36.3594,266.011,-5.46357],"direction":[-0.0595404,0.297351,-0.95291],"extended":true,"handId":165,"id":1651,"length":46.9111,"mcpPosition":[36.9299,241.434,41.5295],"pipPosition":[37.5074,260.278,12.9094],"stabilizedTipPosition":[37.7825,263.527,-9.35252],"timeVisible":10.5625,"tipPosition":[34.1261,262.977,-16.0935],"tipVelocity":[-4.91558,-8.26177,-5.60582],"tool":false,"touchDistance":-0.138443,"touchZone":"touching","type":1,"width":15.8976},{"bases":[[[0.893414,-0.410464,-0.182568],[0.411147,0.583337,0.700482],[-0.181024,-0.700883,0.689923]],[[0.902661,-0.367697,-0.22361],[0.191191,0.808143,-0.557092],[0.38555,0.460113,0.799779]],[[0.902661,-0.367697,-0.22361],[-0.365727,-0.38157,-0.84891],[0.226819,0.848058,-0.478906]],[[0.902661,-0.367697,-0.22361],[-0.429217,-0.806929,-0.405757],[-0.0312417,0.462238,-0.886205]]],"btipPosition":[35.5828,192.187,35.2824],"carpPosition":[44.2744,194.193,83.0829],"dipPosition":[35.1145,199.116,21.9977],"direction":[-0.226819,-0.848058,0.478905],"extended":false,"handId":165,"id":1652,"length":53.4514,"mcpPosition":[55.0839,236.045,41.8856],"pipPosition":[40.2596,218.354,11.1343],"stabilizedTipPosition":[36.8142,188.253,40.9367],"timeVisible":10.5625,"tipPosition":[35.1856,195.174,30.7801],"tipVelocity":[-4.43796,-1.79074,2.0787],"tool":false,"touchDistance":0.333333,"touchZone":"none","type":2,"width":15.6135},{"bases":[[[0.823484,-0.551929,-0.131333],[0.467947,0.529881,0.707285],[-0.320781,-0.643894,0.694622]],[[0.841237,-0.512326,-0.172749],[0.339838,0.749552,-0.568051],[0.420511,0.419159,0.804659]],[[0.841237,-0.512326,-0.172749],[-0.385084,-0.34348,-0.856582],[0.379513,0.787111,-0.486236]],[[0.841237,-0.512326,-0.172749],[-0.536341,-0.750429,-0.386258],[0.0682541,0.417586,-0.90607]]],"btipPosition":[46.8725,186.804,39.5581],"carpPosition":[54.0661,190.84,81.228],"dipPosition":[47.8898,193.028,26.0537],"direction":[-0.379513,-0.787111,0.486236],"extended":false,"handId":165,"id":1653,"length":51.395,"mcpPosition":[71.2638,225.361,43.9878],"pipPosition":[56.2763,210.421,15.3088],"stabilizedTipPosition":[48.6649,182.824,45.6566],"timeVisible":10.5625,"tipPosition":[47.3397,189.247,34.6388],"tipVelocity":[-4.68604,-2.53612,0.91428],"tool":false,"touchDistance":0.333333,"touchZone":"none","type":3,"width":14.8573},{"bases":[[[0.692108,-0.702658,-0.165102],[0.560141,0.378603,0.736819],[-0.455223,-0.602439,0.655622]],[[0.735128,-0.637199,-0.23144],[0.464728,0.722217,-0.51228],[0.493574,0.269034,0.827046]],[[0.735128,-0.637199,-0.23144],[-0.434726,-0.181123,-0.882161],[0.520193,0.749114,-0.410156]],[[0.735128,-0.637199,-0.23144],[-0.662717,-0.603543,-0.443331],[0.142806,0.479284,-0.865964]]],"btipPosition":[60.151,186.467,39.0255],"carpPosition":[61.5607,182.435,76.5844],"dipPosition":[62.1146,193.057,27.1185],"direction":[-0.520193,-0.749114,0.410156],"extended":false,"handId":165,"id":1654,"length":40.2927,"mcpPosition":[84.1526,212.333,44.0471],"pipPosition":[70.2308,204.744,20.7192],"stabilizedTipPosition":[62.2054,183.243,45.5338],"timeVisible":10.5625,"tipPosition":[60.8378,189.094,34.715],"tipVelocity":[-5.43466,-3.40386,-0.975874],"tool":false,"touchDistance":0.333333,"touchZone":"none","type":4,"width":13.1974}],"r":[[0.933955,0.33679,-0.119588],[-0.331,0.941322,0.0659703],[0.134789,-0.0220297,0.990629]],"s":1.17231,"t":[-58.0858,110.825,-12.8454],"timestamp":1132418984931},{"currentFrameRate":57.671,"devices":[],"gestures":[],"hands":[{"armBasis":[[0.9359,-0.164946,-0.311262],[0.317643,0.777167,0.543244],[0.152296,-0.607293,0.779744]],"armWidth":53.0314,"confidence":1,"direction":[0.247279,0.77802,-0.577528],"elbow":[81.158,26.7119,273.583],"grabAngle":2.82332,"grabStrength":0,"id":165,"palmNormal":[-0.243513,-0.527008,-0.814226],"palmPosition":[51.2781,216.479,51.1554],"palmVelocity":[-0.435682,-0.825749,1.0695],"palmWidth":77.8763,"pinchDistance":52.2234,"pinchStrength":0.133809,"r":[[0.934064,0.336183,-0.120439],[-0.330229,0.941521,0.0669902],[0.135917,-0.0228005,0.990458]],"s":1.17214,"sphereCenter":[51.5834,207.723,12.7159],"sphereRadius":40.7536,"stabilizedPalmPosition":[49.2078,208.968,66.1695],"t":[-58.1061,110.807,-12.8515],"timeVisible":10.5798,"type":"right","wrist":[45.9642,167.049,93.3943]}],"id":133361,"interactionBox":{"center":[0,200,0],"size":[235.247,235.247,147.751]},"pointables":[{"bases":[[[0.643443,0.485577,0.591773],[-0.742374,0.207272,0.637118],[0.186711,-0.849266,0.493848]],[[0.529705,0.763846,0.368716],[-0.801927,0.309426,0.511046],[0.27627,-0.566387,0.776454]],[[0.529705,0.763846,0.368716],[-0.837768,0.403268,0.36813],[0.132504,-0.503899,0.853539]],[[0.529705,0.763846,0.368716],[-0.848,0.46794,0.248852],[0.0175477,-0.44449,0.895612]]],"btipPosition":[5.27588,227.634,2.97219],"carpPosition":[21.0105,181.433,76.08],"dipPosition":[5.60348,219.336,19.6925],"direction":[-0.132504,0.503899,-0.853539],"extended":true,"handId":165,"id":1650,"length":41.5735,"mcpPosition":[21.0105,181.433,76.08],"pipPosition":[9.20735,205.631,42.9073],"stabilizedTipPosition":[10.1414,223.441,5.36969],"timeVisible":10.5798,"tipPosition":[7.40412,225.662,6.65744],"tipVelocity":[-0.70096,-1.28748,2.08128],"tool":false,"touchDistance":-0.206087,"touchZone":"touching","type":0,"width":16.6432},{"bases":[[[0.96605,-0.206491,-0.155269],[0.253621,0.643468,0.722236],[-0.0492245,-0.737096,0.673993]],[[0.963897,-0.230723,-0.132923],[0.26578,0.80329,0.532998],[-0.016199,-0.549084,0.83561]],[[0.963897,-0.230723,-0.132923],[0.259285,0.926902,0.271336],[0.0606035,-0.296005,0.953262]],[[0.963897,-0.230723,-0.132923],[0.245472,0.963386,0.107844],[0.103174,-0.13658,0.985242]]],"btipPosition":[34.9043,267.816,-18.8755],"carpPosition":[33.8244,195.017,84.0089],"dipPosition":[36.3105,265.954,-5.44736],"direction":[-0.0606035,0.296005,-0.953262],"extended":true,"handId":165,"id":1651,"length":46.9111,"mcpPosition":[36.9239,241.429,41.5699],"pipPosition":[37.479,260.247,12.9324],"stabilizedTipPosition":[37.7385,263.594,-9.46339],"timeVisible":10.5798,"tipPosition":[34.0772,263.017,-16.0426],"tipVelocity":[-3.65701,-4.59343,0.83867],"tool":false,"touchDistance":-0.138201,"touchZone":"touching","type":1,"width":15.8976},{"bases":[[[0.893032,-0.410826,-0.183616],[0.41215,0.582956,0.700211],[-0.180625,-0.700988,0.689921]],[[0.902256,-0.368053,-0.224656],[0.190558,0.807704,-0.557944],[0.386808,0.460599,0.798892]],[[0.902256,-0.368053,-0.224656],[-0.367045,-0.382117,-0.848095],[0.226299,0.847658,-0.47986]],[[0.902256,-0.368053,-0.224656],[-0.429967,-0.807292,-0.404237],[-0.032582,0.46132,-0.886635]]],"btipPosition":[35.5581,192.178,35.3645],"carpPosition":[44.29,194.173,83.1026],"dipPosition":[35.0697,199.093,22.0734],"direction":[-0.226299,-0.847658,0.47986],"extended":false,"handId":165,"id":1652,"length":53.4514,"mcpPosition":[55.0757,236.031,41.9055],"pipPosition":[40.203,218.321,11.1883],"stabilizedTipPosition":[36.8082,188.277,40.8989],"timeVisible":10.5798,"tipPosition":[35.1479,195.168,30.815],"tipVelocity":[-1.69228,-0.723362,4.65362],"tool":false,"touchDistance":0.333333,"touchZone":"none","type":2,"width":15.6135},{"bases":[[[0.823091,-0.552274,-0.132346],[0.468932,0.529472,0.706939],[-0.320351,-0.643936,0.694782]],[[0.840819,-0.512667,-0.173769],[0.339097,0.749061,-0.569141],[0.421944,0.41962,0.803668]],[[0.840819,-0.512667,-0.173769],[-0.386575,-0.343972,-0.855712],[0.378923,0.786674,-0.487402]],[[0.840819,-0.512667,-0.173769],[-0.537188,-0.750677,-0.384595],[0.0667246,0.416722,-0.906582]]],"btipPosition":[46.8464,186.788,39.6268],"carpPosition":[54.0782,190.816,81.2366],"dipPosition":[47.8409,192.999,26.1148],"direction":[-0.378923,-0.786674,0.487402],"extended":false,"handId":165,"id":1653,"length":51.395,"mcpPosition":[71.2529,225.339,43.9879],"pipPosition":[56.2143,210.383,15.3442],"stabilizedTipPosition":[48.656,182.854,45.6057],"timeVisible":10.5798,"tipPosition":[47.3015,189.236,34.6606],"tipVelocity":[-1.81324,-1.06344,3.86628],"tool":false,"touchDistance":0.333333,"touchZone":"none","type":3,"width":14.8573},{"bases":[[[0.69161,-0.702932,-0.166018],[0.561087,0.378143,0.736335],[-0.454815,-0.602407,0.655934]],[[0.734638,-0.637391,-0.232464],[0.463822,0.721889,-0.513562],[0.495153,0.26946,0.825963]],[[0.734638,-0.637391,-0.232464],[-0.436336,-0.181492,-0.88129],[0.519536,0.748861,-0.411447]],[[0.734638,-0.637391,-0.232464],[-0.663636,-0.603859,-0.441522],[0.141047,0.47863,-0.866613]]],"btipPosition":[60.124,186.44,39.0681],"carpPosition":[61.5641,182.409,76.5829],"dipPosition":[62.0634,193.021,27.1522],"direction":[-0.519536,-0.748861,0.411447],"extended":false,"handId":165,"id":1654,"length":40.2927,"mcpPosition":[84.1357,212.305,44.0301],"pipPosition":[70.1693,204.705,20.7327],"stabilizedTipPosition":[62.1937,183.277,45.4679],"timeVisible":10.5798,"tipPosition":[60.7997,189.077,34.7205],"tipVelocity":[-1.87973,-1.65677,2.34024],"tool":false,"touchDistance":0.333333,"touchZone":"none","type":4,"width":13.1974}],"r":[[0.934064,0.336183,-0.120439],[-0.330229,0.941521,0.0669902],[0.135917,-0.0228005,0.990458]],"s":1.17214,"t":[-58.1061,110.807,-12.8515],"timestamp":1132419002256},{"currentFrameRate":57.6513,"devices":[],"gestures":[],"hands":[{"armBasis":[[0.935944,-0.165406,-0.310886],[0.317818,0.776964,0.543432],[0.151661,-0.607427,0.779764]],"armWidth":53.0314,"confidence":1,"direction":[0.247418,0.778674,-0.576586],"elbow":[80.9891,26.6429,273.562],"grabAngle":2.82494,"grabStrength":0,"id":165,"palmNormal":[-0.24351,-0.526014,-0.81487],"palmPosition":[51.2703,216.483,51.1821],"palmVelocity":[-0.451175,0.23556,1.53307],"palmWidth":77.8763,"pinchDistance":52.1821,"pinchStrength":0.133596,"r":[[0.93416,0.335704,-0.121026],[-0.32959,0.94167,0.0680234],[0.136803,-0.0236557,0.990316]],"s":1.17196,"sphereCenter":[51.6359,207.731,12.7219],"sphereRadius":40.7679,"stabilizedPalmPosition":[49.2135,208.989,66.1284],"t":[-58.1202,110.8,-12.8411],"timeVisible":10.5972,"type":"right","wrist":[45.9423,167.011,93.3692]}],"id":133362,"interactionBox":{"center":[0,200,0],"size":[235.247,235.247,147.751]},"pointables":[{"bases":[[[0.643453,0.484799,0.5924],[-0.742401,0.206605,0.637303],[0.186571,-0.849873,0.492856]],[[0.529616,0.76357,0.369416],[-0.802062,0.309066,0.511053],[0.276051,-0.566956,0.776116]],[[0.529616,0.76357,0.369416],[-0.837889,0.403114,0.368024],[0.132096,-0.504441,0.853282]],[[0.529616,0.76357,0.369416],[-0.848064,0.467848,0.248809],[0.0171525,-0.445061,0.895336]]],"btipPosition":[5.28969,227.662,2.98146],"carpPosition":[20.9965,181.411,76.0627],"dipPosition":[5.60992,219.353,19.6967],"direction":[-0.132096,0.504441,-0.853282],"extended":true,"handId":165,"id":1650,"length":41.5735,"mcpPosition":[20.9965,181.411,76.0627],"pipPosition":[9.20268,205.633,42.9044],"stabilizedTipPosition":[10.0731,223.474,5.3905],"timeVisible":10.5972,"tipPosition":[7.39452,225.724,6.69193],"tipVelocity":[0.696005,1.46163,0.463923],"tool":false,"touchDistance":-0.205952,"touchZone":"touching","type":0,"width":16.6432},{"bases":[[[0.966038,-0.206421,-0.155435],[0.253639,0.642582,0.723019],[-0.0493663,-0.737888,0.673115]],[[0.963862,-0.230847,-0.132963],[0.265907,0.803267,0.532969],[-0.0162296,-0.549064,0.835622]],[[0.963862,-0.230847,-0.132963],[0.259359,0.927147,0.270429],[0.0608485,-0.295142,0.953514]],[[0.963862,-0.230847,-0.132963],[0.245434,0.963574,0.106238],[0.103595,-0.135032,0.985411]]],"btipPosition":[34.8908,267.795,-18.828],"carpPosition":[33.8113,194.984,84.0087],"dipPosition":[36.3027,265.954,-5.39752],"direction":[-0.0608485,0.295142,-0.953514],"extended":true,"handId":165,"id":1651,"length":46.9111,"mcpPosition":[36.9197,241.446,41.625],"pipPosition":[37.4759,260.264,12.9871],"stabilizedTipPosition":[37.7146,263.629,-9.52276],"timeVisible":10.5972,"tipPosition":[34.0885,263.134,-15.9605],"tipVelocity":[-0.701703,-0.942032,2.76051],"tool":false,"touchDistance":-0.137399,"touchZone":"touching","type":1,"width":15.8976},{"bases":[[[0.892999,-0.410714,-0.18403],[0.412163,0.582077,0.700934],[-0.180764,-0.701784,0.689075]],[[0.902231,-0.367894,-0.225019],[0.190401,0.807987,-0.557588],[0.386946,0.46023,0.799038]],[[0.902231,-0.367894,-0.225019],[-0.367199,-0.381731,-0.848202],[0.226151,0.847901,-0.4795]],[[0.902231,-0.367894,-0.225019],[-0.429997,-0.807234,-0.404322],[-0.0328953,0.461549,-0.886504]]],"btipPosition":[35.5561,192.198,35.3989],"carpPosition":[44.277,194.14,83.1023],"dipPosition":[35.0629,199.117,22.1098],"direction":[-0.226151,-0.847901,0.4795],"extended":false,"handId":165,"id":1652,"length":53.4514,"mcpPosition":[55.0709,236.046,41.9557],"pipPosition":[40.1929,218.35,11.2329],"stabilizedTipPosition":[36.8043,188.293,40.8747],"timeVisible":10.5972,"tipPosition":[35.14,195.195,30.819],"tipVelocity":[-0.178056,1.18465,2.00334],"tool":false,"touchDistance":0.333333,"touchZone":"none","type":2,"width":15.6135},{"bases":[[[0.823036,-0.552214,-0.132934],[0.468938,0.528578,0.707604],[-0.320483,-0.644721,0.693992]],[[0.840772,-0.51256,-0.174309],[0.338828,0.749294,-0.568994],[0.422253,0.419334,0.803655]],[[0.840772,-0.51256,-0.174309],[-0.386896,-0.343637,-0.855702],[0.3787,0.78689,-0.487228]],[[0.840772,-0.51256,-0.174309],[-0.537332,-0.750698,-0.384352],[0.06615,0.416814,-0.906581]]],"btipPosition":[46.8426,186.803,39.6622],"carpPosition":[54.0649,190.784,81.2331],"dipPosition":[47.8286,193.015,26.1502],"direction":[-0.3787,-0.78689,0.487228],"extended":false,"handId":165,"id":1653,"length":51.395,"mcpPosition":[71.2467,225.349,44.0267],"pipPosition":[56.1971,210.404,15.3834],"stabilizedTipPosition":[48.6509,182.871,45.5763],"timeVisible":10.5972,"tipPosition":[47.2911,189.257,34.6601],"tipVelocity":[-0.327286,0.838364,2.03375],"tool":false,"touchDistance":0.333333,"touchZone":"none","type":3,"width":14.8573},{"bases":[[[0.69154,-0.702817,-0.166795],[0.561073,0.377203,0.736828],[-0.454939,-0.60313,0.655183]],[[0.734739,-0.636925,-0.233422],[0.463137,0.722424,-0.513428],[0.495644,0.269129,0.825776]],[[0.734739,-0.636925,-0.233422],[-0.436841,-0.181005,-0.88114],[0.518969,0.749376,-0.411226]],[[0.734739,-0.636925,-0.233422],[-0.663748,-0.604009,-0.441148],[0.13999,0.479062,-0.866546]]],"btipPosition":[60.1258,186.444,39.0934],"carpPosition":[61.5501,182.382,76.57],"dipPosition":[62.0506,193.031,27.1784],"direction":[-0.518969,-0.749376,0.411226],"extended":false,"handId":165,"id":1654,"length":40.2927,"mcpPosition":[84.1279,212.314,44.0545],"pipPosition":[70.1477,204.723,20.7624],"stabilizedTipPosition":[62.1877,183.294,45.4339],"timeVisible":10.5972,"tipPosition":[60.7894,189.097,34.7195],"tipVelocity":[-0.0919549,0.310384,1.46537],"tool":false,"touchDistance":0.333333,"touchZone":"none","type":4,"width":13.1974}],"r":[[0.93416,0.335704,-0.121026],[-0.32959,0.94167,0.0680234],[0.136803,-0.0236557,0.990316]],"s":1.17196,"t":[-58.1202,110.8,-12.8411],"timestamp":1132419019667},{"currentFrameRate":