{"frames":20,"data":[{"currentFrameRate":57.657,"devices":[],"gestures":[],"hands":[{"armBasis":[[0.842896,0.189939,-0.503437],[0.156693,0.808427,0.567356],[0.514755,-0.557108,0.651658]],"armWidth":54.6881,"confidence":1,"direction":[-0.291468,0.565509,-0.771522],"elbow":[100.215,50.8253,263.419],"grabAngle":2.92949,"grabStrength":0,"id":52,"palmNormal":[-0.1491,-0.823541,-0.547311],"palmPosition":[-49.2984,215.988,60.1118],"palmVelocity":[291.735,-0.681602,-136.184],"palmWidth":79.3954,"pinchDistance":39.1589,"pinchStrength":0.488635,"r":[[0.779906,0.37315,-0.502499],[-0.451793,0.891254,-0.0393726],[0.433162,0.257732,0.863681]],"s":0.936405,"sphereCenter":[-55.8494,193.019,28.2983],"sphereRadius":37.5296,"stabilizedPalmPosition":[-64.8265,217.568,71.3365],"t":[-163.907,60.6648,-28.6761],"timeVisible":1.19679,"type":"right","wrist":[-21.0584,182.077,109.892]}],"id":27695,"interactionBox":{"center":[0,200,0],"size":[235.247,235.247,147.751]},"pointables":[{"bases":[[[0.882537,0.138808,-0.449289],[0.0812942,0.896019,0.436511],[0.463162,-0.421762,0.779486]],[[0.930619,0.0885652,-0.355112],[-0.0556491,0.993239,0.101879],[0.361734,-0.0750486,0.929256]],[[0.930619,0.0885652,-0.355112],[-0.146764,0.979155,-0.140414],[0.335273,0.18279,0.924218]],[[0.930619,0.0885652,-0.355112],[-0.201541,0.933923,-0.295245],[0.305498,0.34633,0.886976]]],"btipPosition":[-100.868,222.783,-15.2535],"carpPosition":[-46.2849,201.83,101.437],"dipPosition":[-96.3743,227.877,-2.20622],"direction":[-0.335273,-0.18279,-0.924218],"extended":true,"handId":52,"id":521,"length":50.6302,"mcpPosition":[-76.0175,228.905,51.3979],"pipPosition":[-89.3975,231.681,17.0263],"stabilizedTipPosition":[-115.004,227.032,-0.97404],"timeVisible":1.19679,"tipPosition":[-100.242,222.845,-11.8102],"tipVelocity":[341.915,25.0589,-175.16],"tool":false,"touchDistance":-0.217505,"touchZone":"hovering","type":1,"width":16.4795},{"bases":[[[0.456706,0.864849,0.208462],[-0.580012,0.111796,0.8069],[0.674542,-0.489426,0.552681]],[[0.298744,0.950716,0.0830194],[-0.811718,0.207389,0.545989],[0.501863,-0.230499,0.833669]],[[0.298744,0.950716,0.0830194],[-0.946559,0.284106,0.152675],[0.121564,-0.124193,0.984783]],[[0.298744,0.950716,0.0830194],[-0.922989,0.309948,-0.228084],[-0.242575,-0.00848725,0.970096]]],"btipPosition":[-73.2974,196.043,16.8187],"carpPosition":[-52.7572,182.186,101.585],"dipPosition":[-78.1851,195.872,36.3654],"direction":[-0.121564,0.124193,-0.984783],"extended":false,"handId":52,"id":520,"length":44.8695,"mcpPosition":[-52.7572,182.186,101.585],"pipPosition":[-74.6167,192.226,65.2732],"stabilizedTipPosition":[-87.1224,198.227,29.5914],"timeVisible":1.19679,"tipPosition":[-78.1634,195.449,21.5991],"tipVelocity":[303.033,1.15176,-152.284],"tool":false,"touchDistance":0.0862175,"touchZone":"hovering","type":0,"width":17.2524},{"bases":[[[0.910122,-0.0742469,-0.407634],[0.239476,0.897109,0.371277],[0.338126,-0.435526,0.834259]],[[0.92876,-0.100229,-0.356875],[-0.238576,0.575214,-0.782438],[0.283703,0.811839,0.510324]],[[0.92876,-0.100229,-0.356875],[-0.300851,-0.766252,-0.567755],[-0.216551,0.634674,-0.741818]],[[0.92876,-0.100229,-0.356875],[-0.0893378,-0.994896,0.0469191],[-0.359756,-0.0116941,-0.932973]]],"btipPosition":[-58.2574,182.328,58.2],"carpPosition":[-37.0221,204.853,96.9092],"dipPosition":[-64.0778,182.139,43.1055],"direction":[0.216551,-0.634674,0.741818],"extended":false,"handId":52,"id":522,"length":57.689,"mcpPosition":[-57.6064,231.367,46.1215],"pipPosition":[-69.3795,197.677,24.9441],"stabilizedTipPosition":[-73.0515,183.96,63.0513],"timeVisible":1.19679,"tipPosition":[-60.1888,180.499,51.1921],"tipVelocity":[291.656,-2.82899,-128.772],"tool":false,"touchDistance":0.333333,"touchZone":"none","type":2,"width":16.1851},{"bases":[[[0.9293,-0.204944,-0.307244],[0.314545,0.875171,0.367609],[0.193551,-0.438261,0.877761]],[[0.939234,-0.230855,-0.254057],[-0.0929076,0.541518,-0.835539],[0.330465,0.808371,0.487165]],[[0.939234,-0.230855,-0.254057],[-0.337346,-0.757708,-0.558638],[-0.0635363,0.610397,-0.789543]],[[0.939234,-0.230855,-0.254057],[-0.209325,-0.971737,0.10913],[-0.27207,-0.049318,-0.961013]]],"btipPosition":[-44.7669,184.172,59.8286],"carpPosition":[-27.3677,205.078,92.2555],"dipPosition":[-49.1434,183.379,44.3698],"direction":[0.0635363,-0.610397,0.789543],"extended":false,"handId":52,"id":523,"length":55.4695,"mcpPosition":[-37.9468,229.032,44.2789],"pipPosition":[-50.6587,197.937,25.5392],"stabilizedTipPosition":[-59.0445,185.444,64.068],"timeVisible":1.19679,"tipPosition":[-45.6034,182.758,53.8759],"tipVelocity":[289.81,-4.46636,-119.335],"tool":false,"touchDistance":0.333333,"touchZone":"none","type":3,"width":15.4011},{"bases":[[[0.880624,-0.396058,-0.260075],[0.471112,0.79046,0.391441],[0.0505458,-0.467237,0.882686]],[[0.871524,-0.48556,-0.0683877],[0.196621,0.473811,-0.858396],[0.449205,0.734666,0.508409]],[[0.871524,-0.48556,-0.0683877],[-0.432289,-0.694988,-0.574559],[0.231454,0.530305,-0.815601]],[[0.871524,-0.48556,-0.0683877],[-0.475942,-0.871207,0.120322],[-0.118003,-0.072315,-0.990377]]],"btipPosition":[-36.3259,192.433,55.191],"carpPosition":[-17.9472,199.014,86.8976],"dipPosition":[-38.077,191.359,40.4938],"direction":[-0.231454,-0.530305,0.815601],"extended":false,"handId":52,"id":524,"length":43.4871,"mcpPosition":[-20.5047,222.654,42.237],"pipPosition":[-34.1796,200.289,26.7598],"stabilizedTipPosition":[-49.922,193.623,59.5696],"timeVisible":1.19679,"tipPosition":[-34.526,189.951,49.9272],"tipVelocity":[293.1,-6.78772,-117.805],"tool":false,"touchDistance":0.333333,"touchZone":"none","type":4,"width":13.6805}],"r":[[0.779906,0.37315,-0.502499],[-0.451793,0.891254,-0.0393726],[0.433162,0.257732,0.863681]],"s":0.936405,"t":[-163.907,60.6648,-28.6761],"timestamp":1130725933437},{"currentFrameRate":57.6509,"devices":[],"gestures":[],"hands":[{"armBasis":[[0.854586,0.175365,-0.488804],[0.15515,0.812051,0.562585],[0.495591,-0.556616,0.66676]],"armWidth":54.6881,"confidence":1,"direction":[-0.279465,0.568336,-0.773882],"elbow":[100.611,51.0368,265.068],"grabAngle":2.92998,"grabStrength":0,"id":52,"palmNormal":[-0.150361,-0.821957,-0.549343],"palmPosition":[-43.5476,216.286,57.8679],"palmVelocity":[331.154,17.1341,-129.212],"palmWidth":79.3954,"pinchDistance":39.2233,"pinchStrength":0.477526,"r":[[0.784476,0.369446,-0.498103],[-0.45047,0.891487,-0.0482363],[0.426232,0.262221,0.865775]],"s":0.939575,"sphereCenter":[-50.0547,193.489,26.0219],"sphereRadius":37.5725,"stabilizedPalmPosition":[-57.6446,217.135,66.7906],"t":[-158.865,60.8247,-30.9507],"timeVisible":1.21416,"type":"right","wrist":[-16.1474,182.172,107.983]}],"id":27696,"interactionBox":{"center":[0,200,0],"size":[235.247,235.247,147.751]},"pointables":[{"bases":[[[0.887924,0.132058,-0.440626],[0.0842108,0.895048,0.437947],[0.452215,-0.425969,0.783614]],[[0.934781,0.0812545,-0.345807],[-0.0460806,0.992999,0.108761],[0.352224,-0.0857328,0.931981]],[[0.934781,0.0812545,-0.345807],[-0.134924,0.981748,-0.134041],[0.328604,0.171957,0.928682]],[[0.934781,0.0812545,-0.345807],[-0.189991,0.936909,-0.293435],[0.300147,0.339998,0.891242]]],"btipPosition":[-94.3586,224.013,-18.0022],"carpPosition":[-41.0473,202.077,99.2096],"dipPosition":[-89.9435,229.014,-4.8922],"direction":[-0.328604,-0.171957,-0.928682],"extended":true,"handId":52,"id":521,"length":50.6302,"mcpPosition":[-70.0772,229.422,48.9056],"pipPosition":[-83.1054,232.593,14.4332],"stabilizedTipPosition":[-105.115,226.179,-7.37156],"timeVisible":1.21416,"tipPosition":[-93.7248,223.644,-14.5519],"tipVelocity":[373.803,69.5994,-157.452],"tool":false,"touchDistance":-0.268062,"touchZone":"hovering","type":1,"width":16.4795},{"bases":[[[0.461552,0.861035,0.213517],[-0.586885,0.115883,0.801335],[0.665234,-0.495167,0.558814]],[[0.305517,0.948238,0.0866292],[-0.816316,0.213999,0.5365],[0.490191,-0.234627,0.839442]],[[0.305517,0.948238,0.0866292],[-0.945097,0.290903,0.14889],[0.115982,-0.127361,0.985052]],[[0.305517,0.948238,0.0866292],[-0.920838,0.317386,-0.226548],[-0.242317,-0.010557,0.97014]]],"btipPosition":[-67.5504,196.655,14.2538],"carpPosition":[-47.6772,182.485,99.2805],"dipPosition":[-72.4329,196.443,33.8015],"direction":[-0.115982,0.127361,-0.985052],"extended":false,"handId":52,"id":520,"length":44.8695,"mcpPosition":[-47.6772,182.485,99.2805],"pipPosition":[-69.0284,192.704,62.7172],"stabilizedTipPosition":[-79.1639,197.528,24.9146],"timeVisible":1.21416,"tipPosition":[-72.145,196.013,19.0574],"tipVelocity":[331.001,34.7422,-147.68],"tool":false,"touchDistance":0.100942,"touchZone":"hovering","type":0,"width":17.2524},{"bases":[[[0.913404,-0.0812383,-0.398865],[0.24302,0.894919,0.374247],[0.326549,-0.438771,0.837165]],[[0.931341,-0.107403,-0.347948],[-0.227959,0.573168,-0.787092],[0.283968,0.812369,0.509332]],[[0.931341,-0.107403,-0.347948],[-0.300858,-0.765265,-0.569081],[-0.205152,0.634692,-0.745036]],[[0.931341,-0.107403,-0.347948],[-0.0969291,-0.994161,0.0474249],[-0.35101,-0.0104425,-0.936314]]],"btipPosition":[-52.6794,182.658,56.0619],"carpPosition":[-31.7172,205.029,94.774],"dipPosition":[-58.3583,182.49,40.9133],"direction":[0.205152,-0.634692,0.745036],"extended":false,"handId":52,"id":522,"length":57.689,"mcpPosition":[-51.5968,231.74,43.8094],"pipPosition":[-63.3809,198.028,22.6732],"stabilizedTipPosition":[-65.2873,183.414,58.7862],"timeVisible":1.21416,"tipPosition":[-54.6238,180.917,48.8752],"tipVelocity":[323.076,19.277,-123.836],"tool":false,"touchDistance":0.333333,"touchZone":"none","type":2,"width":16.1851},{"bases":[[[0.930566,-0.212152,-0.298392],[0.317944,0.872385,0.37129],[0.181543,-0.440382,0.879265]],[[0.939778,-0.238177,-0.245131],[-0.0822107,0.538626,-0.838524],[0.331751,0.808179,0.486608]],[[0.939778,-0.238177,-0.245131],[-0.337812,-0.756326,-0.560227],[-0.0519655,0.609297,-0.791237]],[[0.939778,-0.238177,-0.245131],[-0.217731,-0.970039,0.107789],[-0.263459,-0.0479255,-0.963479]]],"btipPosition":[-39.2236,184.401,57.8065],"carpPosition":[-22.0168,205.179,90.2141],"dipPosition":[-43.4616,183.63,42.308],"direction":[0.0519655,-0.609297,0.791237],"extended":false,"handId":52,"id":523,"length":55.4695,"mcpPosition":[-31.9395,229.25,42.1553],"pipPosition":[-44.7009,198.161,23.437],"stabilizedTipPosition":[-51.2147,184.937,59.9856],"timeVisible":1.21416,"tipPosition":[-40.0595,183.048,51.6792],"tipVelocity":[321.039,13.4439,-116.965],"tool":false,"touchDistance":0.333333,"touchZone":"none","type":3,"width":15.4011},{"bases":[[[0.879913,-0.402903,-0.25184],[0.473592,0.786411,0.396572],[0.0382697,-0.468218,0.882784]],[[0.868387,-0.492096,-0.0612031],[0.205679,0.469731,-0.858515],[0.451221,0.732935,0.509123]],[[0.868387,-0.492096,-0.0612031],[-0.432838,-0.691953,-0.5778],[0.241983,0.528245,-0.813881]],[[0.868387,-0.492096,-0.0612031],[-0.483412,-0.867578,0.116713],[-0.110533,-0.0717659,-0.991278]]],"btipPosition":[-30.7006,192.591,53.1942],"carpPosition":[-12.5936,199.044,84.9431],"dipPosition":[-32.3409,191.526,38.4836],"direction":[-0.241983,-0.528245,0.813881],"extended":false,"handId":52,"id":524,"length":43.4871,"mcpPosition":[-14.5299,222.734,40.2775],"pipPosition":[-28.2662,200.421,24.7786],"stabilizedTipPosition":[-41.9982,193.086,55.466],"timeVisible":1.21416,"tipPosition":[-28.9067,190.16,47.8266],"tipVelocity":[325.39,9.24479,-115.161],"tool":false,"touchDistance":0.333333,"touchZone":"none","type":4,"width":13.6805}],"r":[[0.784476,0.369446,-0.498103],[-0.45047,0.891487,-0.0482363],[0.426232,0.262221,0.865775]],"s":0.939575,"t":[-158.865,60.8247,-30.9507],"timestamp":1130725950803},{"currentFrameRate":57.6727,"devices":[],"gestures":[],"hands":[{"armBasis":[[0.868034,0.164508,-0.46846],[0.14613,0.817077,0.557702],[0.474514,-0.55256,0.68521]],"armWidth":54.6881,"confidence":1,"direction":[-0.268288,0.570712,-0.776086],"elbow":[101.534,51.7121,267.537],"grabAngle":2.92219,"grabStrength":0,"id":52,"palmNormal":[-0.144599,-0.820351,-0.553276],"palmPosition":[-36.8257,216.104,55.604],"palmVelocity":[389.291,-10.5094,-131.108],"palmWidth":79.3954,"pinchDistance":39.681,"pinchStrength":0.472946,"r":[[0.789526,0.36646,-0.492297],[-0.448899,0.891822,-0.0560632],[0.418496,0.265255,0.86862]],"s":0.943162,"sphereCenter":[-43.1997,193.518,23.6838],"sphereRadius":37.6023,"stabilizedPalmPosition":[-47.1037,216.613,61.1267],"t":[-152.982,60.8139,-33.2199],"timeVisible":1.23143,"type":"right","wrist":[-10.2591,181.892,106.105]}],"id":27697,"interactionBox":{"center":[0,200,0],"size":[235.247,235.247,147.751]},"pointables":[{"bases":[[[0.893858,0.131525,-0.428625],[0.0800446,0.893831,0.441202],[0.441147,-0.428681,0.78843]],[[0.939555,0.0801723,-0.332879],[-0.0415464,0.991711,0.121584],[0.339868,-0.100405,0.935098]],[[0.939555,0.0801723,-0.332879],[-0.125881,0.984994,-0.118069],[0.318418,0.152835,0.935549]],[[0.939555,0.0801723,-0.332879],[-0.179363,0.943377,-0.279048],[0.291659,0.321887,0.900735]]],"btipPosition":[-86.6997,225.108,-20.9787],"carpPosition":[-34.8929,201.79,96.9401],"dipPosition":[-82.4095,229.843,-7.72906],"direction":[-0.318418,-0.152835,-0.935549],"extended":true,"handId":52,"id":521,"length":50.6302,"mcpPosition":[-63.2122,229.31,46.327],"pipPosition":[-75.7834,233.023,11.7392],"stabilizedTipPosition":[-92.6687,226.191,-14.1455],"timeVisible":1.23143,"tipPosition":[-86.0164,223.878,-17.4782],"tipVelocity":[441.89,59.8659,-170.521],"tool":false,"touchDistance":-0.313754,"touchZone":"hovering","type":1,"width":16.4795},{"bases":[[[0.460235,0.859682,0.221655],[-0.597136,0.114998,0.793854],[0.656972,-0.497717,0.566273]],[[0.306074,0.947456,0.0929799],[-0.824513,0.214992,0.523408],[0.475916,-0.236865,0.846994]],[[0.306074,0.947456,0.0929799],[-0.946167,0.29194,0.139781],[0.105292,-0.130758,0.985807]],[[0.306074,0.947456,0.0929799],[-0.91908,0.319539,-0.230623],[-0.248215,-0.0148684,0.968591]]],"btipPosition":[-60.3766,196.665,11.5296],"carpPosition":[-41.5578,182.21,96.8762],"dipPosition":[-65.3779,196.366,31.046],"direction":[-0.105292,0.130758,-0.985807],"extended":false,"handId":52,"id":520,"length":44.8695,"mcpPosition":[-41.5578,182.21,96.8762],"pipPosition":[-62.2871,192.527,59.9839],"stabilizedTipPosition":[-68.5226,196.966,19.547],"timeVisible":1.23143,"tipPosition":[-64.9219,195.982,16.3699],"tipVelocity":[413.885,-0.588219,-158.188],"tool":false,"touchDistance":0.133918,"touchZone":"hovering","type":0,"width":17.2524},{"bases":[[[0.91841,-0.0819167,-0.387056],[0.239675,0.89357,0.379589],[0.314767,-0.441386,0.840298]],[[0.935632,-0.108237,-0.335972],[-0.217047,0.574192,-0.789426],[0.278357,0.811535,0.51374]],[[0.935632,-0.108237,-0.335972],[-0.295416,-0.761061,-0.577508],[-0.193188,0.639587,-0.744048]],[[0.935632,-0.108237,-0.335972],[-0.100619,-0.994118,0.0400558],[-0.338331,-0.00367241,-0.94102]]],"btipPosition":[-46.0103,182.331,53.6006],"carpPosition":[-25.5002,204.736,92.6344],"dipPosition":[-51.4841,182.271,38.3759],"direction":[0.193188,-0.639587,0.744048],"extended":false,"handId":52,"id":522,"length":57.689,"mcpPosition":[-44.6625,231.607,41.4791],"pipPosition":[-56.2138,197.93,20.1599],"stabilizedTipPosition":[-55.0031,182.788,53.8277],"timeVisible":1.23143,"tipPosition":[-47.8398,180.794,46.4182],"tipVelocity":[388.966,-17.5204,-143.557],"tool":false,"touchDistance":0.333333,"touchZone":"none","type":2,"width":16.1851},{"bases":[[[0.934022,-0.213104,-0.286687],[0.314591,0.870909,0.377559],[0.169219,-0.442837,0.880489]],[[0.942488,-0.239275,-0.233373],[-0.0707327,0.539626,-0.838928],[0.326669,0.807187,0.491667]],[[0.942488,-0.239275,-0.233373],[-0.331947,-0.751711,-0.569862],[-0.0390758,0.614556,-0.787905]],[[0.942488,-0.239275,-0.233373],[-0.22218,-0.970131,0.0973792],[-0.249703,-0.0399279,-0.967499]]],"btipPosition":[-32.6069,184.02,55.5185],"carpPosition":[-15.7406,204.881,88.2024],"dipPosition":[-36.6236,183.378,39.9554],"direction":[0.0390758,-0.614556,0.787905],"extended":false,"handId":52,"id":523,"length":55.4695,"mcpPosition":[-24.9897,229.085,40.0767],"pipPosition":[-37.5556,198.035,21.1639],"stabilizedTipPosition":[-40.9195,184.317,55.3011],"timeVisible":1.23143,"tipPosition":[-33.3181,182.887,49.4104],"tipVelocity":[386.143,-20.3093,-133.367],"tool":false,"touchDistance":0.333333,"touchZone":"none","type":3,"width":15.4011},{"bases":[[[0.882425,-0.403876,-0.241269],[0.469742,0.784593,0.404668],[0.0258629,-0.470423,0.882062]],[[0.8683,-0.493374,-0.0513497],[0.21663,0.470293,-0.855509],[0.446235,0.731715,0.515235]],[[0.8683,-0.493374,-0.0513497],[-0.42524,-0.687072,-0.589154],[0.255392,0.533399,-0.806387]],[[0.8683,-0.493374,-0.0513497],[-0.486815,-0.867447,0.102701],[-0.0952129,-0.0641773,-0.993386]]],"btipPosition":[-24.0406,192.238,51.047],"carpPosition":[-6.25994,198.741,83.0404],"dipPosition":[-25.4536,191.285,36.3052],"direction":[-0.255392,-0.533399,0.806387],"extended":false,"handId":52,"id":524,"length":43.4871,"mcpPosition":[-7.5685,222.543,38.4114],"pipPosition":[-21.153,200.267,22.7264],"stabilizedTipPosition":[-31.55,192.454,50.8385],"timeVisible":1.23143,"tipPosition":[-22.1247,189.998,45.7125],"tipVelocity":[388.738,-18.9672,-124.765],"tool":false,"touchDistance":0.333333,"touchZone":"none","type":4,"width":13.6805}],"r":[[0.789526,0.36646,-0.492297],[-0.448899,0.891822,-0.0560632],[0.418496,0.265255,0.86862]],"s":0.943162,"t":[-152.982,60.8139,-33.2199],"timestamp":1130725968070},{"currentFrameRate":57.6556,"devices":[],"gestures":[],"hands":[{"armBasis":[[0.884819,0.165413,-0.435584],[0.125089,0.816208,0.564054],[0.448829,-0.553573,0.701506]],"armWidth":54.6881,"confidence":1,"direction":[-0.241888,0.573386,-0.782763],"elbow":[101.444,51.4695,269.585],"grabAngle":2.91793,"grabStrength":0,"id":52,"palmNormal":[-0.124177,-0.818379,-0.561102],"palmPosition":[-29.1136,216.251,53.0312],"palmVelocity":[443.2,8.45678,-147.859],"palmWidth":79.3954,"pinchDistance":39.5979,"pinchStrength":0.458166,"r":[[0.796806,0.364651,-0.481798],[-0.44737,0.892002,-0.064752],[0.406153,0.267137,0.873886]],"s":0.94763,"sphereCenter":[-35.2627,193.96,21.1159],"sphereRadius":37.519,"stabilizedPalmPosition":[-34.4551,216.359,55.4349],"t":[-146.185,60.882,-35.641],"timeVisible":1.24883,"type":"right","wrist":[-4.29713,181.888,104.314]}],"id":27698,"interactionBox":{"center":[0,200,0],"size":[235.247,235.247,147.751]},"pointables":[{"bases":[[[0.908051,0.134249,-0.396764],[0.0634623,0.892214,0.447131],[0.414025,-0.431197,0.801656]],[[0.947221,0.0872232,-0.308488],[-0.0486678,0.990246,0.13055],[0.316866,-0.108647,0.942227]],[[0.947221,0.0872232,-0.308488],[-0.126868,0.985706,-0.110849],[0.29441,0.144135,0.944747]],[[0.947221,0.0872232,-0.308488],[-0.176759,0.944887,-0.275581],[0.267449,0.315564,0.910434]]],"btipPosition":[-76.96,225.838,-25.0112],"carpPosition":[-28.6007,201.78,94.3544],"dipPosition":[-73.0258,230.48,-11.6189],"direction":[-0.29441,-0.144135,-0.944747],"extended":true,"handId":52,"id":521,"length":50.6302,"mcpPosition":[-55.179,229.461,42.8923],"pipPosition":[-66.8993,233.48,8.04082],"stabilizedTipPosition":[-81.0024,226.693,-19.6126],"timeVisible":1.24883,"tipPosition":[-75.7576,224.374,-21.6994],"tipVelocity":[555.017,40.7393,-229.852],"tool":false,"touchDistance":-0.370707,"touchZone":"hovering","type":1,"width":16.4795},{"bases":[[[0.451104,0.859368,0.240814],[-0.62454,0.111215,0.773034],[0.637538,-0.499117,0.586879]],[[0.301465,0.947426,0.107251],[-0.844182,0.212923,0.491956],[0.443256,-0.238846,0.863989]],[[0.301465,0.947426,0.107251],[-0.950089,0.289013,0.117481],[0.0803082,-0.137314,0.987267]],[[0.301465,0.947426,0.107251],[-0.916512,0.318955,-0.241399],[-0.262916,-0.0255232,0.964481]]],"btipPosition":[-51.6,197.141,7.93701],"carpPosition":[-35.2334,182.193,93.9839],"dipPosition":[-56.8975,196.627,27.3706],"direction":[-0.0803082,0.137314,-0.987267],"extended":false,"handId":52,"id":520,"length":44.8695,"mcpPosition":[-35.2334,182.193,93.9839],"pipPosition":[-54.5401,192.596,56.3513],"stabilizedTipPosition":[-56.9333,197.008,14.2777],"timeVisible":1.24883,"tipPosition":[-55.7106,196.271,12.7558],"tipVelocity":[500.458,24.5017,-207.552],"tool":false,"touchDistance":0.166158,"touchZone":"hovering","type":0,"width":17.2524},{"bases":[[[0.931426,-0.079323,-0.355182],[0.22514,0.892383,0.391108],[0.285934,-0.444254,0.849047]],[[0.946895,-0.105819,-0.303631],[-0.191555,0.572791,-0.797005],[0.258255,0.812843,0.522102]],[[0.946895,-0.105819,-0.303631],[-0.273746,-0.76067,-0.588595],[-0.168678,0.640456,-0.749242]],[[0.946895,-0.105819,-0.303631],[-0.100235,-0.994384,0.033965],[-0.30552,-0.00172674,-0.952184]]],"btipPosition":[-38.1194,182.416,50.7837],"carpPosition":[-19.0679,204.754,90.3894],"dipPosition":[-43.0624,182.388,35.3784],"direction":[0.168678,-0.640456,0.749242],"extended":false,"handId":52,"id":522,"length":57.689,"mcpPosition":[-36.4749,231.799,38.7015],"pipPosition":[-47.192,198.068,17.0353],"stabilizedTipPosition":[-42.916,182.498,48.7714],"timeVisible":1.24883,"tipPosition":[-39.7473,180.984,43.3898],"tipVelocity":[460.488,5.31307,-164.266],"tool":false,"touchDistance":0.333333,"touchZone":"none","type":2,"width":16.1851},{"bases":[[[0.943711,-0.210878,-0.254833],[0.300111,0.869818,0.391599],[0.139078,-0.446034,0.884144]],[[0.950353,-0.237245,-0.201357],[-0.0436136,0.539146,-0.841082],[0.308103,0.808107,0.502032]],[[0.950353,-0.237245,-0.201357],[-0.310908,-0.750761,-0.582834],[-0.0128967,0.616501,-0.787249]],[[0.950353,-0.237245,-0.201357],[-0.225298,-0.970946,0.0806502],[-0.214641,-0.0312807,-0.976192]]],"btipPosition":[-24.8534,184.021,53.142],"carpPosition":[-9.16018,204.927,86.3002],"dipPosition":[-28.3061,183.518,37.439],"direction":[0.0128967,-0.616501,0.787249],"extended":false,"handId":52,"id":523,"length":55.4695,"mcpPosition":[-16.7619,229.306,37.9747],"pipPosition":[-28.6137,198.221,18.6631],"stabilizedTipPosition":[-28.9686,183.995,50.7852],"timeVisible":1.24883,"tipPosition":[-25.3528,183.075,46.8748],"tipVelocity":[453.036,1.85834,-138.424],"tool":false,"touchDistance":0.333333,"touchZone":"none","type":3,"width":15.4011},{"bases":[[[0.890819,-0.401886,-0.211967],[0.454339,0.783584,0.423759],[-0.00420901,-0.473798,0.880624]],[[0.870418,-0.49173,-0.0239599],[0.242437,0.470482,-0.848452],[0.428482,0.732699,0.52873]],[[0.870418,-0.49173,-0.0239599],[-0.4035,-0.684664,-0.606979],[0.282065,0.537993,-0.794357]],[[0.870418,-0.49173,-0.0239599],[-0.489006,-0.869178,0.0735006],[-0.0569679,-0.0522597,-0.997007]]],"btipPosition":[-16.233,192.202,48.9674],"carpPosition":[0.50239,198.819,81.4477],"dipPosition":[-17.0784,191.427,34.1719],"direction":[-0.282065,-0.537993,0.794357],"extended":false,"handId":52,"id":524,"length":43.4871,"mcpPosition":[0.71535,222.791,36.8914],"pipPosition":[-12.3287,200.486,20.7956],"stabilizedTipPosition":[-19.4569,192.11,46.621],"timeVisible":1.24883,"tipPosition":[-14.0809,190.231,43.5894],"tipVelocity":[456.188,0.287722,-120.221],"tool":false,"touchDistance":0.333333,"touchZone":"none","type":4,"width":13.6805}],"r":[[0.796806,0.364651,-0.481798],[-0.44737,0.892002,-0.064752],[0.406153,0.267137,0.873886]],"s":0.94763,"t":[-146.185,60.882,-35.641],"timestamp":1130725985471},{"currentFrameRate":57.6447,"devices":[],"gestures":[],"hands":[{"armBasis":[[0.900869,0.164927,-0.401539],[0.104815,0.814998,0.569905],[0.421246,-0.555498,0.71692]],"armWidth":54.6881,"confidence":1,"direction":[-0.220869,0.560997,-0.797809],"elbow":[102.718,51.2251,271.853],"grabAngle":2.90261,"grabStrength":0,"id":52,"palmNormal":[-0.100283,-0.826738,-0.553577],"palmPosition":[-19.85,215.717,50.5022],"palmVelocity":[532.879,-30.7422,-145.474],"palmWidth":79.3954,"pinchDistance":39.8875,"pinchStrength":0.450383,"r":[[0.804983,0.363133,-0.469187],[-0.446911,0.891262,-0.0769604],[0.390222,0.271637,0.879739]],"s":0.952806,"sphereCenter":[-25.9674,193.165,18.9769],"sphereRadius":37.4688,"stabilizedPalmPosition":[-23.0303,215.857,51.5763],"t":[-138.154,60.6489,-38.116],"timeVisible":1.26621,"type":"right","wrist":[3.47465,182.097,102.951]}],"id":27699,"interactionBox":{"center":[0,200,0],"size":[235.247,235.247,147.751]},"pointables":[{"bases":[[[0.919277,0.135854,-0.369422],[0.0427119,0.898576,0.436734],[0.391286,-0.417259,0.820238]],[[0.953003,0.0945876,-0.287815],[-0.0596945,0.990015,0.1277],[0.29702,-0.104518,0.949134]],[[0.953003,0.0945876,-0.287815],[-0.130059,0.98575,-0.106689],[0.273622,0.139108,0.951725]],[[0.953003,0.0945876,-0.287815],[-0.175391,0.946875,-0.269567],[0.247027,0.307378,0.918965]]],"btipPosition":[-65.9864,225.04,-29.0705],"carpPosition":[-20.554,201.804,92.0141],"dipPosition":[-62.3527,229.562,-15.5527],"direction":[-0.273622,-0.139108,-0.951725],"extended":true,"handId":52,"id":521,"length":50.6302,"mcpPosition":[-45.6725,228.59,39.3591],"pipPosition":[-56.6588,232.456,4.25214],"stabilizedTipPosition":[-69.1623,226.235,-24.3547],"timeVisible":1.26621,"tipPosition":[-64.2201,222.771,-25.7947],"tipVelocity":[627.269,-47.514,-231.851],"tool":false,"touchDistance":-0.422427,"touchZone":"hovering","type":1,"width":16.4795},{"bases":[[[0.436976,0.865932,0.243339],[-0.649713,0.11678,0.751156],[0.622033,-0.486338,0.613637]],[[0.291159,0.951006,0.103988],[-0.862773,0.214061,0.45804],[0.413339,-0.223081,0.882828]],[[0.291159,0.951006,0.103988],[-0.954862,0.282198,0.0927489],[0.0588596,-0.126299,0.990244]],[[0.291159,0.951006,0.103988],[-0.916858,0.30842,-0.253472],[-0.273125,-0.0215419,0.961737]]],"btipPosition":[-41.2583,196.022,4.79963],"carpPosition":[-27.0301,182.164,91.6992],"dipPosition":[-46.7616,195.588,24.1779],"direction":[-0.0588596,0.126299,-0.990244],"extended":false,"handId":52,"id":520,"length":44.8695,"mcpPosition":[-27.0301,182.164,91.6992],"pipPosition":[-45.0338,191.88,53.2461],"stabilizedTipPosition":[-45.5868,196.153,10.3239],"timeVisible":1.26621,"tipPosition":[-44.9255,195.025,9.66283],"tipVelocity":[592.171,-63.3275,-181.207],"tool":false,"touchDistance":0.216314,"touchZone":"hovering","type":0,"width":17.2524},{"bases":[[[0.942849,-0.0769574,-0.324212],[0.206092,0.899229,0.385894],[0.261843,-0.430657,0.863697]],[[0.956854,-0.102643,-0.271838],[-0.170035,0.560837,-0.810278],[0.235626,0.821539,0.519186]],[[0.956854,-0.102643,-0.271838],[-0.250583,-0.765108,-0.593142],[-0.147104,0.635668,-0.757817]],[[0.956854,-0.102643,-0.271838],[-0.0964398,-0.994683,0.0361183],[-0.2741,-0.00834392,-0.961665]]],"btipPosition":[-28.6033,181.495,48.3015],"carpPosition":[-10.921,204.798,88.3147],"dipPosition":[-33.0379,181.36,32.7428],"direction":[0.147104,-0.635668,0.757817],"extended":false,"handId":52,"id":522,"length":57.689,"mcpPosition":[-26.8614,231.015,35.7349],"pipPosition":[-36.6394,196.923,14.1897],"stabilizedTipPosition":[-31.9869,181.648,45.4428],"timeVisible":1.26621,"tipPosition":[-29.9102,180.268,41.0808],"tipVelocity":[554.132,-54.3853,-144.819],"tool":false,"touchDistance":0.333333,"touchZone":"none","type":2,"width":16.1851},{"bases":[[[0.952868,-0.207061,-0.22174],[0.28117,0.877246,0.38908],[0.113957,-0.433089,0.894119]],[[0.957987,-0.232658,-0.167726],[-0.0205673,0.52756,-0.849268],[0.286074,0.817038,0.500611]],[[0.957987,-0.232658,-0.167726],[-0.286627,-0.755547,-0.589062],[0.0103249,0.612388,-0.79049]],[[0.957987,-0.232658,-0.167726],[-0.223037,-0.971971,0.0743483],[-0.180322,-0.0338157,-0.983026]]],"btipPosition":[-15.4677,183.173,51.0797],"carpPosition":[-0.889104,204.991,84.5412],"dipPosition":[-18.3684,182.629,35.2668],"direction":[-0.0103249,-0.612388,0.79049],"extended":false,"handId":52,"id":523,"length":55.4695,"mcpPosition":[-7.11776,228.663,35.6706],"pipPosition":[-18.1221,197.234,16.4137],"stabilizedTipPosition":[-18.0961,183.193,47.9536],"timeVisible":1.26621,"tipPosition":[-15.6663,182.503,44.9773],"tipVelocity":[547.206,-49.311,-120.082],"tool":false,"touchDistance":0.333333,"touchZone":"none","type":3,"width":15.4011},{"bases":[[[0.90001,-0.397875,-0.177984],[0.434908,0.792629,0.42731],[-0.0289408,-0.461989,0.886413]],[[0.874449,-0.485022,0.00968239],[0.264987,0.460838,-0.847001],[0.406352,0.743224,0.531503]],[[0.874449,-0.485022,0.00968239],[-0.375865,-0.689997,-0.61857],[0.306701,0.537269,-0.78567]],[[0.874449,-0.485022,0.00968239],[-0.484796,-0.872966,0.0538773],[-0.0176793,-0.0518069,-0.998501]]],"btipPosition":[-6.84087,191.364,47.101],"carpPosition":[8.96737,198.893,80.0827],"dipPosition":[-7.10323,190.595,32.2832],"direction":[-0.306701,-0.537269,0.78567],"extended":false,"handId":52,"id":524,"length":43.4871,"mcpPosition":[10.4317,222.268,35.2335],"pipPosition":[-1.93867,199.642,19.0533],"stabilizedTipPosition":[-8.69911,191.319,44.1122],"timeVisible":1.26621,"tipPosition":[-4.39403,189.722,41.94],"tipVelocity":[547.988,-48.1416,-107.659],"tool":false,"touchDistance":0.333333,"touchZone":"none","type":4,"width":13.6805}],"r":[[0.804983,0.363133,-0.469187],[-0.446911,0.891262,-0.0769604],[0.390222,0.271637,0.879739]],"s":0.952806,"t":[-138.154,60.6489,-38.116],"timestamp":1130726002855},{"currentFrameRate":57.6485,"devices":[],"gestures":[],"hands":[{"armBasis":[[0.916062,0.171152,-0.36268],[0.0784023,0.810475,0.580502],[0.393297,-0.560211,0.729027]],"armWidth":54.6881,"confidence":1,"direction":[-0.194486,0.561801,-0.804086],"elbow":[104.545,50.0339,273.162],"grabAngle":2.88084,"grabStrength":0,"id":52,"palmNormal":[-0.0732365,-0.825767,-0.559236],"palmPosition":[-9.63023,215.677,48.223],"palmVelocity":[589.582,-2.28516,-131.489],"palmWidth":79.3954,"pinchDistance":40.3637,"pinchStrength":0.449545,"r":[[0.814301,0.36339,-0.452616],[-0.446998,0.890035,-0.0896149],[0.370279,0.275292,0.887191]],"s":0.959326,"sphereCenter":[-15.5254,193.346,16.6178],"sphereRadius":37.5102,"stabilizedPalmPosition":[-11.8635,215.707,48.7819],"t":[-129.029,60.5125,-40.4931],"timeVisible":1.28355,"type":"right","wrist":[11.8867,182.017,101.407]}],"id":27700,"interactionBox":{"center":[0,200,0],"size":[235.247,235.247,147.751]},"pointables":[{"bases":[[[0.931626,0.143495,-0.333888],[0.0196228,0.897544,0.440488],[0.362887,-0.416922,0.83336]],[[0.959774,0.106512,-0.259786],[-0.0702563,0.986923,0.145077],[0.271841,-0.12099,0.954706]],[[0.959774,0.106512,-0.259786],[-0.132514,0.987558,-0.084671],[0.247535,0.11569,0.961947]],[[0.959774,0.106512,-0.259786],[-0.172333,0.953939,-0.245565],[0.221664,0.280456,0.933921]]],"btipPosition":[-53.5703,226.342,-32.9257],"carpPosition":[-11.8081,201.636,89.6401],"dipPosition":[-50.3096,230.468,-19.1879],"direction":[-0.247535,-0.11569,-0.961947],"extended":true,"handId":52,"id":521,"length":50.6302,"mcpPosition":[-35.1036,228.4,36.1428],"pipPosition":[-45.1586,232.875,0.829732],"stabilizedTipPosition":[-56.2026,227.073,-28.646],"timeVisible":1.28355,"tipPosition":[-51.2848,223.086,-29.6915],"tipVelocity":[711.339,69.8785,-219.484],"tool":false,"touchDistance":-0.465586,"touchZone":"hovering","type":1,"width":16.4795},{"bases":[[[0.421166,0.868284,0.262111],[-0.67857,0.109904,0.726267],[0.601799,-0.48374,0.635479]],[[0.280302,0.952665,0.117729],[-0.883075,0.207838,0.420691],[0.376309,-0.221884,0.899533]],[[0.280302,0.952665,0.117729],[-0.95938,0.273949,0.0673984],[0.0319565,-0.131839,0.990756]],[[0.280302,0.952665,0.117729],[-0.916397,0.302084,-0.262607],[-0.28574,-0.0342771,0.957694]]],"btipPosition":[-29.6971,196.176,1.46542],"carpPosition":[-18.1257,181.95,89.0261],"dipPosition":[-35.4546,195.485,20.7623],"direction":[-0.0319565,0.131839,-0.990756],"extended":false,"handId":52,"id":520,"length":44.8695,"mcpPosition":[-18.1257,181.95,89.0261],"pipPosition":[-34.5165,191.615,49.8454],"stabilizedTipPosition":[-33.5436,196.04,6.66913],"timeVisible":1.28355,"tipPosition":[-32.923,194.967,6.38833],"tipVelocity":[663.596,5.47572,-193.432],"tool":false,"touchDistance":0.2529,"touchZone":"hovering","type":0,"width":17.2524},{"bases":[[[0.955002,-0.0692783,-0.288396],[0.184805,0.899511,0.395888],[0.231989,-0.431371,0.871837]],[[0.967194,-0.0950204,-0.235598],[-0.14181,0.567519,-0.811056],[0.210773,0.817859,0.535426]],[[0.967194,-0.0950204,-0.235598],[-0.224414,-0.754207,-0.617098],[-0.119053,0.649725,-0.750789]],[[0.967194,-0.0950204,-0.235598],[-0.0945934,-0.995429,0.0131406],[-0.23577,0.00957653,-0.971762]]],"btipPosition":[-18.204,180.968,45.1258],"carpPosition":[-2.06357,204.708,86.3173],"dipPosition":[-22.0185,181.123,29.4038],"direction":[0.119053,-0.649725,0.750789],"extended":false,"handId":52,"id":522,"length":57.689,"mcpPosition":[-16.1865,230.969,33.2419],"pipPosition":[-24.9332,197.03,11.0228],"stabilizedTipPosition":[-21.0023,181.1,42.0952],"timeVisible":1.28355,"tipPosition":[-19.07,180.219,38.4571],"tipVelocity":[608.166,-26.5568,-185.371],"tool":false,"touchDistance":0.333333,"touchZone":"none","type":2,"width":16.1851},{"bases":[[[0.962065,-0.199614,-0.185972],[0.259865,0.878053,0.401863],[0.0830764,-0.434945,0.896616]],[[0.965315,-0.225335,-0.131873],[0.00920867,0.534163,-0.845332],[0.260925,0.814797,0.51771]],[[0.965315,-0.225335,-0.131873],[-0.257996,-0.745773,-0.614215],[0.0400571,0.626934,-0.778042]],[[0.965315,-0.225335,-0.131873],[-0.221382,-0.974189,0.0441052],[-0.138408,-0.0133811,-0.990285]]],"btipPosition":[-5.20409,182.678,48.492],"carpPosition":[8.10257,204.985,82.9279],"dipPosition":[-7.43051,182.463,32.5623],"direction":[-0.0400571,-0.626934,0.778042],"extended":false,"handId":52,"id":523,"length":55.4695,"mcpPosition":[3.56178,228.758,33.9207],"pipPosition":[-6.47515,197.416,14.006],"stabilizedTipPosition":[-7.22468,182.698,45.209],"timeVisible":1.28355,"tipPosition":[-5.02743,182.515,42.8487],"tipVelocity":[601.056,-24.1634,-150.838],"tool":false,"touchDistance":0.333333,"touchZone":"none","type":3,"width":15.4011},{"bases":[[[0.908963,-0.39093,-0.144775],[0.412649,0.794418,0.44567],[-0.0592139,-0.464838,0.883413]],[[0.888901,-0.458053,-0.00654851],[0.248012,0.493213,-0.833805],[0.385157,0.739546,0.55202]],[[0.888901,-0.458053,-0.00654851],[-0.352808,-0.675404,-0.647577],[0.292202,0.577942,-0.761972]],[[0.888901,-0.458053,-0.00654851],[-0.457973,-0.8889,0.0108537],[-0.0107925,-0.0066488,-0.99992]]],"btipPosition":[4.67551,190.342,44.9976],"carpPosition":[18.1649,198.97,78.8301],"dipPosition":[4.51535,190.243,30.1588],"direction":[-0.292202,-0.577942,0.761972],"extended":false,"handId":52,"id":524,"length":43.4871,"mcpPosition":[21.1609,222.489,34.1327],"pipPosition":[9.43577,199.975,17.3279],"stabilizedTipPosition":[3.21569,190.426,41.8543],"timeVisible":1.28355,"tipPosition":[6.18754,189.86,40.2984],"tipVelocity":[665.737,-50.0531,-121.625],"tool":false,"touchDistance":0.333333,"touchZone":"none","type":4,"width":13.6805}],"r":[[0.814301,0.36339,-0.452616],[-0.446998,0.890035,-0.0896149],[0.370279,0.275292,0.887191]],"s":0.959326,"t":[-129.029,60.5125,-40.4931],"timestamp":1130726020189},{"currentFrameRate":57.6613,"devices":[],"gestures":[],"hands":[{"armBasis":[[0.930116,0.201201,-0.307249],[0.0245322,0.800681,0.598588],[0.366444,-0.564294,0.739791]],"armWidth":54.6881,"confidence":1,"direction":[-0.164645,0.571017,-0.804258],"elbow":[107.37,48.9639,274.081],"grabAngle":2.85258,"grabStrength":0,"id":52,"palmNormal":[-0.0198879,-0.817142,-0.576093],"palmPosition":[1.61195,215.969,46.06],"palmVelocity":[649.837,16.8586,-125.028],"palmWidth":79.3954,"pinchDistance":40.4495,"pinchStrength":0.446898,"r":[[0.824408,0.369449,-0.428787],[-0.450422,0.886998,-0.101755],[0.342741,0.277023,0.897657]],"s":0.966375,"sphereCenter":[-3.18903,194.218,13.9225],"sphereRadius":37.5755,"stabilizedPalmPosition":[-0.0707798,215.936,46.3999],"t":[-118.846,60.5902,-42.7631],"timeVisible":1.30085,"type":"right","wrist":[21.0373,181.909,99.7902]}],"id":27701,"interactionBox":{"center":[0,200,0],"size":[235.247,235.247,147.751]},"pointables":[{"bases":[[[0.944508,0.173611,-0.27886],[-0.0289707,0.88964,0.455742],[0.327207,-0.422374,0.845302]],[[0.967031,0.140346,-0.212493],[-0.103338,0.978904,0.17626],[0.232748,-0.14849,0.961134]],[[0.967031,0.140346,-0.212493],[-0.154604,0.986609,-0.0519559],[0.202356,0.0830953,0.97578]],[[0.967031,0.140346,-0.212493],[-0.184543,0.961211,-0.204979],[0.175483,0.237435,0.955422]]],"btipPosition":[-38.8866,228.514,-37.1226],"carpPosition":[-2.48039,201.129,87.0517],"dipPosition":[-36.3053,232.007,-23.0685],"direction":[-0.202356,-0.0830953,-0.97578],"extended":true,"handId":52,"id":521,"length":50.6302,"mcpPosition":[-23.4854,228.243,32.7877],"pipPosition":[-32.0944,233.736,-2.76307],"stabilizedTipPosition":[-41.2866,228.942,-33.0136],"timeVisible":1.30085,"tipPosition":[-36.093,224.276,-33.9235],"tipVelocity":[839.736,117.116,-238.393],"tool":false,"touchDistance":-0.509223,"touchZone":"hovering","type":1,"width":16.4795},{"bases":[[[0.382486,0.87403,0.299628],[-0.7205,0.079127,0.688926],[0.578433,-0.479386,0.660003]],[[0.247719,0.957287,0.149122],[-0.911145,0.177873,0.371721],[0.329319,-0.227954,0.916289]],[[0.247719,0.957287,0.149122],[-0.968828,0.245231,0.0351411],[-0.00292927,-0.153179,0.988194]],[[0.247719,0.957287,0.149122],[-0.91976,0.280734,-0.274281],[-0.304429,-0.0692122,0.950017]]],"btipPosition":[-16.3466,197.121,-2.30203],"carpPosition":[-8.22257,181.301,85.7587],"dipPosition":[-22.4806,195.726,16.8401],"direction":[0.00292927,0.153179,-0.988194],"extended":false,"handId":52,"id":520,"length":44.8695,"mcpPosition":[-8.22257,181.301,85.7587],"pipPosition":[-22.5666,191.23,45.8481],"stabilizedTipPosition":[-20.0037,196.692,2.75074],"timeVisible":1.30085,"tipPosition":[-18.6997,195.505,2.61726],"tipVelocity":[766.7,45.2822,-219.828],"tool":false,"touchDistance":0.28097,"touchZone":"hovering","type":0,"width":17.2524},{"bases":[[[0.971039,-0.0392718,-0.235673],[0.138318,0.896694,0.420485],[0.194813,-0.440904,0.876157]],[[0.980973,-0.0656395,-0.182711],[-0.110428,0.585395,-0.803192],[0.159679,0.808087,0.567008]],[[0.980973,-0.0656395,-0.182711],[-0.171376,-0.734987,-0.656068],[-0.0912261,0.674897,-0.732251]],[[0.980973,-0.0656395,-0.182711],[-0.0726745,-0.99684,-0.0320704],[-0.180028,0.0447387,-0.982643]]],"btipPosition":[-5.99282,180.573,41.2874],"carpPosition":[7.34725,204.513,84.3303],"dipPosition":[-8.90549,181.297,25.3893],"direction":[0.0912261,-0.674897,0.732251],"extended":false,"handId":52,"id":522,"length":57.689,"mcpPosition":[-4.51253,231.354,30.9919],"pipPosition":[-11.1389,197.82,7.46218],"stabilizedTipPosition":[-8.4966,180.786,38.2018],"timeVisible":1.30085,"tipPosition":[-6.33233,180.474,35.3162],"tipVelocity":[717.838,-15.2529,-224.212],"tool":false,"touchDistance":0.333333,"touchZone":"none","type":2,"width":16.1851},{"bases":[[[0.975915,-0.171211,-0.135193],[0.21348,0.877085,0.430288],[0.0449062,-0.448786,0.892511]],[[0.976851,-0.197814,-0.0814316],[0.0433146,0.555683,-0.830265],[0.209488,0.807518,0.551388]],[[0.976851,-0.197814,-0.0814316],[-0.202024,-0.727912,-0.655233],[0.070339,0.656517,-0.751025]],[[0.976851,-0.197814,-0.0814316],[-0.199169,-0.979926,-0.008794],[-0.0780573,0.0248091,-0.99664]]],"btipPosition":[6.73978,182.524,45.4704],"carpPosition":[17.6745,205.114,81.5195],"dipPosition":[5.48416,182.923,29.4385],"direction":[-0.070339,-0.656517,0.751025],"extended":false,"handId":52,"id":523,"length":55.4695,"mcpPosition":[15.2201,229.644,32.7367],"pipPosition":[7.16174,198.581,11.5266],"stabilizedTipPosition":[5.10274,182.624,42.1208],"timeVisible":1.30085,"tipPosition":[7.35013,183.019,40.4681],"tipVelocity":[703.304,-0.744713,-176.017],"tool":false,"touchDistance":0.333333,"touchZone":"none","type":3,"width":15.4011},{"bases":[[[0.925775,-0.364553,-0.100212],[0.365795,0.79666,0.481172],[-0.0955779,-0.482114,0.87088]],[[0.906652,-0.421781,0.00907637],[0.256077,0.533106,-0.806363],[0.33527,0.733416,0.591351]],[[0.906652,-0.421781,0.00907637],[-0.297647,-0.654768,-0.694756],[0.298977,0.6272,-0.719188]],[[0.906652,-0.421781,0.00907637],[-0.420549,-0.905293,-0.0598622],[0.0334655,0.0504572,-0.998165]]],"btipPosition":[17.205,190.193,42.7491],"carpPosition":[28.1067,199.437,77.8913],"dipPosition":[17.7016,190.942,27.9363],"direction":[-0.298977,-0.6272,0.719189],"extended":false,"handId":52,"id":524,"length":43.4871,"mcpPosition":[32.9425,223.83,33.828],"pipPosition":[22.7361,201.503,15.8259],"stabilizedTipPosition":[16.1958,190.37,39.5423],"timeVisible":1.30085,"tipPosition":[18.4582,190.696,38.6499],"tipVelocity"