{"frames":94,"data":[{"currentFrameRate":111.56,"devices":[],"gestures":[],"hands":[{"armBasis":[[0.94006,-0.0840267,-0.330495],[0.232852,0.866218,0.442092],[0.249133,-0.49255,0.833863]],"armWidth":53.0314,"confidence":1,"direction":[0.20627,0.686619,-0.697142],"elbow":[82.3096,47.7816,270.381],"grabAngle":0.758837,"grabStrength":0,"id":160,"palmNormal":[-0.173856,-0.675411,-0.716655],"palmPosition":[26.9364,203.873,28.0437],"palmVelocity":[11.9649,25.1198,-17.4098],"palmWidth":77.8763,"pinchDistance":87.3023,"pinchStrength":0,"r":[[0.954998,0.234195,-0.182023],[-0.233065,0.972061,0.0278847],[0.183468,0.0157933,0.982899]],"s":1.44519,"sphereCenter":[26.8555,224.011,-1.82782],"sphereRadius":50.5109,"stabilizedPalmPosition":[28.0722,210.384,35.2511],"t":[-95.1904,101.65,-28.9223],"timeVisible":10.6057,"type":"right","wrist":[24.7382,161.603,77.6865]}],"id":125738,"interactionBox":{"center":[0,200,0],"size":[235.247,235.247,147.751]},"pointables":[{"bases":[[[0.583231,0.629831,0.512986],[-0.777706,0.250601,0.576517],[0.234554,-0.735195,0.635982]],[[0.332517,0.942292,0.0389591],[-0.792991,0.256993,0.552377],[0.510488,-0.214569,0.832684]],[[0.332517,0.942292,0.0389591],[-0.775048,0.249496,0.580561],[0.537338,-0.223242,0.813284]],[[0.332517,0.942292,0.0389591],[-0.695995,0.217308,0.684374],[0.636414,-0.254681,0.72809]]],"btipPosition":[-49.6835,191.185,-13.3133],"carpPosition":[-1.37772,171.191,57.9745],"dipPosition":[-37.8022,186.43,0.279531],"direction":[-0.537338,0.223242,-0.813284],"extended":true,"handId":160,"id":1600,"length":41.5735,"mcpPosition":[-1.37772,171.191,57.9745],"pipPosition":[-23.1875,180.358,22.3994],"stabilizedTipPosition":[-45.0588,190.316,-11.4967],"timeVisible":10.6057,"tipPosition":[-34.8141,190.849,-15.2156],"tipVelocity":[-112.332,-16.9662,91.8256],"tool":false,"touchDistance":0.421449,"touchZone":"hovering","type":0,"width":16.6432},{"bases":[[[0.983889,-0.149923,-0.0973907],[0.178113,0.775046,0.606283],[-0.0154137,-0.613862,0.789263]],[[0.976476,-0.215312,-0.0116222],[0.122188,0.508124,0.852573],[-0.177664,-0.833937,0.522479]],[[0.976476,-0.215312,-0.0116222],[0.14813,0.630675,0.761778],[-0.156691,-0.74558,0.647733]],[[0.976476,-0.215312,-0.0116222],[0.203121,0.900419,0.384691],[-0.072364,-0.378003,0.922972]]],"btipPosition":[21.1347,273.686,-28.9506],"carpPosition":[10.0679,186.925,63.7209],"dipPosition":[20.1484,268.534,-16.3712],"direction":[0.156691,0.74558,-0.647733],"extended":true,"handId":160,"id":1601,"length":46.9111,"mcpPosition":[11.0385,225.578,14.0238],"pipPosition":[17.1273,254.158,-3.88231],"stabilizedTipPosition":[18.9291,267.506,-28.0329],"timeVisible":10.6057,"tipPosition":[17.0369,259.78,-31.9303],"tipVelocity":[96.0924,314.459,218.716],"tool":false,"touchDistance":-0.21059,"touchZone":"touching","type":1,"width":15.8976},{"bases":[[[0.927884,-0.361395,-0.091783],[0.341506,0.724876,0.598271],[-0.149681,-0.586471,0.79602]],[[0.900478,-0.434717,0.0126994],[0.226276,0.493248,0.839944],[-0.371402,-0.753477,0.542524]],[[0.900478,-0.434717,0.0126994],[0.357948,0.75741,0.54608],[-0.247009,-0.487187,0.837637]],[[0.900478,-0.434717,0.0126994],[0.426816,0.888963,0.166054],[-0.0834756,-0.144107,0.986035]]],"btipPosition":[50.6651,264.004,-38.9836],"carpPosition":[20.5925,186.801,63.191],"dipPosition":[49.4138,261.843,-24.2024],"direction":[0.247009,0.487187,-0.837637],"extended":true,"handId":160,"id":1602,"length":53.4514,"mcpPosition":[29.5304,221.821,15.6584],"pipPosition":[43.8107,250.792,-5.20155],"stabilizedTipPosition":[45.2842,255.004,-36.1123],"timeVisible":10.6057,"tipPosition":[44.2896,250.749,-39.7776],"tipVelocity":[175.667,405.752,227.947],"tool":false,"touchDistance":-0.282833,"touchZone":"touching","type":2,"width":15.6135},{"bases":[[[0.867342,-0.497369,-0.018479],[0.401981,0.678139,0.615255],[-0.293477,-0.541065,0.788111]],[[0.825555,-0.559068,0.0768281],[0.345497,0.608371,0.714504],[-0.446196,-0.563319,0.6954]],[[0.825555,-0.559068,0.0768281],[0.536488,0.819757,0.200447],[-0.175044,-0.124262,0.976688]],[[0.825555,-0.559068,0.0768281],[0.560169,0.795361,-0.231541],[0.0683412,0.234187,0.969787]]],"btipPosition":[65.1557,232.331,-40.9414],"carpPosition":[30.6692,183.99,62.1328],"dipPosition":[66.1742,235.821,-26.4874],"direction":[0.175044,0.124262,-0.976688],"extended":true,"handId":160,"id":1603,"length":51.395,"mcpPosition":[46.4031,212.998,19.8804],"pipPosition":[62.3061,233.075,-4.90446],"stabilizedTipPosition":[54.4948,221.898,-31.7613],"timeVisible":10.6057,"tipPosition":[56.9741,221.073,-37.3892],"tipVelocity":[377.502,556.248,120.869],"tool":false,"touchDistance":-0.276382,"touchZone":"touching","type":3,"width":14.8573},{"bases":[[[0.749125,-0.661814,-0.0285418],[0.504473,0.542041,0.672086],[-0.429325,-0.517874,0.739923]],[[0.659668,-0.744182,0.105035],[0.55779,0.578451,0.595201],[-0.503696,-0.334048,0.796683]],[[0.659668,-0.744182,0.105035],[0.748324,0.637434,-0.183547],[0.0696396,0.199681,0.977383]],[[0.659668,-0.744182,0.105035],[0.63276,0.474534,-0.611909],[0.405529,0.470119,0.783923]]],"btipPosition":[67.7893,201.103,-26.0736],"carpPosition":[38.9378,175.559,59.1471],"dipPosition":[73.3653,207.567,-15.2947],"direction":[-0.0696396,-0.199681,-0.977383],"extended":false,"handId":160,"id":1604,"length":40.2927,"mcpPosition":[60.2445,201.26,22.426],"pipPosition":[74.4518,210.682,-0.0454412],"stabilizedTipPosition":[56.337,197.144,-12.5751],"timeVisible":10.6057,"tipPosition":[58.5958,194.584,-19.5958],"tipVelocity":[416.02,282.07,-37.0269],"tool":false,"touchDistance":-0.257773,"touchZone":"touching","type":4,"width":13.1974}],"r":[[0.954998,0.234195,-0.182023],[-0.233065,0.972061,0.0278847],[0.183468,0.0157933,0.982899]],"s":1.44519,"t":[-95.1904,101.65,-28.9223],"timestamp":1132331181357},{"currentFrameRate":111.738,"devices":[],"gestures":[],"hands":[{"armBasis":[[0.938864,-0.0808537,-0.334659],[0.23365,0.863555,0.446856],[0.252866,-0.497731,0.829652]],"armWidth":53.0314,"confidence":1,"direction":[0.206385,0.682763,-0.700886],"elbow":[83.2792,46.9922,269.418],"grabAngle":0.645723,"grabStrength":0,"id":160,"palmNormal":[-0.176194,-0.678666,-0.713],"palmPosition":[27.0084,204.111,27.9035],"palmVelocity":[8.33448,27.5238,-16.2354],"palmWidth":77.8763,"pinchDistance":88.2392,"pinchStrength":0,"r":[[0.955068,0.230327,-0.186533],[-0.23064,0.972827,0.0203262],[0.186146,0.0236092,0.982238]],"s":1.48464,"sphereCenter":[25.1299,232.383,3.03208],"sphereRadius":52.2574,"stabilizedPalmPosition":[28.0403,210.196,35.0307],"t":[-95.098,101.789,-29.1057],"timeVisible":10.6144,"type":"right","wrist":[24.8451,162.011,77.6962]}],"id":125739,"interactionBox":{"center":[0,200,0],"size":[235.247,235.247,147.751]},"pointables":[{"bases":[[[0.585163,0.631339,0.508915],[-0.776343,0.254863,0.576486],[0.234254,-0.732431,0.639273]],[[0.331764,0.942887,0.0299319],[-0.789946,0.260326,0.555172],[0.515673,-0.207831,0.831197]],[[0.331764,0.942887,0.0299319],[-0.766351,0.250874,0.591412],[0.550126,-0.219148,0.805814]],[[0.331764,0.942887,0.0299319],[-0.676848,0.215814,0.703776],[0.657122,-0.253747,0.709791]]],"btipPosition":[-50.5779,191.206,-12.6379],"carpPosition":[-1.31629,171.629,58.0416],"dipPosition":[-38.31,186.469,0.613376],"direction":[-0.550126,0.219148,-0.805814],"extended":true,"handId":160,"id":1600,"length":41.5735,"mcpPosition":[-1.31629,171.629,58.0416],"pipPosition":[-23.3475,180.508,22.5301],"stabilizedTipPosition":[-46.2152,190.23,-10.6793],"timeVisible":10.6144,"tipPosition":[-35.6207,190.929,-14.8516],"tipVelocity":[-93.255,2.94766,69.1005],"tool":false,"touchDistance":0.421591,"touchZone":"hovering","type":0,"width":16.6432},{"bases":[[[0.983465,-0.152165,-0.0981934],[0.180453,0.777741,0.602125],[-0.0152532,-0.609889,0.79234]],[[0.976204,-0.216467,-0.0129608],[0.118818,0.483924,0.867006],[-0.181406,-0.847915,0.498129]],[[0.976204,-0.216467,-0.0129608],[0.142591,0.595717,0.790436],[-0.163382,-0.773475,0.612407]],[[0.976204,-0.216467,-0.0129608],[0.195736,0.853832,0.482347],[-0.0933459,-0.473406,0.875884]]],"btipPosition":[21.7663,276.199,-27.0165],"carpPosition":[10.1664,187.372,63.6914],"dipPosition":[20.4941,269.747,-15.0788],"direction":[0.163382,0.773475,-0.612407],"extended":true,"handId":160,"id":1601,"length":46.9111,"mcpPosition":[11.1269,225.774,13.8005],"pipPosition":[17.3439,254.833,-3.27108],"stabilizedTipPosition":[19.9128,270.293,-26.5785],"timeVisible":10.6144,"tipPosition":[17.8724,262.344,-30.9296],"tipVelocity":[65.51,256.311,206.82],"tool":false,"touchDistance":-0.187475,"touchZone":"touching","type":1,"width":15.8976},{"bases":[[[0.927093,-0.363506,-0.0914419],[0.343743,0.727241,0.594106],[-0.14946,-0.582224,0.799173]],[[0.901594,-0.432514,0.00778464],[0.217311,0.468407,0.856371],[-0.374039,-0.770407,0.516303]],[[0.901594,-0.432514,0.00778464],[0.343157,0.726051,0.595896],[-0.263386,-0.534585,0.803024]],[[0.901594,-0.432514,0.00778464],[0.417356,0.874447,0.247297],[-0.113767,-0.219712,0.968908]]],"btipPosition":[51.6764,267.034,-37.1672],"carpPosition":[20.6899,187.226,63.1455],"dipPosition":[49.971,263.741,-22.6428],"direction":[0.263386,0.534585,-0.803024],"extended":true,"handId":160,"id":1602,"length":53.4514,"mcpPosition":[29.6147,221.992,15.4246],"pipPosition":[43.9963,251.614,-4.42709],"stabilizedTipPosition":[47.7272,259.594,-35.1816],"timeVisible":10.6144,"tipPosition":[45.7056,253.702,-38.9272],"tipVelocity":[104.976,320.66,203.44],"tool":false,"touchDistance":-0.258584,"touchZone":"touching","type":2,"width":15.6135},{"bases":[[[0.866426,-0.499004,-0.0173647],[0.404162,0.680481,0.611228],[-0.293189,-0.536601,0.791264]],[[0.826141,-0.558396,0.0753947],[0.322273,0.578022,0.749687],[-0.462202,-0.595049,0.657484]],[[0.826141,-0.558396,0.0753947],[0.515615,0.803148,0.298486],[-0.227227,-0.207717,0.951431]],[[0.826141,-0.558396,0.0753947],[0.563463,0.818625,-0.111189],[0.000367373,0.13434,0.990935]]],"btipPosition":[67.9676,236.956,-39.5635],"carpPosition":[30.7599,184.392,62.0854],"dipPosition":[67.9731,238.959,-24.7943],"direction":[0.227227,0.207717,-0.951431],"extended":true,"handId":160,"id":1603,"length":51.395,"mcpPosition":[46.4784,213.16,19.664],"pipPosition":[62.9518,234.368,-3.76949],"stabilizedTipPosition":[59.9046,228.129,-33.53],"timeVisible":10.6144,"tipPosition":[59.8426,225.233,-37.2715],"tipVelocity":[298.555,495.845,167.906],"tool":false,"touchDistance":-0.266336,"touchZone":"touching","type":3,"width":14.8573},{"bases":[[[0.7479,-0.663286,-0.0264199],[0.506502,0.544485,0.668575],[-0.429071,-0.513409,0.743175]],[[0.65426,-0.747735,0.113296],[0.525292,0.557084,0.643215],[-0.54407,-0.361316,0.757257]],[[0.65426,-0.747735,0.113296],[0.756005,0.650613,-0.0718229],[-0.0200073,0.132643,0.990962]],[[0.65426,-0.747735,0.113296],[0.682529,0.519279,-0.5143],[0.325728,0.413813,0.850094]]],"btipPosition":[71.4824,203.842,-26.2629],"carpPosition":[39.0088,175.93,59.1288],"dipPosition":[75.9611,209.532,-14.5742],"direction":[0.0200073,-0.132643,-0.990962],"extended":true,"handId":160,"id":1604,"length":40.2927,"mcpPosition":[60.3028,201.41,22.2463],"pipPosition":[75.649,211.601,0.886923],"stabilizedTipPosition":[62.3555,200.123,-16.6678],"timeVisible":10.6144,"tipPosition":[61.6656,196.883,-20.5894],"tipVelocity":[398.323,296.533,2.30688],"tool":false,"touchDistance":-0.267709,"touchZone":"touching","type":4,"width":13.1974}],"r":[[0.955068,0.230327,-0.186533],[-0.23064,0.972827,0.0203262],[0.186146,0.0236092,0.982238]],"s":1.48464,"t":[-95.098,101.789,-29.1057],"timestamp":1132331189995},{"currentFrameRate":111.835,"devices":[],"gestures":[],"hands":[{"armBasis":[[0.93783,-0.0780958,-0.338196],[0.23461,0.860703,0.451828],[0.255801,-0.503082,0.825515]],"armWidth":53.0314,"confidence":1,"direction":[0.206284,0.680851,-0.702772],"elbow":[84.0347,46.0394,268.439],"grabAngle":0.550885,"grabStrength":0,"id":160,"palmNormal":[-0.178439,-0.680001,-0.711167],"palmPosition":[27.0465,204.341,27.8311],"palmVelocity":[4.34047,26.2799,-8.2515],"palmWidth":77.8763,"pinchDistance":88.936,"pinchStrength":0,"r":[[0.955117,0.22682,-0.190537],[-0.228404,0.973467,0.0139049],[0.188635,0.0302386,0.981582]],"s":1.51708,"sphereCenter":[23.2893,239.868,7.58705],"sphereRadius":54.9194,"stabilizedPalmPosition":[28.0067,209.999,34.7877],"t":[-95.0328,101.973,-29.2336],"timeVisible":10.6231,"type":"right","wrist":[24.9225,162.295,77.6733]}],"id":125740,"interactionBox":{"center":[0,200,0],"size":[235.247,235.247,147.751]},"pointables":[{"bases":[[[0.586993,0.631573,0.506511],[-0.774985,0.257382,0.577194],[0.234174,-0.731348,0.640541]],[[0.331297,0.943215,0.0242272],[-0.787205,0.262162,0.558193],[0.520145,-0.203999,0.829357]],[[0.331297,0.943215,0.0242272],[-0.758769,0.251074,0.601025],[0.560813,-0.217501,0.798863]],[[0.331297,0.943215,0.0242272],[-0.662166,0.214136,0.71811],[0.672145,-0.25395,0.695507]]],"btipPosition":[-51.3026,191.345,-12.0554],"carpPosition":[-1.27871,171.972,58.0897],"dipPosition":[-38.7542,186.604,0.929118],"direction":[-0.560813,0.217501,-0.798863],"extended":true,"handId":160,"id":1600,"length":41.5735,"mcpPosition":[-1.27871,171.972,58.0897],"pipPosition":[-23.501,180.688,22.6568],"stabilizedTipPosition":[-47.1152,190.24,-10.021],"timeVisible":10.6231,"tipPosition":[-36.2899,191.117,-14.5135],"tipVelocity":[-75.2525,15.6894,59.4022],"tool":false,"touchDistance":0.420581,"touchZone":"hovering","type":0,"width":16.6432},{"bases":[[[0.983062,-0.153925,-0.0994804],[0.182668,0.778819,0.600061],[-0.0148873,-0.608069,0.793744]],[[0.976157,-0.216458,-0.0162167],[0.116773,0.460692,0.879845],[-0.182979,-0.860761,0.474984]],[[0.976157,-0.216458,-0.0162167],[0.139668,0.569151,0.810284],[-0.166163,-0.793229,0.585813]],[[0.976157,-0.216458,-0.0162167],[0.189035,0.81101,0.55365],[-0.10669,-0.543515,0.832591]]],"btipPosition":[22.1042,278.199,-25.2156],"carpPosition":[10.2379,187.71,63.6848],"dipPosition":[20.65,270.791,-13.8679],"direction":[0.166163,0.793229,-0.585813],"extended":true,"handId":160,"id":1601,"length":46.9111,"mcpPosition":[11.1753,225.998,13.7054],"pipPosition":[17.4463,255.497,-2.57294],"stabilizedTipPosition":[20.5839,272.534,-25.1427],"timeVisible":10.6231,"tipPosition":[18.4552,264.459,-29.9037],"tipVelocity":[33.7465,202.947,189.834],"tool":false,"touchDistance":-0.159721,"touchZone":"touching","type":1,"width":15.8976},{"bases":[[[0.926372,-0.365162,-0.0921565],[0.345866,0.728045,0.591885],[-0.14904,-0.580179,0.800737]],[[0.903089,-0.429452,0.000528802],[0.212121,0.447137,0.868949],[-0.373409,-0.784627,0.494901]],[[0.903089,-0.429452,0.000528802],[0.33298,0.700997,0.630657],[-0.271208,-0.569363,0.776062]],[[0.903089,-0.429452,0.000528802],[0.408693,0.859813,0.306091],[-0.131906,-0.276211,0.952002]]],"btipPosition":[52.1467,269.415,-35.5965],"carpPosition":[20.7603,187.546,63.1217],"dipPosition":[50.1694,265.274,-21.3255],"direction":[0.271208,0.569363,-0.776062],"extended":true,"handId":160,"id":1602,"length":53.4514,"mcpPosition":[29.6599,222.19,15.3074],"pipPosition":[44.0173,252.359,-3.72137],"stabilizedTipPosition":[49.3258,263.17,-34.0255],"timeVisible":10.6231,"tipPosition":[46.6398,256.038,-38.0812],"tipVelocity":[46.4906,249.196,172.419],"tool":false,"touchDistance":-0.237664,"touchZone":"touching","type":2,"width":15.6135},{"bases":[[[0.865616,-0.500397,-0.0176718],[0.40624,0.681229,0.609012],[-0.292709,-0.53435,0.792964]],[[0.82755,-0.556895,0.0709183],[0.303305,0.549822,0.778269],[-0.472407,-0.622546,0.623914]],[[0.82755,-0.556895,0.0709183],[0.493896,0.782275,0.379621],[-0.266887,-0.279129,0.92242]],[[0.82755,-0.556895,0.0709183],[0.558718,0.829325,-0.00732919],[-0.0547327,0.0456886,0.997455]]],"btipPosition":[70.0674,241.017,-37.9483],"carpPosition":[30.824,184.694,62.0514],"dipPosition":[69.2516,241.698,-23.0819],"direction":[0.266887,0.279129,-0.92242],"extended":true,"handId":160,"id":1603,"length":51.395,"mcpPosition":[46.5168,213.341,19.5389],"pipPosition":[63.3539,235.53,-2.69818],"stabilizedTipPosition":[64.1988,233.744,-33.9601],"timeVisible":10.6231,"tipPosition":[62.1326,228.94,-36.7721],"tipVelocity":[217.839,428.276,186.682],"tool":false,"touchDistance":-0.254224,"touchZone":"touching","type":3,"width":14.8573},{"bases":[[[0.746819,-0.664513,-0.026158],[0.508462,0.545204,0.666498],[-0.428635,-0.511053,0.745048]],[[0.650333,-0.750466,0.117761],[0.494934,0.536191,0.683768],[-0.576287,-0.386393,0.720134]],[[0.650333,-0.750466,0.117761],[0.752487,0.657651,0.0354764],[-0.104069,0.0655418,0.992408]],[[0.650333,-0.750466,0.117761],[0.720414,0.560113,-0.408995],[0.240978,0.35082,0.904906]]],"btipPosition":[74.8923,206.628,-26.1136],"carpPosition":[39.0548,176.213,59.1002],"dipPosition":[78.2058,211.452,-13.6712],"direction":[0.104069,-0.0655418,-0.992408],"extended":true,"handId":160,"id":1604,"length":40.2927,"mcpPosition":[60.3272,201.576,22.1248],"pipPosition":[76.5821,212.474,1.81253],"stabilizedTipPosition":[68.0032,203.357,-19.4638],"timeVisible":10.6231,"tipPosition":[64.5885,199.236,-21.2431],"tipVelocity":[358.176,294.898,36.7898],"tool":false,"touchDistance":-0.269944,"touchZone":"touching","type":4,"width":13.1974}],"r":[[0.955117,0.22682,-0.190537],[-0.228404,0.973467,0.0139049],[0.188635,0.0302386,0.981582]],"s":1.51708,"t":[-95.0328,101.973,-29.2336],"timestamp":1132331198767},{"currentFrameRate":111.967,"devices":[],"gestures":[],"hands":[{"armBasis":[[0.937407,-0.0743411,-0.340207],[0.233991,0.858003,0.457251],[0.257906,-0.508236,0.821694]],"armWidth":53.0314,"confidence":1,"direction":[0.205653,0.679735,-0.704036],"elbow":[84.5718,45.0348,267.57],"grabAngle":0.474807,"grabStrength":0,"id":160,"palmNormal":[-0.17915,-0.681107,-0.709928],"palmPosition":[27.0392,204.508,27.8233],"palmVelocity":[-0.835873,19.1444,-0.900484],"palmWidth":77.8763,"pinchDistance":89.1886,"pinchStrength":0,"r":[[0.955109,0.223922,-0.193973],[-0.226613,0.973948,0.00849766],[0.190822,0.0358405,0.98097]],"s":1.54312,"sphereCenter":[21.5672,245.826,11.3854],"sphereRadius":57.7474,"stabilizedPalmPosition":[27.9703,209.792,34.5253],"t":[-95.0038,102.149,-29.3014],"timeVisible":10.6318,"type":"right","wrist":[24.9731,162.481,77.6876]}],"id":125741,"interactionBox":{"center":[0,200,0],"size":[235.247,235.247,147.751]},"pointables":[{"bases":[[[0.587508,0.632336,0.504961],[-0.774423,0.25833,0.577525],[0.234743,-0.730354,0.641466]],[[0.329977,0.94377,0.0203231],[-0.785571,0.2626,0.560285],[0.523443,-0.200846,0.828051]],[[0.329977,0.94377,0.0203231],[-0.753423,0.250332,0.608019],[0.568743,-0.215944,0.793662]],[[0.329977,0.94377,0.0203231],[-0.652577,0.212503,0.727314],[0.682099,-0.253259,0.686004]]],"btipPosition":[-51.8253,191.37,-11.6109],"carpPosition":[-1.25897,172.188,58.1596],"dipPosition":[-39.091,186.642,1.19623],"direction":[-0.568743,0.215944,-0.793662],"extended":true,"handId":160,"id":1600,"length":41.5735,"mcpPosition":[-1.25897,172.188,58.1596],"pipPosition":[-23.6222,180.769,22.7825],"stabilizedTipPosition":[-47.7615,190.256,-9.52905],"timeVisible":10.6318,"tipPosition":[-36.7786,191.187,-14.2378],"tipVelocity":[-55.1668,3.29565,46.4056],"tool":false,"touchDistance":0.417912,"touchZone":"hovering","type":0,"width":16.6432},{"bases":[[[0.982959,-0.154135,-0.100172],[0.18328,0.77975,0.598664],[-0.0141661,-0.606821,0.794712]],[[0.976536,-0.214456,-0.0196385],[0.114753,0.44102,0.890131],[-0.182233,-0.871498,0.455282]],[[0.976536,-0.214456,-0.0196385],[0.138014,0.553224,0.82152],[-0.165316,-0.804955,0.569841]],[[0.976536,-0.214456,-0.0196385],[0.182877,0.777658,0.601502],[-0.113724,-0.59098,0.79863]]],"btipPosition":[22.1386,279.585,-23.7963],"carpPosition":[10.2638,187.933,63.7189],"dipPosition":[20.5886,271.53,-12.9115],"direction":[0.165316,0.804955,-0.569841],"extended":true,"handId":160,"id":1601,"length":46.9111,"mcpPosition":[11.1558,226.143,13.6787],"pipPosition":[17.4012,256.01,-1.92447],"stabilizedTipPosition":[20.9716,274.216,-23.897],"timeVisible":10.6318,"tipPosition":[18.7626,265.962,-29.0561],"tipVelocity":[1.42442,142.232,150.902],"tool":false,"touchDistance":-0.13784,"touchZone":"touching","type":1,"width":15.8976},{"bases":[[[0.926264,-0.365357,-0.0924625],[0.346466,0.728954,0.590412],[-0.14831,-0.578913,0.801788]],[[0.905158,-0.425027,-0.00640469],[0.208973,0.431817,0.877419],[-0.370161,-0.795542,0.479681]],[[0.905158,-0.425027,-0.00640469],[0.326003,0.684445,0.652117],[-0.272784,-0.592357,0.758091]],[[0.905158,-0.425027,-0.00640469],[0.40095,0.848684,0.344928],[-0.141168,-0.314782,0.938607]]],"btipPosition":[52.1783,271.081,-34.4411],"carpPosition":[20.7856,187.768,63.1462],"dipPosition":[50.0621,266.362,-20.371],"direction":[0.272784,0.592357,-0.758091],"extended":true,"handId":160,"id":1602,"length":53.4514,"mcpPosition":[29.6417,222.337,15.2691],"pipPosition":[43.8743,252.925,-3.1745],"stabilizedTipPosition":[50.2448,265.821,-32.9299],"timeVisible":10.6318,"tipPosition":[47.1486,257.663,-37.403],"tipVelocity":[-0.0466004,176.23,127.486],"tool":false,"touchDistance":-0.220569,"touchZone":"touching","type":2,"width":15.6135},{"bases":[[[0.865572,-0.500471,-0.017708],[0.406854,0.682162,0.607556],[-0.291985,-0.533088,0.794079]],[[0.830127,-0.553682,0.0657723],[0.288136,0.526977,0.799546],[-0.477354,-0.644773,0.596993]],[[0.830127,-0.553682,0.0657723],[0.473383,0.762189,0.441561],[-0.294615,-0.335416,0.894817]],[[0.830127,-0.553682,0.0657723],[0.549069,0.832282,0.0763574],[-0.0970188,-0.0272728,0.994909]]],"btipPosition":[71.472,244.293,-36.3813],"carpPosition":[30.8482,184.914,62.0707],"dipPosition":[70.026,243.886,-21.5528],"direction":[0.294615,0.335416,-0.894817],"extended":true,"handId":160,"id":1603,"length":51.395,"mcpPosition":[46.5021,213.494,19.4984],"pipPosition":[63.5156,236.474,-1.77912],"stabilizedTipPosition":[67.2554,238.349,-33.5244],"timeVisible":10.6318,"tipPosition":[63.8155,231.934,-36.1032],"tipVelocity":[144.794,347.796,179.109],"tool":false,"touchDistance":-0.241,"touchZone":"touching","type":3,"width":14.8573},{"bases":[[[0.746758,-0.664594,-0.0258237],[0.509124,0.546221,0.665158],[-0.427955,-0.50986,0.746256]],[[0.648576,-0.751518,0.120708],[0.467546,0.518494,0.715936],[-0.600625,-0.407902,0.687652]],[[0.648576,-0.751518,0.120708],[0.739968,0.6597,0.131315],[-0.178316,0.00415259,0.983964]],[[0.648576,-0.751518,0.120708],[0.744865,0.594037,-0.303804],[0.156609,0.286951,0.945057]]],"btipPosition":[77.8845,209.227,-25.6528],"carpPosition":[39.0757,176.428,59.1251],"dipPosition":[80.0378,213.172,-12.6583],"direction":[0.178316,-0.00415259,-0.983964],"extended":true,"handId":160,"id":1604,"length":40.2927,"mcpPosition":[60.3143,201.731,22.0897],"pipPosition":[77.2557,213.237,2.69365],"stabilizedTipPosition":[72.8192,206.502,-20.9491],"timeVisible":10.6318,"tipPosition":[67.2221,201.422,-21.5474],"tipVelocity":[313.253,275.456,67.5601],"tool":false,"touchDistance":-0.267373,"touchZone":"touching","type":4,"width":13.1974}],"r":[[0.955109,0.223922,-0.193973],[-0.226613,0.973948,0.00849766],[0.190822,0.0358405,0.98097]],"s":1.54312,"t":[-95.0038,102.149,-29.3014],"timestamp":1132331207467},{"currentFrameRate":112.109,"devices":[],"gestures":[],"hands":[{"armBasis":[[0.936923,-0.0715661,-0.34213],[0.234108,0.855322,0.462189],[0.259554,-0.513131,0.818125]],"armWidth":53.0314,"confidence":1,"direction":[0.205224,0.67902,-0.704851],"elbow":[84.9557,44.0362,266.759],"grabAngle":0.414388,"grabStrength":0,"id":160,"palmNormal":[-0.180398,-0.681596,-0.709143],"palmPosition":[26.9991,204.646,27.8372],"palmVelocity":[-4.63405,15.9859,1.60555],"palmWidth":77.8763,"pinchDistance":89.3365,"pinchStrength":0,"r":[[0.955074,0.22144,-0.196972],[-0.225069,0.974334,0.00405636],[0.192815,0.0404582,0.980401]],"s":1.56346,"sphereCenter":[20.0779,250.474,14.4473],"sphereRadius":60.3269,"stabilizedPalmPosition":[27.9304,209.58,34.2507],"t":[-95.0094,102.306,-29.3284],"timeVisible":10.6405,"type":"right","wrist":[24.9761,162.614,77.7006]}],"id":125742,"interactionBox":{"center":[0,200,0],"size":[235.247,235.247,147.751]},"pointables":[{"bases":[[[0.588483,0.632409,0.503733],[-0.773583,0.259278,0.578224],[0.235067,-0.729955,0.641802]],[[0.329865,0.943855,0.0180854],[-0.783998,0.263225,0.562192],[0.525867,-0.199627,0.826809]],[[0.329865,0.943855,0.0180854],[-0.749478,0.250189,0.612934],[0.573996,-0.21574,0.789927]],[[0.329865,0.943855,0.0180854],[-0.647034,0.212097,0.732367],[0.687412,-0.253284,0.68067]]],"btipPosition":[-52.1944,191.494,-11.2821],"carpPosition":[-1.28246,172.369,58.2342],"dipPosition":[-39.361,186.766,1.42546],"direction":[-0.573996,0.21574,-0.789927],"extended":true,"handId":160,"id":1600,"length":41.5735,"mcpPosition":[-1.28246,172.369,58.2342],"pipPosition":[-23.7493,180.898,22.9101],"stabilizedTipPosition":[-48.2434,190.305,-9.1485],"timeVisible":10.6405,"tipPosition":[-37.1336,191.31,-14.0169],"tipVelocity":[-39.933,14.2699,35.2754],"tool":false,"touchDistance":0.414043,"touchZone":"hovering","type":0,"width":16.6432},{"bases":[[[0.982747,-0.154806,-0.101206],[0.184454,0.780143,0.59779],[-0.0135862,-0.606145,0.795238]],[[0.97687,-0.212466,-0.0241443],[0.114487,0.424309,0.898251],[-0.180603,-0.880238,0.43882]],[[0.97687,-0.212466,-0.0241443],[0.139081,0.545546,0.82646],[-0.162423,-0.810702,0.562478]],[[0.97687,-0.212466,-0.0241443],[0.179581,0.75385,0.63203],[-0.116084,-0.621747,0.774568]]],"btipPosition":[22.0151,280.551,-22.7476],"carpPosition":[10.2563,188.112,63.7666],"dipPosition":[20.433,272.077,-12.1908],"direction":[0.162423,0.810702,-0.562478],"extended":true,"handId":160,"id":1601,"length":46.9111,"mcpPosition":[11.1118,226.279,13.6932],"pipPosition":[17.3013,256.446,-1.34574],"stabilizedTipPosition":[21.1688,275.489,-22.859],"timeVisible":10.6405,"tipPosition":[18.9222,267.035,-28.4012],"tipVelocity":[-15.094,100.258,112.225],"tool":false,"touchDistance":-0.12162,"touchZone":"touching","type":1,"width":15.8976},{"bases":[[[0.925936,-0.365987,-0.0932522],[0.3476,0.729243,0.589388],[-0.147705,-0.57815,0.80245]],[[0.906868,-0.421191,-0.013704],[0.208914,0.421097,0.882628],[-0.365984,-0.803291,0.469872]],[[0.906868,-0.421191,-0.013704],[0.323144,0.674154,0.664149],[-0.270495,-0.606724,0.747475]],[[0.906868,-0.421191,-0.013704],[0.395924,0.840425,0.370041],[-0.144341,-0.341004,0.928914]]],"btipPosition":[51.9689,272.224,-33.682],"carpPosition":[20.7773,187.94,63.1815],"dipPosition":[49.8051,267.113,-19.7571],"direction":[0.270495,0.606724,-0.747475],"extended":true,"handId":160,"id":1602,"length":53.4514,"mcpPosition":[29.5972,222.463,15.265],"pipPosition":[43.6692,253.35,-2.80148],"stabilizedTipPosition":[50.7131,267.817,-31.9941],"timeVisible":10.6405,"tipPosition":[47.405,258.769,-36.9158],"tipVelocity":[-25.4079,121.428,83.6856],"tool":false,"touchDistance":-0.208474,"touchZone":"touching","type":2,"width":15.6135},{"bases":[[[0.865252,-0.501003,-0.0183122],[0.40798,0.68243,0.6065],[-0.291361,-0.532246,0.794873]],[[0.83275,-0.550473,0.0592138],[0.27822,0.508541,0.81485],[-0.478665,-0.662092,0.57664]],[[0.83275,-0.550473,0.0592138],[0.45721,0.744067,0.487158],[-0.312226,-0.378608,0.871304]],[[0.83275,-0.550473,0.0592138],[0.53882,0.830386,0.141889],[-0.127276,-0.0862525,0.98811]]],"btipPosition":[72.3142,246.864,-35.0516],"carpPosition":[30.8369,185.079,62.0966],"dipPosition":[70.4172,245.578,-20.3245],"direction":[0.312226,0.378608,-0.871304],"extended":true,"handId":160,"id":1603,"length":51.395,"mcpPosition":[46.4574,213.614,19.4817],"pipPosition":[63.5176,237.212,-1.07039],"stabilizedTipPosition":[69.3115,242.005,-32.6971],"timeVisible":10.6405,"tipPosition":[64.9899,234.272,-35.4548],"tipVelocity":[85.1519,273.132,150.64],"tool":false,"touchDistance":-0.228409,"touchZone":"touching","type":3,"width":14.8573},{"bases":[[[0.746331,-0.665062,-0.0261492],[0.510237,0.546476,0.664095],[-0.427374,-0.508976,0.747191]],[[0.647612,-0.752232,0.12143],[0.4453,0.502949,0.740777],[-0.61831,-0.425663,0.660684]],[[0.647612,-0.752232,0.12143],[0.72302,0.656954,0.213666],[-0.2405,-0.0505756,0.969331]],[[0.647612,-0.752232,0.12143],[0.75799,0.619727,-0.203447],[0.0777856,0.223798,0.971527]]],"btipPosition":[80.3886,211.564,-25.0509],"carpPosition":[39.0558,176.586,59.1483],"dipPosition":[81.4582,214.641,-11.6925],"direction":[0.2405,0.0505756,-0.969331],"extended":true,"handId":160,"id":1604,"length":40.2927,"mcpPosition":[60.2657,201.845,22.0666],"pipPosition":[77.7058,213.852,3.43116],"stabilizedTipPosition":[76.7167,209.379,-21.4625],"timeVisible":10.6405,"tipPosition":[69.4798,203.376,-21.6483],"tipVelocity":[260.02,246.473,79.0562],"tool":false,"touchDistance":-0.262778,"touchZone":"touching","type":4,"width":13.1974}],"r":[[0.955074,0.22144,-0.196972],[-0.225069,0.974334,0.00405636],[0.192815,0.0404582,0.980401]],"s":1.56346,"t":[-95.0094,102.306,-29.3284],"timestamp":1132331216139},{"currentFrameRate":112.301,"devices":[],"gestures":[],"hands":[{"armBasis":[[0.93663,-0.0691285,-0.343432],[0.234107,0.852808,0.466811],[0.260612,-0.517629,0.814949]],"armWidth":53.0314,"confidence":1,"direction":[0.204644,0.678542,-0.705479],"elbow":[85.1868,43.1303,266.007],"grabAngle":0.367986,"grabStrength":0,"id":160,"palmNormal":[-0.181479,-0.681935,-0.70854],"palmPosition":[26.94,204.794,27.8272],"palmVelocity":[-6.89402,17.2349,-1.17055],"palmWidth":77.8763,"pinchDistance":89.4038,"pinchStrength":0,"r":[[0.955008,0.219351,-0.199611],[-0.223768,0.974642,0.000440807],[0.194646,0.0442456,0.979875]],"s":1.5789,"sphereCenter":[18.8714,253.971,16.7533],"sphereRadius":62.4325,"stabilizedPalmPosition":[27.8872,209.372,33.9706],"t":[-95.0418,102.459,-29.3469],"timeVisible":10.6491,"type":"right","wrist":[24.9628,162.748,77.6828]}],"id":125743,"interactionBox":{"center":[0,200,0],"size":[235.247,235.247,147.751]},"pointables":[{"bases":[[[0.589305,0.632481,0.50268],[-0.772809,0.259892,0.578984],[0.235554,-0.729674,0.641943]],[[0.330107,0.943791,0.0169718],[-0.782713,0.263629,0.563791],[0.527627,-0.199396,0.825743]],[[0.330107,0.943791,0.0169718],[-0.746904,0.250164,0.616079],[0.577204,-0.216048,0.787502]],[[0.330107,0.943791,0.0169718],[-0.644587,0.212248,0.734479],[0.689592,-0.253396,0.67842]]],"btipPosition":[-52.4327,191.67,-11.087],"carpPosition":[-1.31764,172.545,58.2758],"dipPosition":[-39.5586,186.94,1.57857],"direction":[-0.577204,0.216048,-0.787502],"extended":true,"handId":160,"id":1600,"length":41.5735,"mcpPosition":[-1.31764,172.545,58.2758],"pipPosition":[-23.8596,181.063,22.9973],"stabilizedTipPosition":[-48.6197,190.39,-8.84988],"timeVisible":10.6491,"tipPosition":[-37.3739,191.448,-13.884],"tipVelocity":[-26.7124,20.4849,21.6382],"tool":false,"touchDistance":0.408754,"touchZone":"hovering","type":0,"width":16.6432},{"bases":[[[0.982571,-0.155224,-0.102271],[0.185441,0.780417,0.597127],[-0.0128742,-0.605685,0.7956]],[[0.977259,-0.210066,-0.0289452],[0.115107,0.410875,0.904396],[-0.17809,-0.88716,0.425711]],[[0.977259,-0.210066,-0.0289452],[0.141585,0.544786,0.826536],[-0.157859,-0.811837,0.562139]],[[0.977259,-0.210066,-0.0289452],[0.178204,0.739602,0.649023],[-0.11493,-0.639422,0.760218]]],"btipPosition":[21.7575,281.196,-22.1],"carpPosition":[10.2334,188.287,63.7857],"dipPosition":[20.1911,272.482,-11.7388],"direction":[0.157859,0.811837,-0.562139],"extended":true,"handId":160,"id":1601,"length":46.9111,"mcpPosition":[11.044,226.424,13.6895],"pipPosition":[17.1474,256.829,-0.900239],"stabilizedTipPosition":[21.2307,276.493,-22.0071],"timeVisible":10.6491,"tipPosition":[18.9524,267.773,-27.989],"tipVelocity":[-29.6354,68.8446,70.3102],"tool":false,"touchDistance":-0.111576,"touchZone":"touching","type":1,"width":15.8976},{"bases":[[[0.925692,-0.36638,-0.0941297],[0.348559,0.729452,0.588563],[-0.146974,-0.577638,0.802953]],[[0.90836,-0.417697,-0.0202638],[0.210377,0.414552,0.885375],[-0.361418,-0.808502,0.464436]],[[0.90836,-0.417697,-0.0202638],[0.322794,0.66952,0.668989],[-0.265868,-0.614224,0.742996]],[[0.90836,-0.417697,-0.0202638],[0.392854,0.835718,0.383721],[-0.143344,-0.356517,0.923227]]],"btipPosition":[51.6061,272.967,-33.3094],"carpPosition":[20.7536,188.111,63.1883],"dipPosition":[49.4573,267.623,-19.4698],"direction":[0.265868,0.614224,-0.742996],"extended":true,"handId":160,"id":1602,"length":53.4514,"mcpPosition":[29.5299,222.603,15.2417],"pipPosition":[43.4263,253.69,-2.61575],"stabilizedTipPosition":[50.8712,269.372,-31.2535],"timeVisible":10.6491,"tipPosition":[47.4753,259.497,-36.6479],"tipVelocity":[-41.9283,80.4075,41.1841],"tool":false,"touchDistance":-0.20259,"touchZone":"touching","type":2,"width":15.6135},{"bases":[[[0.865046,-0.50133,-0.0190414],[0.408942,0.682627,0.60563],[-0.290623,-0.531685,0.795518]],[[0.835451,-0.547053,0.0524783],[0.271968,0.494536,0.82551],[-0.477551,-0.675401,0.561942]],[[0.835451,-0.547053,0.0524783],[0.445152,0.729628,0.519117],[-0.322275,-0.410336,0.85309]],[[0.835451,-0.547053,0.0524783],[0.529497,0.826835,0.189677],[-0.147154,-0.130679,0.980443]]],"btipPosition":[72.7271,248.837,-34.049],"carpPosition":[30.8109,185.245,62.0932],"dipPosition":[70.5339,246.889,-19.4362],"direction":[0.322275,0.410336,-0.85309],"extended":true,"handId":160,"id":1603,"length":51.395,"mcpPosition":[46.3918,213.75,19.4437],"pipPosition":[63.4123,237.822,-0.584533],"stabilizedTipPosition":[70.6093,244.851,-31.8015],"timeVisible":10.6491,"tipPosition":[65.7532,236.058,-34.9436],"tipVelocity":[40.2291,212.479,113.911],"tool":false,"touchDistance":-0.218105,"touchZone":"touching","type":3,"width":14.8573},{"bases":[[[0.746056,-0.66535,-0.0266449],[0.511216,0.546668,0.663183],[-0.426683,-0.508393,0.747983]],[[0.647707,-0.752252,0.120802],[0.42766,0.490189,0.759488],[-0.630542,-0.440263,0.639207]],[[0.647707,-0.752252,0.120802],[0.703986,0.651541,0.282663],[-0.291341,-0.0980399,0.951582]],[[0.647707,-0.752252,0.120802],[0.76187,0.638374,-0.10969],[0.00539785,0.163083,0.986598]]],"btipPosition":[82.4553,213.683,-24.4229],"carpPosition":[39.0232,176.747,59.1402],"dipPosition":[82.5295,215.925,-10.8573],"direction":[0.291341,0.0980399,-0.951582],"extended":true,"handId":160,"id":1604,"length":40.2927,"mcpPosition":[60.1987,201.978,22.0191],"pipPosition":[77.9839,214.396,3.98948],"stabilizedTipPosition":[79.737,211.908,-21.3787],"timeVisible":10.6491,"tipPosition":[71.3863,205.135,-21.6449],"tipVelocity":[214.411,224.877,78.8323],"tool":false,"touchDistance":-0.257898,"touchZone":"touching","type":4,"width":13.1974}],"r":[[0.955008,0.219351,-0.199611],[-0.223768,0.974642,0.000440807],[0.194646,0.0442456,0.979875]],"s":1.5789,"t":[-95.0418,102.459,-29.3469],"timestamp":1132331224710},{"currentFrameRate":112.373,"devices":[],"gestures":[],"hands":[{"armBasis":[[0.936731,-0.0661164,-0.34375],[0.233071,0.850485,0.471544],[0.261177,-0.521828,0.812085]],"armWidth":53.0314,"confidence":1,"direction":[0.203709,0.678055,-0.706219],"elbow":[85.292,42.3832,265.373],"grabAngle":0.331824,"grabStrength":0,"id":160,"palmNormal":[-0.181631,-0.682648,-0.707815],"palmPosition":[26.8555,205.02,27.8523],"palmVelocity":[-9.62771,25.7471,2.86228],"palmWidth":77.8763,"pinchDistance":89.4242,"pinchStrength":0,"r":[[0.954894,0.217747,-0.2019],[-0.222845,0.974851,-0.00258719],[0.196259,0.0474628,0.979403]],"s":1.59033,"sphereCenter":[17.8486,256.753,18.5676],"sphereRadius":64.1408,"stabilizedPalmPosition":[27.8385,209.166,33.6814],"t":[-95.1002,102.648,-29.3436],"timeVisible":10.6578,"type":"right","wrist":[24.9374,162.971,77.7107]}],"id":125744,"interactionBox":{"center":[0,200,0],"size":[235.247,235.247,147.751]},"pointables":[{"bases":[[[0.589326,0.633252,0.501683],[-0.772513,0.259942,0.579356],[0.23647,-0.728987,0.642386]],[[0.329873,0.943884,0.0163555],[-0.78183,0.263446,0.5651],[0.52908,-0.199198,0.82486]],[[0.329873,0.943884,0.0163555],[-0.745556,0.249854,0.617835],[0.579078,-0.216001,0.786138]],[[0.329873,0.943884,0.0163555],[-0.644858,0.212647,0.734125],[0.68945,-0.252715,0.678818]]],"btipPosition":[-52.5854,191.884,-10.9451],"carpPosition":[-1.35999,172.78,58.3503],"dipPosition":[-39.714,187.166,1.72791],"direction":[-0.579078,0.216001,-0.786138],"extended":true,"handId":160,"id":1600,"length":41.5735,"mcpPosition":[-1.35999,172.78,58.3503],"pipPosition":[-23.9641,181.291,23.1095],"stabilizedTipPosition":[-48.9267,190.515,-8.59964],"timeVisible":10.6578,"tipPosition":[-37.5588,191.596,-13.7617],"tipVelocity":[-17.4817,24.6442,16.3703],"tool":false,"touchDistance":0.403366,"touchZone":"hovering","type":0,"width":16.6432},{"bases":[[[0.982582,-0.154745,-0.102896],[0.18545,0.781036,0.596314],[-0.0119112,-0.60501,0.796129]],[[0.977809,-0.206858,-0.0331543],[0.115468,0.400095,0.90917],[-0.174805,-0.892823,0.415103]],[[0.977809,-0.206858,-0.0331543],[0.143951,0.548426,0.823715],[-0.15221,-0.810209,0.566034]],[[0.977809,-0.206858,-0.0331543],[0.177253,0.73252,0.657263],[-0.111674,-0.648555,0.752931]]],"btipPosition":[21.3837,281.688,-21.6934],"carpPosition":[10.1862,188.534,63.8378],"dipPosition":[19.8617,272.849,-11.4315],"direction":[0.15221,0.810209,-0.566033],"extended":true,"handId":160,"id":1601,"length":46.9111,"mcpPosition":[10.9362,226.629,13.7083],"pipPosition":[16.927,257.227,-0.517833],"stabilizedTipPosition":[21.1746,277.393,-21.246],"timeVisible":10.6578,"tipPosition":[18.8667,268.354,-27.7098],"tipVelocity":[-41.438,52.7845,43.747],"tool":false,"touchDistance":-0.10518,"touchZone":"touching","type":1,"width":15.8976},{"bases":[[[0.925831,-0.365926,-0.0945291],[0.34859,0.730158,0.587668],[-0.146022,-0.577033,0.803561]],[[0.909925,-0.413997,-0.0253675],[0.211866,0.411339,0.886518],[-0.356581,-0.812039,0.461999]],[[0.909925,-0.413997,-0.0253675],[0.322903,0.668667,0.66979],[-0.260329,-0.61765,0.742117]],[[0.909925,-0.413997,-0.0253675],[0.390295,0.83392,0.390189],[-0.140383,-0.364943,0.920385]]],"btipPosition":[51.1456,273.524,-33.1453],"carpPosition":[20.7061,188.363,63.2325],"dipPosition":[49.0412,268.053,-19.3483],"direction":[0.260329,0.61765,-0.742117],"extended":true,"handId":160,"id":1602,"length":53.4514,"mcpPosition":[29.4254,222.82,15.2496],"pipPosition":[43.1359,254.042,-2.51417],"stabilizedTipPosition":[50.7783,270.655,-30.6854],"timeVisible":10.6578,"tipPosition":[47.4144,260.073,-36.4754],"tipVelocity":[-51.3255,60.1278,17.5877],"tool":false,"touchDistance":-0.200019,"touchZone":"touching","type":2,"width":15.6135},{"bases":[[[0.865321,-0.500847,-0.0192783],[0.409014,0.683382,0.604729],[-0.289702,-0.53117,0.796198]],[[0.838408,-0.543047,0.0466131],[0.267435,0.484391,0.832973],[-0.474922,-0.685905,0.551347]],[[0.838408,-0.543047,0.0466131],[0.435669,0.719097,0.541379],[-0.327514,-0.433589,0.839485]],[[0.838408,-0.543047,0.0466131],[0.521165,0.823776,0.223113],[-0.15956,-0.162767,0.973677]]],"btipPosition":[72.838,250.434,-33.2675],"carpPosition":[30.7641,185.503,62.1321],"dipPosition":[70.4599,248.008,-18.7555],"direction":[0.327514,0.433589,-0.839485],"extended":true,"handId":160,"id":1603,"length":51.395,"mcpPosition":[46.2957,213.98,19.4462],"pipPosition":[63.2225,238.426,-0.204471],"stabilizedTipPosition":[71.3828,247.162,-30.9405],"timeVisible":10.6578,"tipPosition":[66.2184,237.507,-34.5104],"tipVelocity":[7.79142,169.424,86.4411],"tool":false,"touchDistance":-0.209041,"touchZone":"touching","type":3,"width":14.8573},{"bases":[[[0.74642,-0.664942,-0.0266494],[0.511411,0.547532,0.662319],[-0.425812,-0.507997,0.748748]],[[0.648995,-0.751277,0.11995],[0.41242,0.479903,0.77434],[-0.639308,-0.453073,0.621297]],[[0.648995,-0.751277,0.11995],[0.683527,0.64502,0.341672],[-0.334061,-0.139755,0.932133]],[[0.648995,-0.751277,0.11995],[0.758335,0.651469,-0.0226936],[-0.0610944,0.10569,0.992521]]],"btipPosition":[84.196,215.725,-23.6938],"carpPosition":[38.9791,177.007,59.18],"dipPosition":[83.356,217.178,-10.0468],"direction":[0.334061,0.139755,-0.932133],"extended":true,"handId":160,"id":1604,"length":40.2927,"mcpPosition":[60.1114,202.218,22.021],"pipPosition":[78.1439,214.997,4.49655],"stabilizedTipPosition":[82.1087,214.216,-20.9207],"timeVisible":10.6578,"tipPosition":[73.0417,206.84,-21.5009],"tipVelocity":[174.45,212.003,85.2402],"tool":false,"touchDistance":-0.251535,"touchZone":"touching","type":4,"width":13.1974}],"r":[[0.954894,0.217747,-0.2019],[-0.222845,0.974851,-0.00258719],