{"frames":56,"data":[{"currentFrameRate":57.6737,"devices":[],"gestures":[],"hands":[{"armBasis":[[0.946431,-0.12346,-0.298372],[0.256225,0.84947,0.461248],[0.196512,-0.51299,0.835598]],"armWidth":53.0314,"confidence":1,"direction":[0.145725,0.790951,-0.594273],"elbow":[80.8595,32.7839,260.408],"grabAngle":2.3016,"grabStrength":1,"id":161,"palmNormal":[-0.214153,-0.561225,-0.799478],"palmPosition":[34.6048,199.853,23.8067],"palmVelocity":[-0.0901552,-3.82501,1.4394],"palmWidth":77.8763,"pinchDistance":27.0413,"pinchStrength":0.809094,"r":[[0.930988,0.250645,-0.265403],[-0.251366,0.967369,0.0318273],[0.26472,0.0370825,0.963612]],"s":1.22735,"sphereCenter":[33.2417,190.071,-18.1475],"sphereRadius":39.1812,"stabilizedPalmPosition":[33.984,201.958,24.8159],"t":[-89.2962,61.6895,-33.8773],"timeVisible":15.9044,"type":"right","wrist":[35.4481,151.329,67.3122]}],"id":128203,"interactionBox":{"center":[0,200,0],"size":[235.247,235.247,147.751]},"pointables":[{"bases":[[[0.608643,0.558223,0.563863],[-0.738425,0.138491,0.659961],[0.290315,-0.818051,0.496497]],[[0.374739,0.897927,0.230864],[-0.840505,0.223926,0.493365],[0.391309,-0.378925,0.838626]],[[0.374739,0.897927,0.230864],[-0.916979,0.322214,0.235217],[0.13682,-0.299843,0.944126]],[[0.374739,0.897927,0.230864],[-0.903694,0.409395,-0.125429],[-0.20714,-0.161628,0.964868]]],"btipPosition":[-7.58203,189.587,-29.3759],"carpPosition":[8.9901,162.225,50.1449],"dipPosition":[-11.4492,186.569,-11.3626],"direction":[-0.13682,0.299843,-0.944126],"extended":false,"handId":161,"id":1610,"length":41.5735,"mcpPosition":[8.9901,162.225,50.1449],"pipPosition":[-7.72791,178.414,14.316],"stabilizedTipPosition":[-8.83708,191.382,-23.1678],"timeVisible":15.9044,"tipPosition":[-7.97661,193.031,-23.5987],"tipVelocity":[-0.304965,-3.234,2.49442],"tool":false,"touchDistance":-0.248719,"touchZone":"touching","type":0,"width":16.6432},{"bases":[[[0.871263,-0.465872,-0.15448],[0.434417,0.585471,0.684475],[-0.228434,-0.663466,0.712482]],[[0.878541,-0.442994,-0.178667],[0.470607,0.866799,0.16489],[0.0818235,-0.228945,0.969994]],[[0.878541,-0.442994,-0.178667],[0.131672,0.584147,-0.800896],[0.45916,0.680094,0.571527]],[[0.878541,-0.442994,-0.178667],[-0.173107,0.0533423,-0.983457],[0.445196,0.894936,-0.0298218]]],"btipPosition":[33.6028,190.422,-30.8987],"carpPosition":[41.0541,175.06,54.0559],"dipPosition":[40.2381,203.76,-31.3431],"direction":[-0.45916,-0.680094,-0.571527],"extended":false,"handId":161,"id":1613,"length":51.395,"mcpPosition":[53.3009,210.629,15.8583],"pipPosition":[50.3847,218.789,-18.7135],"stabilizedTipPosition":[34.8826,192.944,-30.9109],"timeVisible":15.9044,"tipPosition":[35.6223,193.641,-30.0541],"tipVelocity":[-0.360784,-4.73706,2.14894],"tool":false,"touchDistance":-0.236987,"touchZone":"touching","type":3,"width":14.8573},{"bases":[[[0.755134,-0.629819,-0.181937],[0.542742,0.444952,0.712354],[-0.367701,-0.636667,0.677828]],[[0.753849,-0.632032,-0.179576],[0.656732,0.733273,0.176108],[0.0203725,-0.250692,0.967852]],[[0.753849,-0.632032,-0.179576],[0.254594,0.532937,-0.806945],[0.605717,0.562596,0.562666]],[[0.753849,-0.632032,-0.179576],[-0.142399,0.109654,-0.983717],[0.641431,0.767145,-0.00733811]]],"btipPosition":[48.6197,186.748,-20.3762],"carpPosition":[49.2161,167.406,49.2406],"dipPosition":[57.4394,197.296,-20.4771],"direction":[-0.605717,-0.562596,-0.562666],"extended":false,"handId":161,"id":1614,"length":40.2927,"mcpPosition":[67.4645,199.003,15.6012],"pipPosition":[66.8899,206.074,-11.6983],"stabilizedTipPosition":[50.0881,188.983,-20.1769],"timeVisible":15.9044,"tipPosition":[50.2893,187.667,-17.4817],"tipVelocity":[0.137135,-3.50423,1.3437],"tool":false,"touchDistance":-0.0748495,"touchZone":"touching","type":4,"width":13.1974},{"bases":[[[0.976625,-0.107506,-0.186136],[0.209037,0.676751,0.705912],[0.0500777,-0.72832,0.683405]],[[0.973672,-0.0769214,-0.214583],[0.141577,0.94184,0.304785],[0.178658,-0.32714,0.927933]],[[0.973672,-0.0769214,-0.214583],[-0.095014,0.718728,-0.688769],[0.207208,0.691023,0.692497]],[[0.973672,-0.0769214,-0.214583],[-0.202116,0.143985,-0.968719],[0.105412,0.986586,0.124647]]],"btipPosition":[5.86802,207.48,-32.4069],"carpPosition":[20.5759,177.179,57.4771],"dipPosition":[7.30471,220.926,-30.708],"direction":[-0.207208,-0.691023,-0.692497],"extended":false,"handId":161,"id":1611,"length":46.9111,"mcpPosition":[17.4227,223.038,14.4455],"pipPosition":[11.2999,234.25,-17.3561],"stabilizedTipPosition":[6.14483,211.425,-32.8661],"timeVisible":15.9044,"tipPosition":[6.37164,211.9,-34.3472],"tipVelocity":[-0.321638,-10.1366,4.55542],"tool":false,"touchDistance":-0.266307,"touchZone":"touching","type":1,"width":15.8976},{"bases":[[[0.92437,-0.3187,-0.209689],[0.372186,0.632679,0.679113],[-0.0837678,-0.705796,0.703445]],[[0.92716,-0.287356,-0.240419],[0.348764,0.896386,0.273598],[0.136889,-0.337519,0.931312]],[[0.92716,-0.287356,-0.240419],[0.0544764,0.738264,-0.672309],[0.370685,0.61024,0.700142]],[[0.92716,-0.287356,-0.240419],[-0.18336,0.211585,-0.960006],[0.326732,0.934162,0.143484]]],"btipPosition":[17.4691,204.687,-39.6258],"carpPosition":[31.0369,177.411,56.2205],"dipPosition":[22.367,218.691,-37.4749],"direction":[-0.370685,-0.61024,-0.700143],"extended":false,"handId":161,"id":1612,"length":53.4514,"mcpPosition":[36.0389,219.556,14.2158],"pipPosition":[30.7755,232.534,-21.5929],"stabilizedTipPosition":[18.6644,207.611,-39.3704],"timeVisible":15.9044,"tipPosition":[19.6705,209.455,-38.9718],"tipVelocity":[-1.06833,-7.79937,3.03214],"tool":false,"touchDistance":-0.270917,"touchZone":"touching","type":2,"width":15.6135}],"r":[[0.930988,0.250645,-0.265403],[-0.251366,0.967369,0.0318273],[0.26472,0.0370825,0.963612]],"s":1.22735,"t":[-89.2962,61.6895,-33.8773],"timestamp":1132365721723},{"currentFrameRate":57.6626,"devices":[],"gestures":[],"hands":[{"armBasis":[[0.946081,-0.123781,-0.299348],[0.25691,0.849586,0.460653],[0.197302,-0.51272,0.835578]],"armWidth":53.0314,"confidence":1,"direction":[0.146097,0.791122,-0.593954],"elbow":[81.0554,32.7383,260.39],"grabAngle":2.30206,"grabStrength":1,"id":161,"palmNormal":[-0.21469,-0.560732,-0.79968],"palmPosition":[34.6305,199.759,23.8103],"palmVelocity":[1.48075,-5.36875,0.203797],"palmWidth":77.8763,"pinchDistance":26.9582,"pinchStrength":0.81146,"r":[[0.930967,0.25085,-0.265282],[-0.251551,0.967318,0.0319134],[0.264618,0.0370216,0.963643]],"s":1.22657,"sphereCenter":[33.2616,189.983,-18.151],"sphereRadius":39.1781,"stabilizedPalmPosition":[33.9908,201.936,24.8054],"t":[-89.3026,61.6047,-33.874],"timeVisible":15.9218,"type":"right","wrist":[35.4615,151.221,67.2985]}],"id":128204,"interactionBox":{"center":[0,200,0],"size":[235.247,235.247,147.751]},"pointables":[{"bases":[[[0.609126,0.557583,0.563975],[-0.738188,0.138669,0.660189],[0.289904,-0.818457,0.496068]],[[0.37554,0.897453,0.231404],[-0.840123,0.224203,0.49389],[0.391362,-0.379883,0.838168]],[[0.37554,0.897453,0.231404],[-0.916674,0.322852,0.235533],[0.136671,-0.300574,0.943915]],[[0.37554,0.897453,0.231404],[-0.90331,0.410291,-0.125269],[-0.207366,-0.161986,0.964759]]],"btipPosition":[-7.56842,189.566,-29.3561],"carpPosition":[8.99771,162.137,50.1374],"dipPosition":[-11.4398,186.542,-11.3448],"direction":[-0.136671,0.300574,-0.943915],"extended":false,"handId":161,"id":1610,"length":41.5735,"mcpPosition":[8.99771,162.137,50.1374],"pipPosition":[-7.72256,178.366,14.3281],"stabilizedTipPosition":[-8.83381,191.36,-23.1855],"timeVisible":15.9218,"tipPosition":[-7.96666,192.979,-23.5912],"tipVelocity":[0.727205,-1.30685,1.11762],"tool":false,"touchDistance":-0.248395,"touchZone":"touching","type":0,"width":16.6432},{"bases":[[[0.870931,-0.466359,-0.154883],[0.434945,0.584889,0.684638],[-0.228698,-0.663637,0.712238]],[[0.878257,-0.443342,-0.1792],[0.471098,0.86648,0.165166],[0.0820485,-0.229479,0.969849]],[[0.878257,-0.443342,-0.1792],[0.131715,0.584535,-0.800606],[0.459691,0.679534,0.571766]],[[0.878257,-0.443342,-0.1792],[-0.173397,0.053984,-0.983371],[0.445644,0.894725,-0.0294625]]],"btipPosition":[33.6072,190.355,-30.9],"carpPosition":[41.0708,174.949,54.047],"dipPosition":[40.2492,203.69,-31.3391],"direction":[-0.459691,-0.679534,-0.571766],"extended":false,"handId":161,"id":1613,"length":51.395,"mcpPosition":[53.3318,210.528,15.8624],"pipPosition":[50.4075,218.707,-18.7042],"stabilizedTipPosition":[34.8852,192.948,-30.9118],"timeVisible":15.9218,"tipPosition":[35.6319,193.571,-30.0537],"tipVelocity":[0.341557,-3.90523,-0.00521918],"tool":false,"touchDistance":-0.236988,"touchZone":"touching","type":3,"width":14.8573},{"bases":[[[0.75469,-0.63022,-0.182386],[0.543186,0.444289,0.71243],[-0.367956,-0.636734,0.677627]],[[0.753446,-0.632362,-0.180103],[0.657197,0.732726,0.176647],[0.0202613,-0.251457,0.967656]],[[0.753446,-0.632362,-0.180103],[0.255102,0.533604,-0.806344],[0.606004,0.561592,0.563359]],[[0.753446,-0.632362,-0.180103],[-0.142145,0.110783,-0.983627],[0.64196,0.766711,-0.0064184]]],"btipPosition":[48.6345,186.681,-20.3983],"carpPosition":[49.2268,167.292,49.2264],"dipPosition":[57.4614,197.223,-20.4866],"direction":[-0.606004,-0.561592,-0.563359],"extended":false,"handId":161,"id":1614,"length":40.2927,"mcpPosition":[67.4878,198.892,15.597],"pipPosition":[66.9163,205.985,-11.697],"stabilizedTipPosition":[50.0929,188.984,-20.1789],"timeVisible":15.9218,"tipPosition":[50.2986,187.585,-17.4914],"tipVelocity":[0.943744,-3.95997,-1.10704],"tool":false,"touchDistance":-0.0751702,"touchZone":"touching","type":4,"width":13.1974},{"bases":[[[0.976514,-0.108047,-0.186403],[0.209627,0.676304,0.706166],[0.0497657,-0.728656,0.68307]],[[0.973563,-0.0773551,-0.214921],[0.141959,0.942037,0.303995],[0.178948,-0.326469,0.928114]],[[0.973563,-0.0773551,-0.214921],[-0.0952435,0.717737,-0.68977],[0.207614,0.692004,0.691395]],[[0.973563,-0.0773551,-0.214921],[-0.202538,0.142687,-0.968823],[0.10561,0.98674,0.123247]]],"btipPosition":[5.886,207.358,-32.355],"carpPosition":[20.5947,177.079,57.4737],"dipPosition":[7.32539,220.806,-30.6752],"direction":[-0.207614,-0.692004,-0.691395],"extended":false,"handId":161,"id":1611,"length":46.9111,"mcpPosition":[17.4612,222.96,14.4632],"pipPosition":[11.3284,234.149,-17.3446],"stabilizedTipPosition":[6.14594,211.41,-32.8523],"timeVisible":15.9218,"tipPosition":[6.39112,211.843,-34.3197],"tipVelocity":[1.07031,-7.00426,2.73083],"tool":false,"touchDistance":-0.265516,"touchZone":"touching","type":1,"width":15.8976},{"bases":[[[0.924119,-0.319198,-0.210039],[0.372743,0.632139,0.679311],[-0.0840609,-0.706055,0.70315]],[[0.926928,-0.287735,-0.240857],[0.349232,0.896313,0.273241],[0.137262,-0.33739,0.931304]],[[0.926928,-0.287735,-0.240857],[0.0543358,0.738035,-0.672571],[0.371284,0.610338,0.69974]],[[0.926928,-0.287735,-0.240857],[-0.183784,0.211496,-0.959944],[0.32715,0.934065,0.143161]]],"btipPosition":[17.471,204.592,-39.5995],"carpPosition":[31.0555,177.306,56.2149],"dipPosition":[22.3752,218.594,-37.4535],"direction":[-0.371284,-0.610338,-0.69974],"extended":false,"handId":161,"id":1612,"length":53.4514,"mcpPosition":[36.075,219.466,14.2278],"pipPosition":[30.7973,232.439,-21.5806],"stabilizedTipPosition":[18.6635,207.613,-39.3667],"timeVisible":15.9218,"tipPosition":[19.685,209.394,-38.9611],"tipVelocity":[0.195291,-5.52466,1.44749],"tool":false,"touchDistance":-0.270498,"touchZone":"touching","type":2,"width":15.6135}],"r":[[0.930967,0.25085,-0.265282],[-0.251551,0.967318,0.0319134],[0.264618,0.0370216,0.963643]],"s":1.22657,"t":[-89.3026,61.6047,-33.874],"timestamp":1132365739102},{"currentFrameRate":57.6682,"devices":[],"gestures":[],"hands":[{"armBasis":[[0.945703,-0.124381,-0.300292],[0.257898,0.849454,0.460345],[0.197826,-0.512794,0.835408]],"armWidth":53.0314,"confidence":1,"direction":[0.146361,0.79189,-0.592864],"elbow":[81.2355,32.5319,260.306],"grabAngle":2.30168,"grabStrength":1,"id":161,"palmNormal":[-0.215592,-0.559377,-0.800385],"palmPosition":[34.6974,199.625,23.8289],"palmVelocity":[3.85758,-7.76269,1.07473],"palmWidth":77.8763,"pinchDistance":26.9511,"pinchStrength":0.81166,"r":[[0.930958,0.250949,-0.26522],[-0.251545,0.967306,0.0322991],[0.264655,0.0366458,0.963647]],"s":1.22601,"sphereCenter":[33.3026,189.914,-18.1467],"sphereRadius":39.1814,"stabilizedPalmPosition":[33.9987,201.91,24.7944],"t":[-89.2724,61.4951,-33.8631],"timeVisible":15.9391,"type":"right","wrist":[35.5205,151.032,67.2538]}],"id":128205,"interactionBox":{"center":[0,200,0],"size":[235.247,235.247,147.751]},"pointables":[{"bases":[[[0.609887,0.556274,0.564445],[-0.737694,0.138259,0.660827],[0.289561,-0.819417,0.494682]],[[0.376266,0.896896,0.232384],[-0.839787,0.224193,0.494464],[0.391384,-0.381203,0.837558]],[[0.376266,0.896896,0.232384],[-0.916359,0.323219,0.236252],[0.136783,-0.30184,0.943495]],[[0.376266,0.896896,0.232384],[-0.903041,0.411109,-0.124529],[-0.207224,-0.162996,0.964619]]],"btipPosition":[-7.52194,189.522,-29.3382],"carpPosition":[9.05086,161.983,50.1152],"dipPosition":[-11.3906,186.479,-11.3295],"direction":[-0.136783,0.30184,-0.943495],"extended":false,"handId":161,"id":1610,"length":41.5735,"mcpPosition":[9.05086,161.983,50.1152],"pipPosition":[-7.67039,178.269,14.3319],"stabilizedTipPosition":[-8.83004,191.337,-23.2035],"timeVisible":15.9391,"tipPosition":[-7.93373,192.94,-23.5608],"tipVelocity":[2.71869,-2.79101,0.996395],"tool":false,"touchDistance":-0.248107,"touchZone":"touching","type":0,"width":16.6432},{"bases":[[[0.870479,-0.466801,-0.156086],[0.435798,0.583535,0.68525],[-0.228794,-0.664518,0.711386]],[[0.877804,-0.443769,-0.180359],[0.471915,0.865751,0.166645],[0.0821936,-0.231396,0.969381]],[[0.877804,-0.443769,-0.180359],[0.132033,0.586077,-0.799425],[0.460464,0.677925,0.573053]],[[0.877804,-0.443769,-0.180359],[-0.17378,0.0558472,-0.9832],[0.446386,0.8944,-0.0280954]]],"btipPosition":[33.6443,190.327,-30.9085],"carpPosition":[41.1361,174.764,54.025],"dipPosition":[40.2974,203.657,-31.3272],"direction":[-0.460464,-0.677925,-0.573053],"extended":false,"handId":161,"id":1613,"length":51.395,"mcpPosition":[53.4023,210.391,15.886],"pipPosition":[50.4728,218.638,-18.6639],"stabilizedTipPosition":[34.8881,192.953,-30.9128],"timeVisible":15.9391,"tipPosition":[35.6614,193.515,-30.0467],"tipVelocity":[2.29358,-1.70349,-0.219608],"tool":false,"touchDistance":-0.237052,"touchZone":"touching","type":3,"width":14.8573},{"bases":[[[0.754096,-0.630532,-0.183765],[0.543947,0.44281,0.71277],[-0.368051,-0.637455,0.676897]],[[0.752751,-0.632848,-0.181299],[0.658004,0.731641,0.178132],[0.0199155,-0.253385,0.96716]],[[0.752751,-0.632848,-0.181299],[0.256206,0.535324,-0.804852],[0.606403,0.559403,0.565105]],[[0.752751,-0.632848,-0.181299],[-0.141549,0.113364,-0.983419],[0.642908,0.765932,-0.00424402]]],"btipPosition":[48.6863,186.632,-20.4434],"carpPosition":[49.2834,167.109,49.1882],"dipPosition":[57.5262,197.164,-20.5018],"direction":[-0.606403,-0.559403,-0.565105],"extended":false,"handId":161,"id":1614,"length":40.2927,"mcpPosition":[67.5492,198.745,15.5951],"pipPosition":[66.9874,205.892,-11.6849],"stabilizedTipPosition":[50.0977,188.985,-20.181],"timeVisible":15.9391,"tipPosition":[50.333,187.505,-17.5097],"tipVelocity":[3.16523,-2.93616,-2.20605],"tool":false,"touchDistance":-0.0758071,"touchZone":"touching","type":4,"width":13.1974},{"bases":[[[0.976321,-0.108525,-0.187136],[0.210564,0.675092,0.707046],[0.049602,-0.729708,0.681957]],[[0.973386,-0.0778592,-0.215542],[0.142873,0.941539,0.305108],[0.179186,-0.327783,0.927605]],[[0.973386,-0.0778592,-0.215542],[-0.0950754,0.718569,-0.688926],[0.208521,0.691083,0.692043]],[[0.973386,-0.0778592,-0.215542],[-0.202993,0.143613,-0.968591],[0.106368,0.986566,0.123986]]],"btipPosition":[5.92936,207.316,-32.297],"carpPosition":[20.6637,176.906,57.4669],"dipPosition":[7.37908,220.762,-30.6071],"direction":[-0.208521,-0.691083,-0.692043],"extended":false,"handId":161,"id":1611,"length":46.9111,"mcpPosition":[17.5405,222.853,14.5263],"pipPosition":[11.3995,234.086,-17.2639],"stabilizedTipPosition":[6.14726,211.398,-32.8417],"timeVisible":15.9391,"tipPosition":[6.43308,211.815,-34.2639],"tipVelocity":[2.64019,-2.46643,3.48519],"tool":false,"touchDistance":-0.26451,"touchZone":"touching","type":1,"width":15.8976},{"bases":[[[0.923749,-0.319599,-0.211054],[0.373629,0.630841,0.68003],[-0.0841953,-0.707033,0.70215]],[[0.926562,-0.288124,-0.241799],[0.350166,0.895476,0.274786],[0.137353,-0.339276,0.930605]],[[0.926562,-0.288124,-0.241799],[0.0547647,0.739328,-0.671115],[0.372133,0.608588,0.700813]],[[0.926562,-0.288124,-0.241799],[-0.184018,0.213434,-0.95947],[0.328054,0.933505,0.14474]]],"btipPosition":[17.5112,204.591,-39.5736],"carpPosition":[31.124,177.126,56.2022],"dipPosition":[22.4289,218.585,-37.4039],"direction":[-0.372133,-0.608588,-0.700813],"extended":false,"handId":161,"id":1612,"length":53.4514,"mcpPosition":[36.1515,219.345,14.2748],"pipPosition":[30.8703,232.39,-21.5067],"stabilizedTipPosition":[18.6632,207.616,-39.3635],"timeVisible":15.9391,"tipPosition":[19.7205,209.361,-38.9196],"tipVelocity":[2.49818,-0.154814,1.81083],"tool":false,"touchDistance":-0.269975,"touchZone":"touching","type":2,"width":15.6135}],"r":[[0.930958,0.250949,-0.26522],[-0.251545,0.967306,0.0322991],[0.264655,0.0366458,0.963647]],"s":1.22601,"t":[-89.2724,61.4951,-33.8631],"timestamp":1132365756424},{"currentFrameRate":57.6496,"devices":[],"gestures":[],"hands":[{"armBasis":[[0.945493,-0.124902,-0.300736],[0.25854,0.849417,0.460053],[0.197989,-0.512729,0.83541]],"armWidth":53.0314,"confidence":1,"direction":[0.146555,0.792526,-0.591966],"elbow":[81.3238,32.3413,260.253],"grabAngle":2.30174,"grabStrength":1,"id":161,"palmNormal":[-0.216155,-0.558308,-0.80098],"palmPosition":[34.7563,199.462,23.8255],"palmVelocity":[3.38491,-9.34068,-0.193355],"palmWidth":77.8763,"pinchDistance":26.9708,"pinchStrength":0.811099,"r":[[0.930958,0.250997,-0.265176],[-0.25144,0.967315,0.032857],[0.264756,0.0360874,0.96364]],"s":1.22558,"sphereCenter":[33.3427,189.803,-18.1596],"sphereRadius":39.1803,"stabilizedPalmPosition":[34.008,201.879,24.7825],"t":[-89.2278,61.359,-33.8593],"timeVisible":15.9565,"type":"right","wrist":[35.5713,150.826,67.2003]}],"id":128206,"interactionBox":{"center":[0,200,0],"size":[235.247,235.247,147.751]},"pointables":[{"bases":[[[0.610366,0.555288,0.564897],[-0.737393,0.13784,0.66125],[0.289319,-0.820156,0.493598]],[[0.376747,0.896467,0.233257],[-0.839611,0.224107,0.494803],[0.3913,-0.382261,0.837115]],[[0.376747,0.896467,0.233257],[-0.916158,0.323417,0.236762],[0.13681,-0.3029,0.943152]],[[0.376747,0.896467,0.233257],[-0.902873,0.411672,-0.123879],[-0.207079,-0.163931,0.964492]]],"btipPosition":[-7.47274,189.432,-29.3471],"carpPosition":[9.0999,161.802,50.0756],"dipPosition":[-11.3387,186.372,-11.3408],"direction":[-0.13681,0.3029,-0.943152],"extended":false,"handId":161,"id":1610,"length":41.5735,"mcpPosition":[9.0999,161.802,50.0756],"pipPosition":[-7.61774,178.133,14.3113],"stabilizedTipPosition":[-8.82548,191.312,-23.2229],"timeVisible":15.9565,"tipPosition":[-7.89534,192.851,-23.5593],"tipVelocity":[2.86195,-5.37993,-0.541963],"tool":false,"touchDistance":-0.248265,"touchZone":"touching","type":0,"width":16.6432},{"bases":[[[0.870188,-0.467055,-0.15695],[0.436333,0.582492,0.685796],[-0.228882,-0.665254,0.710669]],[[0.877489,-0.444089,-0.181102],[0.472464,0.865321,0.167326],[0.0824036,-0.232391,0.969125]],[[0.877489,-0.444089,-0.181102],[0.132128,0.586848,-0.798844],[0.461037,0.677048,0.573629]],[[0.877489,-0.444089,-0.181102],[-0.174136,0.0568246,-0.983081],[0.446866,0.894179,-0.0274689]]],"btipPosition":[33.6786,190.222,-30.9184],"carpPosition":[41.193,174.562,53.9895],"dipPosition":[40.3389,203.549,-31.3278],"direction":[-0.461037,-0.677048,-0.573629],"extended":false,"handId":161,"id":1613,"length":51.395,"mcpPosition":[53.4639,210.228,15.889],"pipPosition":[50.5269,218.511,-18.6517],"stabilizedTipPosition":[34.8916,192.957,-30.9138],"timeVisible":15.9565,"tipPosition":[35.6982,193.417,-30.0582],"tipVelocity":[2.06465,-6.04283,-0.448288],"tool":false,"touchDistance":-0.237182,"touchZone":"touching","type":3,"width":14.8573},{"bases":[[[0.753712,-0.630693,-0.184784],[0.54442,0.44168,0.71311],[-0.368138,-0.63808,0.676261]],[[0.752223,-0.633258,-0.182058],[0.658613,0.7309,0.178926],[0.0197602,-0.254498,0.966871]],[[0.752223,-0.633258,-0.182058],[0.256868,0.536272,-0.80401],[0.606779,0.558029,0.566059]],[[0.752223,-0.633258,-0.182058],[-0.141266,0.114884,-0.983283],[0.643588,0.765366,-0.00303921]]],"btipPosition":[48.7311,186.524,-20.4826],"carpPosition":[49.3347,166.909,49.1408],"dipPosition":[57.5803,197.047,-20.5244],"direction":[-0.606779,-0.558029,-0.566059],"extended":false,"handId":161,"id":1614,"length":40.2927,"mcpPosition":[67.6048,198.575,15.5792],"pipPosition":[67.0474,205.754,-11.6927],"stabilizedTipPosition":[50.1031,188.984,-20.1835],"timeVisible":15.9565,"tipPosition":[50.3718,187.386,-17.5365],"tipVelocity":[2.69536,-6.35064,-2.03359],"tool":false,"touchDistance":-0.0763971,"touchZone":"touching","type":4,"width":13.1974},{"bases":[[[0.9762,-0.108795,-0.187608],[0.211153,0.674137,0.707781],[0.0494705,-0.73055,0.681065]],[[0.973279,-0.0781615,-0.215913],[0.143549,0.941005,0.306435],[0.179224,-0.329241,0.927081]],[[0.973279,-0.0781615,-0.215913],[-0.094687,0.720012,-0.687471],[0.209194,0.689546,0.693372]],[[0.973279,-0.0781615,-0.215913],[-0.20318,0.144945,-0.968354],[0.106984,0.986348,0.125191]]],"btipPosition":[5.97412,207.255,-32.2906],"carpPosition":[20.7229,176.71,57.4411],"dipPosition":[7.43223,220.699,-30.5843],"direction":[-0.209194,-0.689546,-0.693372],"extended":false,"handId":161,"id":1611,"length":46.9111,"mcpPosition":[17.6079,222.71,14.5568],"pipPosition":[11.4657,233.994,-17.2155],"stabilizedTipPosition":[6.14924,211.385,-32.8302],"timeVisible":15.9565,"tipPosition":[6.47764,211.734,-34.2392],"tipVelocity":[2.6822,-3.49767,0.583219],"tool":false,"touchDistance":-0.26434,"touchZone":"touching","type":1,"width":15.8976},{"bases":[[[0.923513,-0.319814,-0.211761],[0.374186,0.629836,0.680655],[-0.0843082,-0.707832,0.701332]],[[0.926333,-0.288281,-0.242489],[0.350669,0.895056,0.275511],[0.137616,-0.340248,0.930211]],[[0.926333,-0.288281,-0.242489],[0.0547352,0.73988,-0.670509],[0.372708,0.607842,0.701154]],[[0.926333,-0.288281,-0.242489],[-0.184461,0.214132,-0.95923],[0.328453,0.933296,0.145181]]],"btipPosition":[17.5476,204.496,-39.553],"carpPosition":[31.1828,176.926,56.1731],"dipPosition":[22.4713,218.487,-37.3767],"direction":[-0.372708,-0.607842,-0.701154],"extended":false,"handId":161,"id":1612,"length":53.4514,"mcpPosition":[36.2171,219.193,14.2946],"pipPosition":[30.9258,232.275,-21.4718],"stabilizedTipPosition":[18.6634,207.617,-39.36],"timeVisible":15.9565,"tipPosition":[19.761,209.28,-38.9062],"tipVelocity":[2.17284,-5.46728,1.26814],"tool":false,"touchDistance":-0.269607,"touchZone":"touching","type":2,"width":15.6135}],"r":[[0.930958,0.250997,-0.265176],[-0.25144,0.967315,0.032857],[0.264756,0.0360874,0.96364]],"s":1.22558,"t":[-89.2278,61.359,-33.8593],"timestamp":1132365773832},{"currentFrameRate":57.6648,"devices":[],"gestures":[],"hands":[{"armBasis":[[0.945166,-0.125819,-0.301382],[0.259565,0.849457,0.459399],[0.19821,-0.512437,0.835536]],"armWidth":53.0314,"confidence":1,"direction":[0.147193,0.792404,-0.591971],"elbow":[81.4125,32.2047,260.235],"grabAngle":2.30185,"grabStrength":1,"id":161,"palmNormal":[-0.216956,-0.558049,-0.800944],"palmPosition":[34.826,199.257,23.7781],"palmVelocity":[4.03011,-11.8576,-2.74069],"palmWidth":77.8763,"pinchDistance":27.0371,"pinchStrength":0.809213,"r":[[0.930993,0.250848,-0.265192],[-0.251157,0.967372,0.0333271],[0.264899,0.0355774,0.96362]],"s":1.22534,"sphereCenter":[33.3953,189.607,-18.2057],"sphereRadius":39.1826,"stabilizedPalmPosition":[34.019,201.844,24.7689],"t":[-89.1707,61.1884,-33.8811],"timeVisible":15.9738,"type":"right","wrist":[35.6087,150.622,67.1538]}],"id":128207,"interactionBox":{"center":[0,200,0],"size":[235.247,235.247,147.751]},"pointables":[{"bases":[[[0.611095,0.554637,0.564748],[-0.737061,0.138561,0.66147],[0.288624,-0.820474,0.493476]],[[0.377675,0.896112,0.233122],[-0.839259,0.224934,0.495024],[0.39116,-0.382608,0.837022]],[[0.377675,0.896112,0.233122],[-0.915838,0.324436,0.236604],[0.136391,-0.302862,0.943225]],[[0.377675,0.896112,0.233122],[-0.902379,0.412641,-0.124254],[-0.207541,-0.163437,0.964477]]],"btipPosition":[-7.4079,189.257,-29.3866],"carpPosition":[9.13872,161.622,50.0339],"dipPosition":[-11.2825,186.205,-11.3806],"direction":[-0.136391,0.302862,-0.943225],"extended":false,"handId":161,"id":1610,"length":41.5735,"mcpPosition":[9.13872,161.622,50.0339],"pipPosition":[-7.57294,177.968,14.2735],"stabilizedTipPosition":[-8.81981,191.282,-23.2447],"timeVisible":15.9738,"tipPosition":[-7.84677,192.685,-23.5973],"tipVelocity":[3.63495,-10.0261,-2.28719],"tool":false,"touchDistance":-0.248924,"touchZone":"touching","type":0,"width":16.6432},{"bases":[[[0.869665,-0.467935,-0.157223],[0.437125,0.582014,0.685698],[-0.229356,-0.665054,0.710703]],[[0.876943,-0.445113,-0.181234],[0.473495,0.86478,0.167205],[0.0823024,-0.232443,0.969122]],[[0.876943,-0.445113,-0.181234],[0.132542,0.586474,-0.79905],[0.461956,0.6767,0.5733]],[[0.876943,-0.445113,-0.181234],[-0.174541,0.0563832,-0.983034],[0.44778,0.893698,-0.0282456]]],"btipPosition":[33.7267,190.015,-30.9517],"carpPosition":[41.2459,174.349,53.9391],"dipPosition":[40.4005,203.335,-31.3727],"direction":[-0.461956,-0.6767,-0.5733],"extended":false,"handId":161,"id":1613,"length":51.395,"mcpPosition":[53.5422,210.004,15.8368],"pipPosition":[50.6089,218.289,-18.7039],"stabilizedTipPosition":[34.8961,192.958,-30.9155],"timeVisible":15.9738,"tipPosition":[35.7457,193.213,-30.107],"tipVelocity":[2.95972,-12.0683,-2.07938],"tool":false,"touchDistance":-0.237781,"touchZone":"touching","type":3,"width":14.8573},{"bases":[[[0.753014,-0.631453,-0.185032],[0.545076,0.44109,0.712974],[-0.368594,-0.637736,0.676337]],[[0.751401,-0.634227,-0.182082],[0.659559,0.730053,0.178897],[0.0194681,-0.254518,0.966872]],[[0.751401,-0.634227,-0.182082],[0.257417,0.535834,-0.804126],[0.607564,0.557349,0.565887]],[[0.751401,-0.634227,-0.182082],[-0.141401,0.114768,-0.983277],[0.644518,0.764582,-0.0034436]]],"btipPosition":[48.7806,186.307,-20.5313],"carpPosition":[49.3785,166.687,49.0876],"dipPosition":[57.6427,196.82,-20.5787],"direction":[-0.607564,-0.557349,-0.565887],"extended":false,"handId":161,"id":1614,"length":40.2927,"mcpPosition":[67.6711,198.337,15.5222],"pipPosition":[67.122,205.516,-11.7496],"stabilizedTipPosition":[50.1101,188.982,-20.187],"timeVisible":15.9738,"tipPosition":[50.4174,187.167,-17.5903],"tipVelocity":[3.03759,-12.6482,-2.88946],"tool":false,"touchDistance":-0.0772298,"touchZone":"touching","type":4,"width":13.1974},{"bases":[[[0.976035,-0.109782,-0.187894],[0.212045,0.673887,0.707752],[0.0489211,-0.730633,0.681016]],[[0.973168,-0.0794014,-0.215963],[0.144967,0.940447,0.307479],[0.178687,-0.330536,0.926724]],[[0.973168,-0.0794014,-0.215963],[-0.093373,0.721546,-0.686041],[0.2103,0.687799,0.694771]],[[0.973168,-0.0794014,-0.215963],[-0.202917,0.146363,-0.968195],[0.108485,0.986039,0.126324]]],"btipPosition":[6.04148,207.151,-32.3621],"carpPosition":[20.7791,176.518,57.3967],"dipPosition":[7.52006,220.59,-30.6404],"direction":[-0.2103,-0.687799,-0.694771],"extended":false,"handId":161,"id":1611,"length":46.9111,"mcpPosition":[17.6987,222.523,14.5155],"pipPosition":[11.5748,233.851,-17.2446],"stabilizedTipPosition":[6.15187,211.372,-32.8204],"timeVisible":15.9738,"tipPosition":[6.54232,211.555,-34.2665],"tipVelocity":[4.16809,-6.11725,-3.93032],"tool":false,"touchDistance":-0.265473,"touchZone":"touching","type":1,"width":15.8976},{"bases":[[[0.923125,-0.320746,-0.212042],[0.375025,0.629421,0.680577],[-0.0848285,-0.707779,0.701322]],[[0.92596,-0.289352,-0.242639],[0.351774,0.894586,0.27563],[0.137307,-0.340576,0.930137]],[[0.92596,-0.289352,-0.242639],[0.0553404,0.739586,-0.670783],[0.373545,0.60769,0.70084]],[[0.92596,-0.289352,-0.242639],[-0.184622,0.213628,-0.959311],[0.329413,0.93308,0.144391]]],"btipPosition":[17.6132,204.31,-39.5781],"carpPosition":[31.2388,176.723,56.1257],"dipPosition":[22.5513,218.297,-37.4136],"direction":[-0.373545,-0.60769,-0.70084],"extended":false,"handId":161,"id":1612,"length":53.4514,"mcpPosition":[36.3041,218.987,14.2477],"pipPosition":[31.0247,232.082,-21.5158],"stabilizedTipPosition":[18.6645,207.615,-39.3564],"timeVisible":15.9738,"tipPosition":[19.8214,209.091,-38.9489],"tipVelocity":[3.98383,-10.8471,-1.60672],"tool":false,"touchDistance":-0.27007,"touchZone":"touching","type":2,"width":15.6135}],"r":[[0.930993,0.250848,-0.265192],[-0.251157,0.967372,0.0333271],[0.264899,0.0355774,0.96362]],"s":1.22534,"t":[-89.1707,61.1884,-33.8811],"timestamp":1132365791123},{"currentFrameRate":57.6462,"devices":[],"gestures":[],"hands":[{"armBasis":[[0.944566,-0.127775,-0.302436],[0.261609,0.849506,0.458149],[0.198382,-0.511872,0.835842]],"armWidth":53.0314,"confidence":1,"direction":[0.148176,0.792214,-0.591981],"elbow":[81.4549,32.0304,260.231],"grabAngle":2.30086,"grabStrength":1,"id":161,"palmNormal":[-0.218697,-0.557521,-0.800839],"palmPosition":[34.879,198.952,23.7032],"palmVelocity":[3.04477,-17.5303,-4.30109],"palmWidth":77.8763,"pinchDistance":27.1283,"pinchStrength":0.806616,"r":[[0.931071,0.250386,-0.265357],[-0.25056,0.967512,0.0337748],[0.265193,0.0350412,0.963558]],"s":1.22544,"sphereCenter":[33.3843,189.331,-18.2769],"sphereRadius":39.1895,"stabilizedPalmPosition":[34.0332,201.797,24.7514],"t":[-89.1156,60.9505,-33.9294],"timeVisible":15.9912,"type":"right","wrist":[35.6115,150.317,67.0784]}],"id":128208,"interactionBox":{"center":[0,200,0],"size":[235.247,235.247,147.751]},"pointables":[{"bases":[[[0.612625,0.553402,0.564302],[-0.736229,0.139851,0.662125],[0.287503,-0.82109,0.493106]],[[0.379259,0.895593,0.232542],[-0.838622,0.226506,0.495386],[0.390992,-0.382895,0.836969]],[[0.379259,0.895593,0.232542],[-0.915212,0.326095,0.236747],[0.136198,-0.302614,0.943332]],[[0.379259,0.895593,0.232542],[-0.901689,0.414123,-0.12433],[-0.20765,-0.162528,0.964607]]],"btipPosition":[-7.38868,188.985,-29.4479],"carpPosition":[9.14351,161.361,49.9756],"dipPosition":[-11.2653,185.95,-11.4395],"direction":[-0.136198,0.302614,-0.943332],"extended":false,"handId":161,"id":1610,"length":41.5735,"mcpPosition":[9.14351,161.361,49.9756],"pipPosition":[-7.56099,177.72,14.2175],"stabilizedTipPosition":[-8.81276,191.243,-23.2717],"timeVisible":15.9912,"tipPosition":[-7.84865,192.45,-23.6433],"tipVelocity":[1.07713,-15.4041,-3.493],"tool":false,"touchDistance":-0.249937,"touchZone":"touching","type":0,"width":16.6432},{"bases":[[[0.868647,-0.469549,-0.158041],[0.438811,0.581088,0.685407],[-0.229996,-0.664726,0.710803]],[[0.875914,-0.446847,-0.181941],[0.475391,0.863698,0.167422],[0.0823301,-0.23314,0.968952]],[[0.875914,-0.446847,-0.181941],[0.133498,0.586852,-0.798613],[0.46363,0.675228,0.573685]],[[0.875914,-0.446847,-0.181941],[-0.175085,0.0569997,-0.982902],[0.449577,0.892793,-0.0283096]]],"btipPosition":[33.7283,189.747,-31.0426],"carpPosition":[41.278,174.028,53.855],"dipPosition":[40.4289,203.053,-31.4646],"direction":[-0.46363,-0.675228,-0.573685],"extended":false,"handId":161,"id":1613,"length":51.395,"mcpPosition":[53.6086,209.665,15.7473],"pipPosition":[50.6743,217.974,-18.7873],"stabilizedTipPosition":[34.9013,192.956,-30.9186],"timeVisible":15.9912,"tipPosition":[35.7399,192.914,-30.1857],"tipVelocity":[0.446487,-15.5967,-5.23505],"tool":false,"touchDistance":-0.2393,"touchZone":"touching","type":3,"width":14.8573},{"bases":[[[0.751664,-0.632843,-0.185773],[0.54652,0.439957,0.712569],[-0.369212,-0.637141,0.676561]],[[0.749882,-0.635896,-0.182521],[0.66129,0.728524,0.178741],[0.0193103,-0.254734,0.966818]],[[0.749882,-0.635896,-0.182521],[0.258544,0.535632,-0.803899],[0.60896,0.555639,0.566068]],[[0.749882,-0.635896,-0.182521],[-0.141332,0.115541,-0.983197],[0.646299,0.763077,-0.00322964]]],"btipPosition":[48.7829,185.995,-20.6389],"carpPosition":[49.3919,166.351,48.9954],"dipPosition":[57.6695,196.487,-20.6833],"direction":[-0.60896,-0.555639,-0.566068],"extended":false,"handId":161,"id":1614,"length":40.2927,"mcpPosition":[67.7152,197.971,15.4189],"pipPosition":[67.1706,205.156,-11.8514],"stabilizedTipPosition":[50.1192,188.975,-20.1929],"timeVisible":15.9912,"tipPosition":[50.4127,186.841,-17.6852],"tipVelocity":[0.45385,-18.2144,-6.1388],"tool":false,"touchDistance":-0.0790109,"touchZone":"touching","type":4,"width":13.1974},{"bases":[[[0.975664,-0.111592,-0.188751],[0.213924,0.673382,0.707668],[0.0481313,-0.730824,0.680866]],[[0.972849,-0.081356,-0.216672],[0.147325,0.939698,0.308648],[0.178496,-0.332189,0.926169]],[[0.972849,-0.081356,-0.216672],[-0.0919131,0.723382,-0.684303],[0.212409,0.685638,0.696264]],[[0.972849,-0.081356,-0.216672],[-0.203148,0.148375,-0.967841],[0.110888,0.985579,0.127819]]],"btipPosition":[6.06353,206.984,-32.449],"carpPosition":[20.8182,176.234,57.3306],"dipPosition":[7.57485,220.416,-30.7069],"direction":[-0.212409,-0.685638,-0.696264],"extended":false,"handId":161,"id":1611,"length":46.9111,"mcpPosition":[17.7876,222.251,14.4588],"pipPosition":[11.6703,233.636,-17.2823],"stabilizedTipPosition":[6.1548,211.358,-32.8117],"timeVisible":15.9912,"tipPosition":[6.56771,211.305,-34.3028],"tipVelocity":[1.69899,-9.67642,-4.72033],"tool":false,"touchDistance":-0.266843,"touchZone":"touching","type":1,"width":15.8976},{"bases":[[[0.922336,-0.322453,-0.212884],[0.376796,0.628613,0.680346],[-0.0855575,-0.707722,0.701291]],[[0.925192,-0.291248,-0.243298],[0.354035,0.89328,0.276965],[0.136668,-0.342382,0.929568]],[[0.925192,-0.291248,-0.243298],[0.0571551,0.740729,-0.669368],[0.37517,0.605388,0.701963]],[[0.925192,-0.291248,-0.243298],[-0.184357,0.215442,-0.958956],[0.33171,0.932073,0.145632]]],"btipPosition":[17.6484,204.14,-39.6736],"carpPosition":[31.2772,176.42,56.0506],"dipPosition":[22.6209,218.112,-37.4905],"direction":[-0.37517,-0.605388,-0.701963],"extended":false,"handId":161,"id":1612,"length":53.4514,"mcpPosition":[36.3861,218.68,14.1744],"pipPosition":[31.1312,231.845,-21.5672],"stabilizedTipPosition":[18.6661,207.612,-39.3542],"timeVisible":15.9912,"tipPosition":[19.8319,208.814,-39.0105],"tipVelocity":[2.47729,-9.95557,-5.23701],"tool":false,"touchDistance":-0.27159,"touchZone":"touching","type":2,"width":15.6135}],"r":[[0.931071,0.250386,-0.265357],[-0.25056,0.967512,0.0337748],[0.265193,0.0350412,0.963558]],"s":1.22544,"t":[-89.1156,60.9505,-33.9294],"timestamp":1132365808532},{"currentFrameRate":57.6554,"devices":[],"gestures":[],"hands":[{"armBasis":[[0.944659,-0.127944,-0.302075],[0.261478,0.849736,0.457796],[0.198112,-0.511448,0.836166]],"armWidth":53.0314,"confidence":1,"direction":[0.148461,0.792035,-0.592149],"elbow":[81.428,31.8663,260.215],"grabAngle":2.29922,"grabStrength":1,"id":161,"palmNormal":[-0.218402,-0.557739,-0.800767],"palmPosition":[34.9338,198.676,23.597],"palmVelocity":[3.1683,-15.9526,-6.13351],"palmWidth":77.8763,"pinchDistance":27.2114,"pinchStrength":0.804251,"r":[[0.931156,0.249991,-0.265428],[-0.250074,0.967627,0.0340567],[0.26535,0.0346648,0.963529]],"s":1.22573,"sphereCenter":[33.4678,189.037,-18.3911],"sphereRadius":39.2108,"stabilizedPalmPosition":[34.049,201.742,24.7312],"t":[-89.0606,60.6935,-34.0067],"timeVisible":16.0085,"type":"right","wrist":[35.6469,150.055,66.9879]}],"id":128209,"interactionBox":{"center":[0,200,0],"size":[235.247,235.247,147.751]},"pointables":[{"bases":[[[0.612426,0.55353,0.564392],[-0.736491,0.140083,0.661784],[0.287256,-0.820963,0.49346]],[[0.37914,0.895695,0.232344],[-0.838985,0.22683,0.494623],[0.390329,-0.382465,0.837475]],[[0.37914,0.895695,0.232344],[-0.915347,0.32623,0.23604],[0.135622,-0.302168,0.943558]],[[0.37914,0.895695,0.232344],[-0.901692,0.414017,-0.124664],[-0.207855,-0.162238,0.964611]]],"btipPosition":[-7.29877,188.681,-29.5816],"carpPosition":[9.18557,161.094,49.8697],"dipPosition":[-11.1793,185.653,-11.5731],"direction":[-0.135622,0.302168,-0.943558],"extended":false,"handId":161,"id":1610,"length":41.5735,"mcpPosition":[9.18557,161.094,49.8697],"pipPosition":[-7.49058,177.434,14.09],"stabilizedTipPosition":[-8.80347,191.194,-23.3041],"timeVisible":16.0085,"tipPosition":[-7.77554,192.156,-23.7677],"tipVelocity":[5.14222,-17.4346,-7.72092],"tool":false,"touchDistance":-0.252165,"touchZone":"touching","type":0,"width":16.6432},{"bases":[[[0.868685,-0.469643,-0.157552],[0.438564,0.581261,0.685418],[-0.230323,-0.664508,0.710901]],[[0.875933,-0.447051,-0.181348],[0.475474,0.863602,0.167682],[0.0816501,-0.233104,0.969018]],[[0.875933,-0.447051,-0.181348],[0.134503,0.587299,-0.798116],[0.463304,0.674704,0.574564]],[[0.875933,-0.447051,-0.181348],[-0.17421,0.0574306,-0.983032],[0.449881,0.892663,-0.0275756]]],"btipPosition":[33.8139,189.479,-31.177],"carpPosition":[41.3192,173.76,53.7586],"dipPosition":[40.5191,202.784,-31.588],"direction":[-0.463304,-0.674704,-0.574564],"extended":false,"handId":161,"id":1613,"length":51.395,"mcpPosition":[53.6673,209.385,15.6457],"pipPosition":[50.7572,217.694,-18.8913],"stabilizedTipPosition":[34.9081,192.95,-30.9239],"timeVisible":16.0085,"tipPosition":[35.8152,192.622,-30.2922],"tipVelocity":[5.00419,-15.4636,-7.61596],"tool":false,"touchDistance":-0.241497,"touchZone":"touching","type":3,"width":14.8573},{"bases":[[[0.751704,-0.632938,-0.185284],[0.546254,0.440132,0.712664],[-0.369523,-0.636925,0.676594]],[[0.749762,-0.636259,-0.181745],[0.661455,0.728233,0.179313],[0.0182635,-0.254658,0.966859]],[[0.749762,-0.636259,-0.181745],[0.260092,0.535923,-0.803205],[0.608448,0.554943,0.567301]],[[0.749762,-0.636259,-0.181745],[-0.139641,0.116337,-0.983344],[0.646805,0.762654,-0.00162321]]],"btipPosition":[48.8717,185.729,-20.7739],"carpPosition":[49.4346,166.081,48.9045],"dipPosition":[57.7652,196.216,-20.7962],"direction":[-0.608448,-0.554943,-0.567301],"extended":false,"handId":161,"id":1614,"length":40.2927,"mcpPosition":[67.7734,197.691,15.3264],"pipPosition":[67.2583,204.874,-11.9451],"stabilizedTipPosition":[50.1301,188.963,-20.2009],"timeVisible":16.0085,"tipPosition":[50.485,186.557,-17.7903],"tipVelocity":[5.21743,-15.4328,-7.50365],"tool":false,"touchDistance":-0.0811763,"touchZone":"touching","type":4,"width":13.1974},{"bases":[[[0.975734,-0.111701,-0.188322],[0.213673,0.673574,0.707561],[0.0478133,-0.730631,0.681097]],[[0.97296,-0.0817036,-0.21604],[0.147605,0.939375,0.309495],[0.177656,-0.333015,0.926034]],[[0.97296,-0.0817036,-0.21604],[-0.0906294,0.725289,-0.682453],[0.212451,0.683579,0.698272]],[[0.97296,-0.0817036,-0.21604],[-0.202224,0.150599,-0.967691],[0.111599,0.985213,0.130005]]],"btipPosition":[6.14171,206.779,-32.6327],"carpPosition":[20.8581,175.968,57.2252],"dipPosition":[7.66273,220.206,-30.8609],"direction":[-0.212451,-0.683579,-0.698272],"extended":false,"handId":161,"id":1611,"length":46.9111,"mcpPosition":[17.8475,221.973,14.3389],"pipPosition":[11.759,233.386,-17.3975],"stabilizedTipPosition":[6.15819,211.343,-32.8058],"timeVisible":16.0085,"tipPosition":[6.64583,211.005,-34.4093],"tipVelocity":[4.64444,-11.9021,-10.2174],"tool":false,"touchDistance":-0.269791,"touchZone":"touching","type":1,"width":15.8976},{"bases":[[[0.922405,-0.322565,-0.212416],[0.376554,0.628788,0.680318],[-0.0858825,-0.707515,0.70146]],[[0.925267,-0.2915,-0.242712],[0.354169,0.893018,0.277638],[0.135814,-0.342851,0.92952]],[[0.925267,-0.2915,-0.242712],[0.0582529,0.741474,-0.668449],[0.374817,0.604355,0.703042]],[[0.925267,-0.2915,-0.242712],[-0.183311,0.216558,-0.958906],[0.332082,0.931735,0.146938]]],"btipPosition":[17.7435,203.907,-39.827],"carpPosition":[31.3177,176.153,55.9494],"dipPosition":[22.7216,217.875,-37.6244],"direction":[-0.374817,-0.604355,-0.703042],"extended":false,"handId":161,"id":1612,"length":53.4514,"mcpPosition":[36.4459,218.401,14.0632],"pipPosition":[31.2239,231.584,-21.6766],"stabilizedTipPosition":[18.6687,207.606,-39.3538],"timeVisible":16.0085,"tipPosition":[19.9081,208.514,-39.1266],"tipVelocity":[5.56663,-13.4954,-8.60438],"tool":