{"frames":118,"data":[{"currentFrameRate":105.921,"devices":[],"gestures":[],"hands":[{"armBasis":[[0.953513,-0.0883193,-0.288119],[0.235779,0.814068,0.530756],[0.187672,-0.574015,0.797048]],"armWidth":53.0314,"confidence":1,"direction":[0.287966,0.805445,-0.518009],"elbow":[72.8424,38.5223,260.191],"grabAngle":2.42108,"grabStrength":1,"id":160,"palmNormal":[-0.119261,-0.506549,-0.853924],"palmPosition":[37.1143,221.892,35.8416],"palmVelocity":[-1.52821,7.06139,0.854794],"palmWidth":77.8763,"pinchDistance":37.5134,"pinchStrength":0.510957,"r":[[0.974899,0.213675,-0.0625688],[-0.199821,0.963637,0.177412],[0.0982023,-0.160457,0.982146]],"s":0.918129,"sphereCenter":[37.3833,216.025,-6.43535],"sphereRadius":39.099,"stabilizedPalmPosition":[42.4412,222.857,36.7421],"t":[-84.8618,119.581,-21.3664],"timeVisible":7.1196,"type":"right","wrist":[29.4738,171.17,76.0034]}],"id":125342,"interactionBox":{"center":[0,200,0],"size":[235.247,235.247,147.751]},"pointables":[{"bases":[[[0.545214,0.48643,0.682736],[-0.823751,0.159817,0.54396],[0.155486,-0.858979,0.487832]],[[0.382391,0.864979,0.324944],[-0.860837,0.205705,0.465451],[0.335763,-0.457708,0.823266]],[[0.382391,0.864979,0.324944],[-0.921496,0.331118,0.202994],[0.0679905,-0.377057,0.923691]],[[0.382391,0.864979,0.324944],[-0.886881,0.44226,-0.133595],[-0.259267,-0.237101,0.93625]]],"btipPosition":[-6.03825,219.235,-22.101],"carpPosition":[5.31559,184.998,55.6735],"dipPosition":[-10.8786,214.808,-4.622],"direction":[-0.0679905,0.377057,-0.923691],"extended":false,"handId":160,"id":1600,"length":41.5735,"mcpPosition":[5.31559,184.998,55.6735],"pipPosition":[-9.02933,204.553,20.5008],"stabilizedTipPosition":[-1.78823,219.159,-16.6949],"timeVisible":7.1196,"tipPosition":[-7.07775,217.336,-18.1445],"tipVelocity":[-1.37006,3.22253,1.90044],"tool":false,"touchDistance":0.243249,"touchZone":"hovering","type":0,"width":16.6432},{"bases":[[[0.853601,-0.5191,-0.0435993],[0.356095,0.52037,0.776152],[-0.380212,-0.678049,0.629037]],[[0.85984,-0.507688,-0.0541128],[0.509502,0.84639,0.155023],[-0.0329026,-0.160865,0.986428]],[[0.85984,-0.507688,-0.0541128],[0.174302,0.391508,-0.903515],[0.479889,0.767447,0.425126]],[[0.85984,-0.507688,-0.0541128],[-0.151434,-0.152376,-0.976652],[0.487589,0.847959,-0.207901]]],"btipPosition":[40.7794,207.804,-9.92468],"carpPosition":[37.0945,195.316,65.2526],"dipPosition":[48.0465,220.442,-13.0233],"direction":[-0.479889,-0.767447,-0.425126],"extended":false,"handId":160,"id":1603,"length":51.395,"mcpPosition":[57.4785,231.668,31.5286],"pipPosition":[58.6512,237.401,-3.62886],"stabilizedTipPosition":[45.595,210.55,-7.40312],"timeVisible":7.1196,"tipPosition":[41.8088,209.511,-9.88449],"tipVelocity":[-2.97082,6.94668,-0.0809059],"tool":false,"touchDistance":0.0292451,"touchZone":"hovering","type":3,"width":14.8573},{"bases":[[[0.733209,-0.672884,-0.0981414],[0.449527,0.371334,0.812426],[-0.510225,-0.639795,0.574745]],[[0.738724,-0.665875,-0.104397],[0.67395,0.727708,0.127408],[-0.00886709,-0.164477,0.986341]],[[0.738724,-0.665875,-0.104397],[0.153895,0.317433,-0.93571],[0.656204,0.675165,0.33697]],[[0.738724,-0.665875,-0.104397],[-0.275938,-0.157468,-0.948189],[0.614936,0.729256,-0.300066]]],"btipPosition":[52.2974,203.163,3.85775],"carpPosition":[45.4192,187.333,61.3339],"dipPosition":[60.7527,213.19,-0.268123],"direction":[-0.656204,-0.675165,-0.33697],"extended":false,"handId":160,"id":1604,"length":40.2927,"mcpPosition":[70.7408,219.085,32.8103],"pipPosition":[70.9909,223.725,4.98934],"stabilizedTipPosition":[59.333,205.908,4.62635],"timeVisible":7.1196,"tipPosition":[54.3129,205.42,2.34779],"tipVelocity":[-2.38086,6.85278,-0.0341414],"tool":false,"touchDistance":0.177433,"touchZone":"hovering","type":4,"width":13.1974},{"bases":[[[0.985046,-0.168075,-0.0378713],[0.136386,0.626391,0.767485],[-0.105273,-0.761173,0.639948]],[[0.988858,-0.132726,-0.0673991],[0.148793,0.867818,0.474081],[-0.00443307,-0.478828,0.877898]],[[0.988858,-0.132726,-0.0673991],[0.0802057,0.856488,-0.509897],[0.125403,0.49881,0.857591]],[[0.988858,-0.132726,-0.0673991],[-0.0127584,0.375537,-0.926719],[0.148311,0.917254,0.36966]]],"btipPosition":[18.8492,240.947,-26.3915],"carpPosition":[16.5078,198.728,65.5639],"dipPosition":[20.8705,253.449,-21.3533],"direction":[-0.125403,-0.49881,-0.857591],"extended":false,"handId":160,"id":1601,"length":46.9111,"mcpPosition":[23.1365,246.656,25.2686],"pipPosition":[23.2884,263.066,-4.81819],"stabilizedTipPosition":[21.9508,242.273,-22.0086],"timeVisible":7.1196,"tipPosition":[19.1103,240.66,-23.6453],"tipVelocity":[-4.58014,2.00394,2.52714],"tool":false,"touchDistance":0.163822,"touchZone":"hovering","type":1,"width":15.8976},{"bases":[[[0.923987,-0.373673,-0.0813426],[0.298612,0.572095,0.763897],[-0.238912,-0.73012,0.640192]],[[0.938029,-0.323439,-0.124452],[0.346552,0.873602,0.341644],[-0.00177927,-0.363601,0.931553]],[[0.938029,-0.323439,-0.124452],[0.172182,0.746612,-0.642591],[0.300757,0.581341,0.756035]],[[0.938029,-0.323439,-0.124452],[-0.00284459,0.351913,-0.936028],[0.346545,0.878376,0.329185]]],"btipPosition":[29.3463,229.496,-30.1655],"carpPosition":[27.029,198.272,65.9646],"dipPosition":[34.5412,242.663,-25.2309],"direction":[-0.300757,-0.581341,-0.756035],"extended":false,"handId":160,"id":1602,"length":53.4514,"mcpPosition":[41.2951,241.87,27.7369],"pipPosition":[41.3635,255.85,-8.08107],"stabilizedTipPosition":[32.8533,230.219,-23.3775],"timeVisible":7.1196,"tipPosition":[29.545,228.736,-26.1224],"tipVelocity":[-3.9565,6.31515,0.44661],"tool":false,"touchDistance":0.168896,"touchZone":"hovering","type":2,"width":15.6135}],"r":[[0.974899,0.213675,-0.0625688],[-0.199821,0.963637,0.177412],[0.0982023,-0.160457,0.982146]],"s":0.918129,"t":[-84.8618,119.581,-21.3664],"timestamp":1132327695232},{"currentFrameRate":106.327,"devices":[],"gestures":[],"hands":[{"armBasis":[[0.95345,-0.0884801,-0.288279],[0.235987,0.814086,0.530636],[0.187733,-0.573965,0.79707]],"armWidth":53.0314,"confidence":1,"direction":[0.287887,0.805295,-0.518286],"elbow":[72.8062,38.5917,260.219],"grabAngle":2.42128,"grabStrength":1,"id":160,"palmNormal":[-0.119571,-0.506737,-0.853768],"palmPosition":[37.0579,221.94,35.8515],"palmVelocity":[-6.51402,5.5671,1.13788],"palmWidth":77.8763,"pinchDistance":37.5046,"pinchStrength":0.511207,"r":[[0.974894,0.213552,-0.0630613],[-0.199604,0.963654,0.177567],[0.0986891,-0.160522,0.982086]],"s":0.9175,"sphereCenter":[37.3148,216.069,-6.41944],"sphereRadius":39.095,"stabilizedPalmPosition":[42.4237,222.854,36.7392],"t":[-84.909,119.669,-21.3537],"timeVisible":7.12825,"type":"right","wrist":[29.4235,171.227,76.0266]}],"id":125343,"interactionBox":{"center":[0,200,0],"size":[235.247,235.247,147.751]},"pointables":[{"bases":[[[0.54547,0.486537,0.682455],[-0.82357,0.160026,0.544173],[0.15555,-0.858879,0.487986]],[[0.382444,0.865167,0.324382],[-0.860782,0.206001,0.465423],[0.335845,-0.45722,0.823503]],[[0.382444,0.865167,0.324382],[-0.921494,0.331406,0.202534],[0.0677236,-0.376374,0.923989]],[[0.382444,0.865167,0.324382],[-0.886729,0.442342,-0.134335],[-0.25971,-0.236263,0.936339]]],"btipPosition":[-6.08023,219.236,-22.0928],"carpPosition":[5.2616,185.054,55.7017],"dipPosition":[-10.9288,214.825,-4.61207],"direction":[-0.0677236,0.376374,-0.923989],"extended":false,"handId":160,"id":1600,"length":41.5735,"mcpPosition":[5.2616,185.054,55.7017],"pipPosition":[-9.08684,204.588,20.5188],"stabilizedTipPosition":[-1.80183,219.157,-16.6984],"timeVisible":7.12825,"tipPosition":[-7.15118,217.378,-18.12],"tipVelocity":[-5.06805,0.518611,0.998435],"tool":false,"touchDistance":0.243393,"touchZone":"hovering","type":0,"width":16.6432},{"bases":[[[0.853537,-0.519194,-0.0437373],[0.356383,0.520517,0.775921],[-0.380088,-0.677864,0.629312]],[[0.859837,-0.507667,-0.0543638],[0.509523,0.846385,0.154978],[-0.0326645,-0.160955,0.986421]],[[0.859837,-0.507667,-0.0543638],[0.173948,0.391383,-0.903638],[0.480024,0.767524,0.424833]],[[0.859837,-0.507667,-0.0543638],[-0.15178,-0.152492,-0.97658],[0.487487,0.847951,-0.208172]]],"btipPosition":[40.7127,207.85,-9.91258],"carpPosition":[37.0444,195.371,65.2687],"dipPosition":[47.9783,220.489,-13.0152],"direction":[-0.480024,-0.767524,-0.424833],"extended":false,"handId":160,"id":1603,"length":51.395,"mcpPosition":[57.4217,231.713,31.53],"pipPosition":[58.5859,237.449,-3.62726],"stabilizedTipPosition":[45.5824,210.551,-7.41573],"timeVisible":7.12825,"tipPosition":[41.7377,209.549,-9.87371],"tipVelocity":[-7.7439,5.40221,1.29041],"tool":false,"touchDistance":0.0294314,"touchZone":"hovering","type":3,"width":14.8573},{"bases":[[[0.733112,-0.67298,-0.0982067],[0.449811,0.37148,0.812202],[-0.510113,-0.63961,0.575051]],[[0.73875,-0.665813,-0.104607],[0.673926,0.727773,0.12716],[-0.00853519,-0.164437,0.986351]],[[0.73875,-0.665813,-0.104607],[0.153306,0.317141,-0.935905],[0.656313,0.675363,0.336361]],[[0.73875,-0.665813,-0.104607],[-0.276442,-0.157785,-0.947989],[0.614678,0.729244,-0.300622]]],"btipPosition":[52.2323,203.203,3.87491],"carpPosition":[45.3672,187.387,61.3493],"dipPosition":[60.684,213.23,-0.258615],"direction":[-0.656313,-0.675363,-0.336361],"extended":false,"handId":160,"id":1604,"length":40.2927,"mcpPosition":[70.6832,219.129,32.8106],"pipPosition":[70.9239,223.768,4.98934],"stabilizedTipPosition":[59.3165,205.907,4.62088],"timeVisible":7.12825,"tipPosition":[54.2447,205.458,2.35656],"tipVelocity":[-7.6146,4.62744,1.77913],"tool":false,"touchDistance":0.177689,"touchZone":"hovering","type":4,"width":13.1974},{"bases":[[[0.985018,-0.168181,-0.0381317],[0.136681,0.626558,0.767296],[-0.105153,-0.761012,0.640159]],[[0.988819,-0.132911,-0.0676096],[0.149057,0.867881,0.473882],[-0.00430721,-0.478661,0.877989]],[[0.988819,-0.132911,-0.0676096],[0.0801545,0.856065,-0.510615],[0.125745,0.499487,0.857147]],[[0.988819,-0.132911,-0.0676096],[-0.0130623,0.374448,-0.927156],[0.148546,0.917673,0.368525]]],"btipPosition":[18.7779,240.97,-26.3623],"carpPosition":[16.4582,198.785,65.5854],"dipPosition":[20.8025,253.477,-21.3396],"direction":[-0.125745,-0.499487,-0.857147],"extended":false,"handId":160,"id":1601,"length":46.9111,"mcpPosition":[23.0793,246.703,25.2768],"pipPosition":[23.2269,263.108,-4.81304],"stabilizedTipPosition":[21.944,242.277,-22.0167],"timeVisible":7.12825,"tipPosition":[19.0379,240.7,-23.6364],"tipVelocity":[-8.14702,2.76412,2.96043],"tool":false,"touchDistance":0.164249,"touchZone":"hovering","type":1,"width":15.8976},{"bases":[[[0.923925,-0.373783,-0.0815362],[0.298901,0.572245,0.763671],[-0.238789,-0.729947,0.640436]],[[0.937947,-0.323614,-0.124617],[0.346775,0.873486,0.341715],[-0.0017324,-0.363724,0.931505]],[[0.937947,-0.323614,-0.124617],[0.172424,0.746996,-0.64208],[0.300875,0.58075,0.756441]],[[0.937947,-0.323614,-0.124617],[-0.0029323,0.351942,-0.936017],[0.346767,0.8783,0.329154]]],"btipPosition":[29.2816,229.561,-30.1685],"carpPosition":[26.9794,198.328,65.9831],"dipPosition":[34.4798,242.727,-25.2344],"direction":[-0.300875,-0.58075,-0.756441],"extended":false,"handId":160,"id":1602,"length":53.4514,"mcpPosition":[41.2382,241.916,27.7408],"pipPosition":[41.3048,255.901,-8.07533],"stabilizedTipPosition":[32.8456,230.227,-23.3957],"timeVisible":7.12825,"tipPosition":[29.4728,228.78,-26.1187],"tipVelocity":[-7.38476,7.49576,-0.362361],"tool":false,"touchDistance":0.168844,"touchZone":"hovering","type":2,"width":15.6135}],"r":[[0.974894,0.213552,-0.0630613],[-0.199604,0.963654,0.177567],[0.0986891,-0.160522,0.982086]],"s":0.9175,"t":[-84.909,119.669,-21.3537],"timestamp":1132327703890},{"currentFrameRate":106.688,"devices":[],"gestures":[],"hands":[{"armBasis":[[0.953482,-0.0886592,-0.288118],[0.236006,0.814178,0.530486],[0.187547,-0.573806,0.797228]],"armWidth":53.0314,"confidence":1,"direction":[0.287927,0.805,-0.518722],"elbow":[72.7489,38.6619,260.257],"grabAngle":2.42162,"grabStrength":1,"id":160,"palmNormal":[-0.11965,-0.507177,-0.853496],"palmPosition":[37.0476,221.954,35.8283],"palmVelocity":[-1.18088,1.56653,-2.65647],"palmWidth":77.8763,"pinchDistance":37.4881,"pinchStrength":0.511678,"r":[[0.974893,0.213431,-0.0634866],[-0.199413,0.963689,0.177591],[0.0990849,-0.160473,0.982054]],"s":0.917021,"sphereCenter":[37.2988,216.064,-6.43512],"sphereRadius":39.089,"stabilizedPalmPosition":[42.4093,222.851,36.7367],"t":[-84.9377,119.72,-21.359],"timeVisible":7.13697,"type":"right","wrist":[29.4093,171.261,76.0285]}],"id":125344,"interactionBox":{"center":[0,200,0],"size":[235.247,235.247,147.751]},"pointables":[{"bases":[[[0.545539,0.486852,0.682175],[-0.823533,0.160377,0.544126],[0.155504,-0.858635,0.488431]],[[0.382405,0.865445,0.323685],[-0.860799,0.206349,0.465236],[0.335844,-0.456537,0.823883]],[[0.382405,0.865445,0.323685],[-0.921529,0.331643,0.201983],[0.0674574,-0.375525,0.924354]],[[0.382405,0.865445,0.323685],[-0.886656,0.442277,-0.135022],[-0.260013,-0.235364,0.936481]]],"btipPosition":[-6.07957,219.193,-22.1239],"carpPosition":[5.24931,185.081,55.6994],"dipPosition":[-10.9338,214.799,-4.64051],"direction":[-0.0674574,0.375525,-0.924354],"extended":false,"handId":160,"id":1600,"length":41.5735,"mcpPosition":[5.24931,185.081,55.6994],"pipPosition":[-9.09907,204.585,20.5003],"stabilizedTipPosition":[-1.81439,219.155,-16.7017],"timeVisible":7.13697,"tipPosition":[-7.16435,217.369,-18.1387],"tipVelocity":[-0.0734277,-4.43194,-3.49953],"tool":false,"touchDistance":0.242885,"touchZone":"hovering","type":0,"width":16.6432},{"bases":[[[0.853494,-0.519284,-0.0435031],[0.356459,0.520897,0.775631],[-0.380112,-0.677503,0.629686]],[[0.859867,-0.507627,-0.0542608],[0.509485,0.846505,0.154445],[-0.0324686,-0.160448,0.98651]],[[0.859867,-0.507627,-0.0542608],[0.173694,0.390841,-0.903921],[0.480062,0.767827,0.424243]],[[0.859867,-0.507627,-0.0542608],[-0.151881,-0.152892,-0.976502],[0.487403,0.847903,-0.208566]]],"btipPosition":[40.6964,207.836,-9.92606],"carpPosition":[37.0334,195.4,65.2596],"dipPosition":[47.9608,220.474,-13.0346],"direction":[-0.480062,-0.767827,-0.424243],"extended":false,"handId":160,"id":1603,"length":51.395,"mcpPosition":[57.412,231.723,31.5007],"pipPosition":[58.5692,237.441,-3.65964],"stabilizedTipPosition":[45.5709,210.551,-7.42733],"timeVisible":7.13697,"tipPosition":[41.7246,209.539,-9.89081],"tipVelocity":[-1.90112,-1.66076,-1.70227],"tool":false,"touchDistance":0.0291842,"touchZone":"hovering","type":3,"width":14.8573},{"bases":[[[0.733055,-0.673089,-0.0978861],[0.449878,0.371872,0.811986],[-0.510138,-0.639267,0.57541]],[[0.738793,-0.665796,-0.104405],[0.673882,0.727918,0.126562],[-0.00826613,-0.16386,0.986449]],[[0.738793,-0.665796,-0.104405],[0.152925,0.316497,-0.936186],[0.656353,0.675681,0.335643]],[[0.738793,-0.665796,-0.104405],[-0.276652,-0.158352,-0.947834],[0.614531,0.729136,-0.301183]]],"btipPosition":[52.2154,203.193,3.86786],"carpPosition":[45.3553,187.413,61.344],"dipPosition":[60.6652,213.219,-0.273375],"direction":[-0.656353,-0.675681,-0.335643],"extended":false,"handId":160,"id":1604,"length":40.2927,"mcpPosition":[70.6725,219.139,32.7874],"pipPosition":[70.9057,223.761,4.96338],"stabilizedTipPosition":[59.3001,205.906,4.61547],"timeVisible":7.13697,"tipPosition":[54.2315,205.453,2.34167],"tipVelocity":[-1.98726,-1.22901,-1.01342],"tool":false,"touchDistance":0.177542,"touchZone":"hovering","type":4,"width":13.1974},{"bases":[[[0.985003,-0.168279,-0.038088],[0.136766,0.626951,0.76696],[-0.105184,-0.760667,0.640563]],[[0.988803,-0.133054,-0.0675601],[0.149162,0.868267,0.473141],[-0.00429324,-0.477921,0.878392]],[[0.988803,-0.133054,-0.0675601],[0.0801195,0.855321,-0.511866],[0.125892,0.500722,0.856405]],[[0.988803,-0.133054,-0.0675601],[-0.01322,0.372855,-0.927795],[0.148637,0.9183,0.366921]]],"btipPosition":[18.7645,240.922,-26.3755],"carpPosition":[16.4474,198.816,65.5754],"dipPosition":[20.7903,253.437,-21.3746],"direction":[-0.125892,-0.500722,-0.856405],"extended":false,"handId":160,"id":1601,"length":46.9111,"mcpPosition":[23.0705,246.713,25.2413],"pipPosition":[23.2176,263.092,-4.86239],"stabilizedTipPosition":[21.9369,242.281,-22.025],"timeVisible":7.13697,"tipPosition":[19.0268,240.691,-23.672],"tipVelocity":[-1.50211,-5.34761,-2.08962],"tool":false,"touchDistance":0.163946,"touchZone":"hovering","type":1,"width":15.8976},{"bases":[[[0.923892,-0.373898,-0.0813816],[0.298981,0.572623,0.763357],[-0.238817,-0.729591,0.64083]],[[0.937924,-0.323717,-0.124521],[0.346836,0.873608,0.341341],[-0.00171545,-0.36334,0.931655]],[[0.937924,-0.323717,-0.124521],[0.172603,0.747038,-0.641983],[0.300842,0.580639,0.75654]],[[0.937924,-0.323717,-0.124521],[-0.00299684,0.351438,-0.936206],[0.346827,0.878464,0.328652]]],"btipPosition":[29.2717,229.555,-30.2029],"carpPosition":[26.9687,198.359,65.9728],"dipPosition":[34.4708,242.724,-25.2762],"direction":[-0.300842,-0.580639,-0.75654],"extended":false,"handId":160,"id":1602,"length":53.4514,"mcpPosition":[41.2291,241.925,27.707],"pipPosition":[41.2951,255.895,-8.11493],"stabilizedTipPosition":[32.84,230.232,-23.4091],"timeVisible":7.13697,"tipPosition":[29.4614,228.766,-26.1484],"tipVelocity":[-1.1127,-0.584484,-4.13692],"tool":false,"touchDistance":0.168243,"touchZone":"hovering","type":2,"width":15.6135}],"r":[[0.974893,0.213431,-0.0634866],[-0.199413,0.963689,0.177591],[0.0990849,-0.160473,0.982054]],"s":0.917021,"t":[-84.9377,119.72,-21.359],"timestamp":1132327712601},{"currentFrameRate":107.058,"devices":[],"gestures":[],"hands":[{"armBasis":[[0.953416,-0.0890568,-0.288214],[0.23633,0.814291,0.530169],[0.187475,-0.573585,0.797404]],"armWidth":53.0314,"confidence":1,"direction":[0.288056,0.805032,-0.518601],"elbow":[72.7006,38.7267,260.305],"grabAngle":2.42212,"grabStrength":1,"id":160,"palmNormal":[-0.119828,-0.506997,-0.853578],"palmPosition":[37.0235,221.97,35.8396],"palmVelocity":[-2.77498,1.84405,1.30648],"palmWidth":77.8763,"pinchDistance":37.4646,"pinchStrength":0.512346,"r":[[0.9749,0.213295,-0.0638352],[-0.199217,0.963719,0.177649],[0.0994108,-0.160473,0.982021]],"s":0.916631,"sphereCenter":[37.2683,216.09,-6.41977],"sphereRadius":39.0812,"stabilizedPalmPosition":[42.3949,222.849,36.7343],"t":[-84.9641,119.754,-21.3559],"timeVisible":7.14563,"type":"right","wrist":[29.3776,171.275,76.0348]}],"id":125345,"interactionBox":{"center":[0,200,0],"size":[235.247,235.247,147.751]},"pointables":[{"bases":[[[0.545699,0.486613,0.682217],[-0.823454,0.160454,0.544223],[0.155361,-0.858756,0.488263]],[[0.382497,0.86544,0.32359],[-0.860798,0.20652,0.465162],[0.335742,-0.456468,0.823962]],[[0.382497,0.86544,0.32359],[-0.92151,0.33185,0.201732],[0.0672041,-0.375353,0.924442]],[[0.382497,0.86544,0.32359],[-0.886555,0.442406,-0.135268],[-0.260225,-0.23514,0.936479]]],"btipPosition":[-6.09461,219.201,-22.1223],"carpPosition":[5.21905,185.1,55.7066],"dipPosition":[-10.9528,214.811,-4.63902],"direction":[-0.0672041,0.375353,-0.924442],"extended":false,"handId":160,"id":1600,"length":41.5735,"mcpPosition":[5.21905,185.1,55.7066],"pipPosition":[-9.12496,204.602,20.5042],"stabilizedTipPosition":[-1.82776,219.152,-16.7051],"timeVisible":7.14563,"tipPosition":[-7.19384,217.406,-18.1245],"tipVelocity":[-1.8416,0.96487,0.176657],"tool":false,"touchDistance":0.242911,"touchZone":"hovering","type":0,"width":16.6432},{"bases":[[[0.853379,-0.519458,-0.0436668],[0.356634,0.520681,0.775695],[-0.380205,-0.677536,0.629595]],[[0.859809,-0.507697,-0.054517],[0.509599,0.846457,0.154334],[-0.0322089,-0.16048,0.986513]],[[0.859809,-0.507697,-0.054517],[0.173361,0.390674,-0.904057],[0.480286,0.767865,0.42392]],[[0.859809,-0.507697,-0.054517],[-0.15217,-0.152853,-0.976463],[0.487415,0.847868,-0.20868]]],"btipPosition":[40.6597,207.849,-9.90592],"carpPosition":[37.0061,195.411,65.2661],"dipPosition":[47.9243,220.486,-13.0162],"direction":[-0.480286,-0.767865,-0.42392],"extended":false,"handId":160,"id":1603,"length":51.395,"mcpPosition":[57.3897,231.735,31.5122],"pipPosition":[58.5377,237.455,-3.64835],"stabilizedTipPosition":[45.5598,210.552,-7.43829],"timeVisible":7.14563,"tipPosition":[41.6949,209.563,-9.88291],"tipVelocity":[-4.23174,1.51514,2.27887],"tool":false,"touchDistance":0.0295133,"touchZone":"hovering","type":3,"width":14.8573},{"bases":[[[0.732904,-0.673227,-0.0980676],[0.450023,0.37163,0.812016],[-0.510227,-0.639262,0.575337]],[[0.738717,-0.665839,-0.104671],[0.673969,0.727869,0.12638],[-0.00796229,-0.163904,0.986444]],[[0.738717,-0.665839,-0.104671],[0.152531,0.316409,-0.93628],[0.65653,0.67568,0.335298]],[[0.738717,-0.665839,-0.104671],[-0.276986,-0.158317,-0.947742],[0.614473,0.729105,-0.301379]]],"btipPosition":[52.18,203.204,3.88412],"carpPosition":[45.326,187.423,61.3484],"dipPosition":[60.6289,213.229,-0.259809],"direction":[-0.65653,-0.67568,-0.335298],"extended":false,"handId":160,"id":1604,"length":40.2927,"mcpPosition":[70.6477,219.148,32.7955],"pipPosition":[70.8722,223.771,4.97156],"stabilizedTipPosition":[59.284,205.904,4.61023],"timeVisible":7.14563,"tipPosition":[54.2011,205.471,2.3491],"tipVelocity":[-4.10976,1.2656,1.80546],"tool":false,"touchDistance":0.177803,"touchZone":"hovering","type":4,"width":13.1974},{"bases":[[[0.984964,-0.168482,-0.0381993],[0.136962,0.626783,0.767062],[-0.105293,-0.76076,0.640435]],[[0.98877,-0.13324,-0.0676754],[0.149382,0.868362,0.472899],[-0.00424255,-0.477698,0.878514]],[[0.98877,-0.13324,-0.0676754],[0.0801151,0.854886,-0.512593],[0.126153,0.501415,0.855961]],[[0.98877,-0.13324,-0.0676754],[-0.0134301,0.371796,-0.928217],[0.148838,0.918703,0.365831]]],"btipPosition":[18.7354,240.916,-26.3393],"carpPosition":[16.4209,198.831,65.5842],"dipPosition":[20.7639,253.437,-21.3533],"direction":[-0.126153,-0.501415,-0.855961],"extended":false,"handId":160,"id":1601,"length":46.9111,"mcpPosition":[23.0509,246.734,25.2582],"pipPosition":[23.1963,263.105,-4.84962],"stabilizedTipPosition":[21.9309,242.285,-22.032],"timeVisible":7.14563,"tipPosition":[19.0024,240.73,-23.6598],"tipVelocity":[-3.29153,-0.504195,3.78151],"tool":false,"touchDistance":0.164492,"touchZone":"hovering","type":1,"width":15.8976},{"bases":[[[0.923806,-0.37408,-0.0815249],[0.299165,0.572422,0.763435],[-0.23892,-0.729656,0.640719]],[[0.937853,-0.323861,-0.124683],[0.347029,0.873514,0.341386],[-0.00164917,-0.363439,0.931617]],[[0.937853,-0.323861,-0.124683],[0.172765,0.747316,-0.641616],[0.300973,0.5802,0.756824]],[[0.937853,-0.323861,-0.124683],[-0.00306629,0.351537,-0.936169],[0.34702,0.878371,0.328696]]],"btipPosition":[29.2428,229.587,-30.1939],"carpPosition":[26.9421,198.371,65.9807],"dipPosition":[34.4448,242.754,-25.2666],"direction":[-0.300973,-0.5802,-0.756824],"extended":false,"handId":160,"id":1602,"length":53.4514,"mcpPosition":[41.2087,241.941,27.7215],"pipPosition":[41.2721,255.915,-8.09888],"stabilizedTipPosition":[32.8339,230.238,-23.4233],"timeVisible":7.14563,"tipPosition":[29.434,228.796,-26.1363],"tipVelocity":[-3.25349,3.61973,1.04913],"tool":false,"touchDistance":0.168395,"touchZone":"hovering","type":2,"width":15.6135}],"r":[[0.9749,0.213295,-0.0638352],[-0.199217,0.963719,0.177649],[0.0994108,-0.160473,0.982021]],"s":0.916631,"t":[-84.9641,119.754,-21.3559],"timestamp":1132327721265},{"currentFrameRate":107.395,"devices":[],"gestures":[],"hands":[{"armBasis":[[0.9534,-0.0893352,-0.288181],[0.236471,0.81446,0.529846],[0.187378,-0.573301,0.797631]],"armWidth":53.0314,"confidence":1,"direction":[0.287985,0.805297,-0.518229],"elbow":[72.6714,38.7952,260.356],"grabAngle":2.42246,"grabStrength":1,"id":160,"palmNormal":[-0.119833,-0.506597,-0.853815],"palmPosition":[37.0136,221.987,35.8573],"palmVelocity":[-1.13817,1.94907,2.02863],"palmWidth":77.8763,"pinchDistance":37.4411,"pinchStrength":0.513014,"r":[[0.974902,0.213205,-0.0641019],[-0.19907,0.963723,0.177788],[0.0996818,-0.160565,0.981979]],"s":0.916274,"sphereCenter":[37.2599,216.127,-6.40069],"sphereRadius":39.0747,"stabilizedPalmPosition":[42.3821,222.847,36.7323],"t":[-84.9823,119.779,-21.3456],"timeVisible":7.15433,"type":"right","wrist":[29.3709,171.278,76.0343]}],"id":125346,"interactionBox":{"center":[0,200,0],"size":[235.247,235.247,147.751]},"pointables":[{"bases":[[[0.545698,0.486321,0.682427],[-0.82344,0.160144,0.544334],[0.155434,-0.858979,0.487847]],[[0.382343,0.865438,0.323775],[-0.860885,0.206336,0.465083],[0.335694,-0.456555,0.823934]],[[0.382343,0.865438,0.323775],[-0.921589,0.331757,0.201523],[0.0669915,-0.375439,0.924423]],[[0.382343,0.865438,0.323775],[-0.886538,0.442364,-0.135517],[-0.260508,-0.235225,0.936378]]],"btipPosition":[-6.08829,219.214,-22.1173],"carpPosition":[5.21224,185.105,55.708],"dipPosition":[-10.9518,214.822,-4.6359],"direction":[-0.0669915,0.375439,-0.924423],"extended":false,"handId":160,"id":1600,"length":41.5735,"mcpPosition":[5.21224,185.105,55.708],"pipPosition":[-9.12971,204.611,20.5068],"stabilizedTipPosition":[-1.84147,219.15,-16.7087],"timeVisible":7.15433,"tipPosition":[-7.20574,217.447,-18.1071],"tipVelocity":[0.587602,1.46752,0.52385],"tool":false,"touchDistance":0.242987,"touchZone":"hovering","type":0,"width":16.6432},{"bases":[[[0.853409,-0.519385,-0.0439507],[0.356635,0.520333,0.775929],[-0.380137,-0.677859,0.629288]],[[0.85988,-0.507539,-0.0548689],[0.509487,0.846457,0.154702],[-0.0320731,-0.16098,0.986436]],[[0.85988,-0.507539,-0.0548689],[0.17319,0.391138,-0.90389],[0.48022,0.767734,0.424232]],[[0.85988,-0.507539,-0.0548689],[-0.152229,-0.152339,-0.976534],[0.48727,0.848055,-0.208255]]],"btipPosition":[40.6478,207.888,-9.89496],"carpPosition":[36.9991,195.414,65.2711],"dipPosition":[47.9102,220.527,-12.9989],"direction":[-0.48022,-0.767734,-0.424232],"extended":false,"handId":160,"id":1603,"length":51.395,"mcpPosition":[57.379,231.755,31.5336],"pipPosition":[58.5221,237.493,-3.62416],"stabilizedTipPosition":[45.5485,210.553,-7.44927],"timeVisible":7.15433,"tipPosition":[41.6838,209.602,-9.87145],"tipVelocity":[-1.42665,4.46635,1.4278],"tool":false,"touchDistance":0.0297202,"touchZone":"hovering","type":3,"width":14.8573},{"bases":[[[0.732941,-0.673136,-0.0984198],[0.450035,0.37127,0.812174],[-0.510163,-0.639568,0.575053]],[[0.738813,-0.665667,-0.105088],[0.673866,0.727928,0.126594],[-0.00777319,-0.164345,0.986372]],[[0.738813,-0.665667,-0.105088],[0.152287,0.316815,-0.936182],[0.656479,0.67566,0.33544]],[[0.738813,-0.665667,-0.105088],[-0.277098,-0.157922,-0.947775],[0.614307,0.729348,-0.30113]]],"btipPosition":[52.1679,203.234,3.89539],"carpPosition":[45.3193,187.428,61.3492],"dipPosition":[60.6146,213.262,-0.245121],"direction":[-0.656479,-0.67566,-0.33544],"extended":false,"handId":160,"id":1604,"length":40.2927,"mcpPosition":[70.6378,219.169,32.8103],"pipPosition":[70.8571,223.804,4.98847],"stabilizedTipPosition":[59.2679,205.903,4.60503],"timeVisible":7.15433,"tipPosition":[54.1908,205.505,2.35833],"tipVelocity":[-1.45175,3.52289,1.38573],"tool":false,"touchDistance":0.178004,"touchZone":"hovering","type":4,"width":13.1974},{"bases":[[[0.984973,-0.168403,-0.0383213],[0.136956,0.626426,0.767355],[-0.10522,-0.761072,0.640076]],[[0.988775,-0.133151,-0.0677777],[0.149352,0.868342,0.472943],[-0.00411888,-0.477758,0.878482]],[[0.988775,-0.133151,-0.0677777],[0.0799249,0.854654,-0.51301],[0.126234,0.501835,0.855703]],[[0.988775,-0.133151,-0.0677777],[-0.0136687,0.37112,-0.928484],[0.148783,0.918989,0.365134]]],"btipPosition":[18.7184,240.927,-26.2937],"carpPosition":[16.4137,198.833,65.5917],"dipPosition":[20.7462,253.452,-21.3172],"direction":[-0.126234,-0.501835,-0.855703],"extended":false,"handId":160,"id":1601,"length":46.9111,"mcpPosition":[23.039,246.755,25.2883],"pipPosition":[23.1802,263.128,-4.81848],"stabilizedTipPosition":[21.9262,242.287,-22.0373],"timeVisible":7.15433,"tipPosition":[18.9893,240.781,-23.6361],"tipVelocity":[-1.9655,1.39128,4.994],"tool":false,"touchDistance":0.165216,"touchZone":"hovering","type":1,"width":15.8976},{"bases":[[[0.923825,-0.373985,-0.0817424],[0.299163,0.572076,0.763696],[-0.238848,-0.729976,0.64038]],[[0.937863,-0.323761,-0.124864],[0.347001,0.873388,0.341737],[-0.00158703,-0.363831,0.931464]],[[0.937863,-0.323761,-0.124864],[0.17278,0.747755,-0.641101],[0.300931,0.579691,0.757231]],[[0.937863,-0.323761,-0.124864],[-0.00314906,0.351877,-0.936041],[0.34699,0.878272,0.328993]]],"btipPosition":[29.2304,229.636,-30.1747],"carpPosition":[26.9349,198.373,65.9875],"dipPosition":[34.4319,242.802,-25.243],"direction":[-0.300931,-0.579691,-0.757231],"extended":false,"handId":160,"id":1602,"length":53.4514,"mcpPosition":[41.1972,241.962,27.7485],"pipPosition":[41.2582,255.951,-8.06601],"stabilizedTipPosition":[32.8277,230.245,-23.4378],"timeVisible":7.15433,"tipPosition":[29.4213,228.843,-26.1157],"tipVelocity":[-1.44473,5.61653,2.32495],"tool":false,"touchDistance":0.168732,"touchZone":"hovering","type":2,"width":15.6135}],"r":[[0.974902,0.213205,-0.0641019],[-0.19907,0.963723,0.177788],[0.0996818,-0.160565,0.981979]],"s":0.916274,"t":[-84.9823,119.779,-21.3456],"timestamp":1132327729962},{"currentFrameRate":107.754,"devices":[],"gestures":[],"hands":[{"armBasis":[[0.95335,-0.0897991,-0.288201],[0.236791,0.814613,0.529468],[0.187226,-0.573011,0.797875]],"armWidth":53.0314,"confidence":1,"direction":[0.287828,0.805465,-0.518055],"elbow":[72.6459,38.8723,260.403],"grabAngle":2.42236,"grabStrength":1,"id":160,"palmNormal":[-0.120116,-0.506312,-0.853944],"palmPosition":[37.0147,222.005,35.857],"palmVelocity":[0.121752,2.12543,-0.0302274],"palmWidth":77.8763,"pinchDistance":37.4461,"pinchStrength":0.512874,"r":[[0.974901,0.213134,-0.0643643],[-0.198938,0.963716,0.177977],[0.0999618,-0.160705,0.981927]],"s":0.916035,"sphereCenter":[37.2481,216.165,-6.39867],"sphereRadius":39.0721,"stabilizedPalmPosition":[42.3686,222.845,36.73],"t":[-84.9908,119.801,-21.3406],"timeVisible":7.16295,"type":"right","wrist":[29.3803,171.288,76.0247]}],"id":125347,"interactionBox":{"center":[0,200,0],"size":[235.247,235.247,147.751]},"pointables":[{"bases":[[[0.545925,0.486087,0.682411],[-0.823262,0.159975,0.544654],[0.155581,-0.859143,0.487511]],[[0.382344,0.865456,0.323725],[-0.860879,0.206356,0.465086],[0.335709,-0.456511,0.823952]],[[0.382344,0.865456,0.323725],[-0.921589,0.331776,0.201488],[0.0669745,-0.37538,0.924448]],[[0.382344,0.865456,0.323725],[-0.88655,0.442346,-0.135497],[-0.260465,-0.235192,0.936399]]],"btipPosition":[-6.0823,219.222,-22.1213],"carpPosition":[5.21923,185.118,55.7058],"dipPosition":[-10.945,214.831,-4.63952],"direction":[-0.0669745,0.37538,-0.924448],"extended":false,"handId":160,"id":1600,"length":41.5735,"mcpPosition":[5.21923,185.118,55.7058],"pipPosition":[-9.12339,204.621,20.5039],"stabilizedTipPosition":[-1.85516,219.147,-16.7122],"timeVisible":7.16295,"tipPosition":[-7.22218,217.486,-18.0946],"tipVelocity":[0.714692,0.958306,-0.453627],"tool":false,"touchDistance":0.242922,"touchZone":"hovering","type":0,"width":16.6432},{"bases":[[[0.853388,-0.519382,-0.0443996],[0.356893,0.52007,0.775986],[-0.379942,-0.678063,0.629186]],[[0.859874,-0.507498,-0.0553476],[0.509516,0.846393,0.154962],[-0.0317969,-0.161448,0.986369]],[[0.859874,-0.507498,-0.0553476],[0.172916,0.391543,-0.903767],[0.48033,0.767555,0.424432]],[[0.859874,-0.507498,-0.0553476],[-0.152526,-0.151928,-0.976552],[0.487189,0.848153,-0.208045]]],"btipPosition":[40.6365,207.926,-9.90372],"carpPosition":[37.0093,195.422,65.262],"dipPosition":[47.8977,220.567,-13.0045],"direction":[-0.48033,-0.767555,-0.424432],"extended":false,"handId":160,"id":1603,"length":51.395,"mcpPosition":[57.3788,231.775,31.53],"pipPosition":[58.5121,237.529,-3.62538],"stabilizedTipPosition":[45.5372,210.554,-7.46038],"timeVisible":7.16295,"tipPosition":[41.6702,209.636,-9.87764],"tipVelocity":[-1.33995,4.51981,-0.932021],"tool":false,"touchDistance":0.0295862,"touchZone":"hovering","type":3,"width":14.8573},{"bases":[[[0.7329,-0.673113,-0.0988807],[0.450303,0.370994,0.812152],[-0.509985,-0.639752,0.575006]],[[0.738822,-0.665574,-0.105608],[0.67386,0.727931,0.126605],[-0.00738953,-0.164704,0.986315]],[[0.738822,-0.665574,-0.105608],[0.15185,0.317104,-0.936155],[0.656569,0.675616,0.335351]],[[0.738822,-0.665574,-0.105608],[-0.277486,-0.157649,-0.947707],[0.61412,0.729492,-0.301162]]],"btipPosition":[52.1583,203.262,3.88673],"carpPosition":[45.3282,187.438,61.3348],"dipPosition":[60.6023,213.292,-0.254222],"direction":[-0.656569,-0.675616,-0.335351],"extended":false,"handId":160,"id":1604,"length":40.2927,"mcpPosition":[70.6378,219.188,32.7982],"pipPosition":[70.8463,223.833,4.97798],"stabilizedTipPosition":[59.2517,205.902,4.5998],"timeVisible":7.16295,"tipPosition":[54.1808,205.535,2.34715],"tipVelocity":[-1.18654,3.26804,-1.01523],"tool":false,"touchDistance":0.177858,"touchZone":"hovering","type":4,"width":13.1974},{"bases":[[[0.984958,-0.168404,-0.0386964],[0.137213,0.626169,0.767518],[-0.105023,-0.761283,0.639858]],[[0.988749,-0.133177,-0.0681135],[0.149533,0.868065,0.473396],[-0.0039185,-0.478255,0.878212]],[[0.988749,-0.133177,-0.0681135],[0.0798152,0.85482,-0.51275],[0.126511,0.501544,0.855832]],[[0.988749,-0.133177,-0.0681135],[-0.0139775,0.371102,-0.928487],[0.14893,0.918993,0.365065]]],"btipPosition":[18.7022,240.972,-26.2735],"carpPosition":[16.424,198.841,65.5904],"dipPosition":[20.732,253.497,-21.2979],"direction":[-0.126511,-0.501544,-0.855832],"extended":false,"handId":160,"id":1601,"length":46.9111,"mcpPosition":[23.037,246.777,25.3008],"pipPosition":[23.1712,263.167,-4.79675],"stabilizedTipPosition":[21.9213,242.29,-22.0429],"timeVisible":7.16295,"tipPosition":[18.9715,240.821,-23.6253],"tipVelocity":[-1.83016,5.17241,2.31353],"tool":false,"touchDistance":0.165549,"touchZone":"hovering","type":1,"width":15.8976},{"bases":[[[0.923794,-0.37397,-0.0821659],[0.299418,0.571818,0.763788],[-0.23865,-0.730185,0.640216]],[[0.937815,-0.323745,-0.125264],[0.347131,0.873162,0.34218],[-0.00140323,-0.364385,0.931247]],[[0.937815,-0.323745,-0.125264],[0.172795,0.748339,-0.640415],[0.301071,0.578946,0.757745]],[[0.937815,-0.323745,-0.125264],[-0.0031667,0.352859,-0.935671],[0.34712,0.877884,0.329891]]],"btipPosition":[29.2169,229.701,-30.1865],"carpPosition":[26.9454,198.382,65.9827],"dipPosition":[34.4204,242.861,-25.2413],"direction":[-0.301071,-0.578946,-0.757745],"extended":false,"handId":160,"id":1602,"length":53.4514,"mcpPosition":[41.1959,241.983,27.7535],"pipPosition":[41.2498,255.994,-8.05268],"stabilizedTipPosition":[32.8211,230.251,-23.4532],"timeVisible":7.16295,"tipPosition":[29.4043,228.889,-26.1167],"tipVelocity":[-1.51274,7.37769,-1.00786],"tool":false,"touchDistance":0.168587,"touchZone":"hovering","type":2,"width":15.6135}],"r":[[0.974901,0.213134,-0.0643643],[-0.198938,0.963716,0.177977],[0.0999618,-0.160705,0.981927]],"s":0.916035,"t":[-84.9908,119.801,-21.3406],"timestamp":1132327738590},{"currentFrameRate":108.051,"devices":[],"gestures":[],"hands":[{"armBasis":[[0.953289,-0.0902326,-0.288268],[0.237137,0.814692,0.52919],[0.1871,-0.57283,0.798035]],"armWidth":53.0314,"confidence":1,"direction":[0.287821,0.805532,-0.517955],"elbow":[72.6208,38.9367,260.463],"grabAngle":2.42223,"grabStrength":1,"id":160,"palmNormal":[-0.120403,-0.506113,-0.854022],"palmPosition":[37.0189,222.032,35.8858],"palmVelocity":[0.487003,3.0382,3.30021],"palmWidth":77.8763,"pinchDistance":37.4572,"pinchStrength":0.512558,"r":[[0.974902,0.213051,-0.0646133],[-0.198795,0.963708,0.178178],[0.100229,-0.160861,0.981875]],"s":0.915921,"sphereCenter":[37.2375,216.206,-6.36703],"sphereRadius":39.0697,"stabilizedPalmPosition":[42.3568,222.843,36.7282],"t":[-84.993,119.825,-21.3236],"timeVisible":7.17167,"type":"right","wrist":[29.3846,171.31,76.048]}],"id":125348,"interactionBox":{"center":[0,200,0],"size":[235.247,235.247,147.751]},"pointables":[{"bases":[[[0.546167,0.48586,0.682379],[-0.823103,0.159982,0.544891],[0.155572,-0.85927,0.48729]],[[0.382454,0.865443,0.323632],[-0.860865,0.206533,0.465033],[0.335619,-0.456457,0.824019]],[[0.382454,0.865443,0.323632],[-0.921554,0.331955,0.201355],[0.06683,-0.375253,0.92451]],[[0.382454,0.865443,0.323632],[-0.886485,0.442452,-0.135577],[-0.260526,-0.235043,0.936419]]],"btipPosition":[-6.06979,219.24,-22.0975],"carpPosition":[5.22284,185.145,55.7346],"dipPosition":[-10.9336,214.852,-4.61528],"direction":[-0.06683,0.375253,-0.92451],"extended":false,"handId":160,"id":1600,"length":41.5735,"mcpPosition":[5.22284,185.145,55.7346],"pipPosition":[-9.11594,204.646,20.5298],"stabilizedTipPosition":[-1.86706,219.145,-16.7153],"timeVisible":7.17167,"tipPosition":[-7.23182,217.532,-18.0559],"tipVelocity":[1.40552,2.19312,2.74667],"tool":false,"touchDistance":0.243321,"touchZone":"hovering","type":0,"width":16.6432},{"bases":[[[0.853299,-0.5195,-0.0447205],[0.357163,0.519852,0.776008],[-0.379888,-0.67814,0.629135]],[[0.859812,-0.507561,-0.0557165],[0.509637,0.846316,0.154981],[-0.0315084,-0.16165,0.986345]],[[0.859812,-0.507561,-0.0557165],[0.17262,0.391631,-0.903785],[0.480546,0.767468,0.424344]],[[0.859812,-0.507561,-0.0557165],[-0.15288,-0.151785,-0.976519],[0.487186,0.848141,-0.208103]]],"btipPosition":[40.6261,207.96,-9.87425],"carpPosition":[37.0168,195.443,65.2851],"dipPosition":[47.8873,220.601,-12.9759],"direction":[-0.480547,-0.767468,-0.424344],"extended":false,"handId":160,"id":1603,"length":51.395,"mcpPosition":[57.3834,231.799,31.5558],"pipPosition":[58.5064,237.56,-3.59871],"stabilizedTipPosition":[45.527,210.555,-7.47023],"timeVisible":7.17167,"tipPosition":[41.6615,209.672,-9.85288],"tipVelocity":[-1.19157,3.85397,3.35808],"tool":false,"touchDistance":0.0300741,"touchZone":"hovering","type":3,"width":14.8573},{"bases":[[[0.732774,-0.673202,-0.0992045],[0.450559,0.370754,0.812119],[-0.509939,-0.639798,0.574996]],[[0.738772,-0.665564,-0.106019],[0.67392,0.727914,0.126386],[-0.00694521,-0.164818,0.9863]],[[0.738772,-0.665564,-0.106019],[0.151362,0.317143,-0.936221],[0.656738,0.675607,0.335038]],[[0.738772,-0.665564,-0.106019],[-0.277971,-0.157606,-0.947572],[0.613961,0.72951,-0.301443]]],"btipPosition":[52.1483,203.287,3.9158],"carpPosition":[45.3335,187.458,61.3542],"dipPosition":[60.5902,213.318,-0.229015],"direction":[-0.656738,-0.675607,-0.335038],"extended":false,"handId":160,"id":1604,"length":40.2927,"mcpPosition":[70.6409,219.21,32.8181],"pipPosition":[70.8368,223.859,4.9983],"stabilizedTipPosition":[59.2376,205.901,4.59535],"timeVisible":7.17167,"tipPosition":[54.1742,205.566,2.36858],"tipVelocity":[-1.19522,2.89866,3.23283],"tool":false,"touchDistance":0.178327,"touchZone":"hovering","type":4,"width":13.1974},{"bases":[[[0.984923,-0.168543,-0.0389752],[0.137497,0.625986,0.767618],[-0.104979,-0.761403,0.639722]],[[0.988711,-0.133323,-0.0683758],[0.149785,0.867791,0.473818],[-0.0038349,-0.478711,0.877964]],[[0.988711,-0.133323,-0.0683758],[0.0798708,0.855068,-0.512328],[0.126771,0.501083,0.856064]],[[0.988711,-0.133323,-0.0683758],[-0.0141149,0.371438,-0.92835],[0.149168,0.918836,0.365363]]],"btipPosition":[18.6964,241.029,-26.236],"carpPosition":[16.4322,198.865,65.6194],"dipPosition":[20.7295,253.552,-21.2564],"direction":[-0.126771,-0.501083,-0.856064],"extended":false,"handId":160,"id":1601,"length":46.9111,"mcpPosition":[23.0423,246.807,25.3383],"pipPosition":[23.1737,263.214,-4.75076],"stabilizedTipPosition":[21.9163,242.293,-22.0483],"timeVisible":7.17167,"tipPosition":[18.9641,240.866,-23.5895],"tipVelocity":[-0.574392,6.53996,4.405],"tool":false,"touchDistance":0.166188,"touchZone":"hovering","type":1,"width":15.8976},{"bases":[[[0.923717,-0.374091,-0.0824733],[0.299692,0.571611,0.763836],[-0.238602,-0.730285,0.640119]],[[0.93775,-0.323801,-0.125613],[0.34731,0.872973,0.342481],[-0.00123852,-0.364788,0.93109]],[[0.93775,-0.323801,-0.125613],[0.172912,0.748925,-0.639698],[0.30121,0.578156,0.758293]],[[0.93775,-0.323801,-0.125613],[-0.00312385,0.353795,-0.935318],[0.347298,0.877486,0.33076]]],"btipPosition":[29.21,229.768,-30.1739],"carpPosition":[26.9535,198.403,66.0089],"dipPosition":[34.4161,242.922,-25.2157],"direction":[-0.30121,-0.578156,-0.758293],"extended":false,"handId":160,"id":1602,"length":53.4514,"mcpPosition":[41.2011,242.011,27.7855],"pipPosition":[41.2487,256.037,-8.01463],"stabilizedTipPosition":[32.8141,230.259,-23.4694],"timeVisible":7.17167,"tipPosition":[29.3963,22