{"frames":44,"data":[{"currentFrameRate":57.6661,"devices":[],"gestures":[],"hands":[{"armBasis":[[0.967197,-0.0386535,-0.25107],[0.162802,0.853019,0.495837],[0.195001,-0.520447,0.83133]],"armWidth":56.7046,"confidence":1,"direction":[0.163909,0.70793,-0.687],"elbow":[88.7148,55.3932,280.216],"grabAngle":0.712171,"grabStrength":0,"id":102,"palmNormal":[-0.120455,-0.676844,-0.726204],"palmPosition":[43.0607,222.629,33.5126],"palmVelocity":[-231.638,457.467,62.6668],"palmWidth":79.6914,"pinchDistance":75.6177,"pinchStrength":0,"r":[[0.719852,-0.519775,0.460051],[0.450636,0.854062,0.259817],[-0.527959,0.0202858,0.849028]],"s":1.81512,"sphereCenter":[55.0675,252.528,11.6855],"sphereRadius":50.0626,"stabilizedPalmPosition":[43.2489,222.247,33.459],"t":[7.8417,68.1029,-37.8045],"timeVisible":20.3612,"type":"right","wrist":[42.6022,178.465,83.6285]}],"id":74743,"interactionBox":{"center":[0,200,0],"size":[235.247,235.247,147.751]},"pointables":[{"bases":[[[0.533707,0.662331,0.525809],[-0.798067,0.188809,0.572223],[0.279724,-0.725031,0.629353]],[[0.331977,0.930291,0.156046],[-0.917374,0.2799,0.282986],[0.219583,-0.237097,0.946345]],[[0.331977,0.930291,0.156046],[-0.943245,0.325821,0.0642585],[0.0089362,-0.168522,0.985657]],[[0.331977,0.930291,0.156046],[-0.922682,0.354639,-0.15129],[-0.196084,-0.0937557,0.976095]]],"btipPosition":[10.3698,204.183,-27.2505],"carpPosition":[16.2243,186.876,63.472],"dipPosition":[6.35803,202.265,-7.28019],"direction":[-0.0089362,0.168522,-0.985657],"extended":false,"handId":102,"id":1020,"length":45.5601,"mcpPosition":[16.2243,186.876,63.472],"pipPosition":[6.62438,197.242,22.0987],"stabilizedTipPosition":[8.42904,202.864,-22.1526],"timeVisible":20.3612,"tipPosition":[2.56221,206.056,-21.3375],"tipVelocity":[151.581,161.041,-63.7375],"tool":false,"touchDistance":-0.439985,"touchZone":"touching","type":0,"width":18.1457},{"bases":[[[0.992715,-0.0800564,-0.0900457],[0.118705,0.777906,0.617067],[0.0206469,-0.623261,0.781742]],[[0.992926,-0.0947269,-0.071592],[0.112419,0.555916,0.823602],[-0.0382181,-0.825823,0.562632]],[[0.992926,-0.0947269,-0.071592],[0.118737,0.793211,0.597258],[0.000211097,-0.601534,0.798847]],[[0.992926,-0.0947269,-0.071592],[0.110983,0.954726,0.276008],[0.0422053,-0.282001,0.958485]]],"btipPosition":[26.2096,291.774,-33.0462],"carpPosition":[26.7394,203.676,69.6514],"dipPosition":[26.84,287.562,-18.73],"direction":[-0.000211097,0.601534,-0.798847],"extended":true,"handId":102,"id":1021,"length":51.4095,"mcpPosition":[25.4091,243.836,19.2806],"pipPosition":[26.8445,274.852,-1.8506],"stabilizedTipPosition":[27.1907,290.218,-29.9762],"timeVisible":20.3612,"tipPosition":[26.9214,283.644,-34.2286],"tipVelocity":[-762.536,515.648,197.301],"tool":false,"touchDistance":-0.266575,"touchZone":"touching","type":1,"width":17.3328},{"bases":[[[0.951498,-0.294958,-0.0874685],[0.285251,0.7393,0.609974],[-0.115251,-0.605339,0.78758]],[[0.946585,-0.317143,-0.0582828],[0.21851,0.497965,0.839217],[-0.237129,-0.807125,0.540665]],[[0.946585,-0.317143,-0.0582828],[0.294583,0.777019,0.556294],[-0.131138,-0.543748,0.828939]],[[0.946585,-0.317143,-0.0582828],[0.321463,0.913976,0.247607],[-0.0252577,-0.253117,0.967106]]],"btipPosition":[58.2055,292.978,-38.1934],"carpPosition":[37.4963,204.304,69.2075],"dipPosition":[57.7905,288.82,-22.3058],"direction":[0.131138,0.543748,-0.828939],"extended":true,"handId":102,"id":1022,"length":58.577,"mcpPosition":[44.5387,241.293,21.0827],"pipPosition":[54.5306,275.302,-1.69915],"stabilizedTipPosition":[58.9325,291.037,-34.8561],"timeVisible":20.3612,"tipPosition":[55.5757,284.235,-40.2207],"tipVelocity":[-734.907,846.676,270.228],"tool":false,"touchDistance":-0.282265,"touchZone":"touching","type":2,"width":17.0231},{"bases":[[[0.899938,-0.435711,-0.0163481],[0.348683,0.696663,0.626961],[-0.261785,-0.569927,0.778879]],[[0.888194,-0.459181,0.0162634],[0.290429,0.588501,0.754532],[-0.356038,-0.665447,0.656062]],[[0.888194,-0.459181,0.0162634],[0.431164,0.845186,0.315845],[-0.158776,-0.273519,0.948671]],[[0.888194,-0.459181,0.0162634],[0.456328,0.877436,-0.147888],[0.0536375,0.138775,0.98887]]],"btipPosition":[79.229,263.78,-39.2954],"carpPosition":[47.9916,202.164,68.1861],"dipPosition":[80.105,266.046,-23.1437],"direction":[0.158776,0.273519,-0.948671],"extended":true,"handId":102,"id":1023,"length":56.3233,"mcpPosition":[62.3535,233.431,25.4554],"pipPosition":[76.26,259.422,-0.169635],"stabilizedTipPosition":[79.7271,263.374,-35.8119],"timeVisible":20.3612,"tipPosition":[76.186,258.425,-38.8321],"tipVelocity":[-384.973,1162.23,288.668],"tool":false,"touchDistance":-0.283333,"touchZone":"touching","type":3,"width":16.1985},{"bases":[[[0.793525,-0.607825,-0.0294574],[0.459905,0.567307,0.683119],[-0.398505,-0.555619,0.729713]],[[0.745833,-0.664288,0.0495414],[0.491512,0.598993,0.632158],[-0.44961,-0.447134,0.773254]],[[0.745833,-0.664288,0.0495414],[0.665882,0.745529,-0.0280763],[-0.0182838,0.053929,0.998377]],[[0.745833,-0.664288,0.0495414],[0.608132,0.648655,-0.457626],[0.27186,0.37144,0.887764]]],"btipPosition":[87.4096,229.702,-26.3012],"carpPosition":[57.0576,194.182,65.107],"dipPosition":[91.5061,235.299,-12.924],"direction":[0.0182838,-0.053929,-0.998377],"extended":true,"handId":102,"id":1024,"length":44.1565,"mcpPosition":[77.2956,222.399,28.0486],"pipPosition":[91.1935,236.221,4.14654],"stabilizedTipPosition":[88.4547,230.244,-23.361],"timeVisible":20.3612,"tipPosition":[87.4864,226.726,-24.6473],"tipVelocity":[-153.874,1058.07,191.173],"tool":false,"touchDistance":-0.280278,"touchZone":"touching","type":4,"width":14.3888}],"r":[[0.719852,-0.519775,0.460051],[0.450636,0.854062,0.259817],[-0.527959,0.0202858,0.849028]],"s":1.81512,"t":[7.8417,68.1029,-37.8045],"timestamp":1131513364108},{"currentFrameRate":57.6786,"devices":[],"gestures":[],"hands":[{"armBasis":[[0.970654,0.124003,-0.206046],[0.00538042,0.845391,0.534122],[0.240422,-0.519556,0.819914]],"armWidth":56.7046,"confidence":1,"direction":[0.0522315,0.76036,-0.647399],"elbow":[99.8581,60.4391,277.402],"grabAngle":0.645745,"grabStrength":0,"id":102,"palmNormal":[0.0106281,-0.64867,-0.760995],"palmPosition":[37.0287,229.404,35.5464],"palmVelocity":[-348.754,391.678,117.583],"palmWidth":79.6914,"pinchDistance":74.9608,"pinchStrength":0,"r":[[0.771736,-0.427938,0.470418],[0.321538,0.90077,0.291935],[-0.548669,-0.0740391,0.832755]],"s":1.81721,"sphereCenter":[41.0959,265.015,17.6456],"sphereRadius":51.0513,"stabilizedPalmPosition":[37.2669,229.13,35.4664],"t":[3.30577,75.5208,-36.2107],"timeVisible":20.3785,"type":"right","wrist":[43.0048,183.3,83.5144]}],"id":74744,"interactionBox":{"center":[0,200,0],"size":[235.247,235.247,147.751]},"pointables":[{"bases":[[[0.402511,0.715333,0.571212],[-0.828787,0.0198044,0.559214],[0.388712,-0.698503,0.60083]],[[0.16426,0.963955,0.209305],[-0.967753,0.116401,0.223396],[0.19098,-0.239251,0.95199]],[[0.16426,0.963955,0.209305],[-0.986381,0.16233,0.0264891],[-0.00844227,-0.210806,0.977491]],[[0.16426,0.963955,0.209305],[-0.959149,0.205629,-0.194295],[-0.23033,-0.16884,0.958353]]],"btipPosition":[12.8108,208.281,-27.3444],"carpPosition":[16.1963,188.084,63.0186],"dipPosition":[8.09841,204.827,-7.73701],"direction":[0.00844227,0.210806,-0.977491],"extended":false,"handId":102,"id":1020,"length":45.5601,"mcpPosition":[16.1963,188.084,63.0186],"pipPosition":[7.84678,198.544,21.3984],"stabilizedTipPosition":[11.1306,206.651,-22.7113],"timeVisible":20.3785,"tipPosition":[3.14842,208.732,-21.4509],"tipVelocity":[131.816,216.533,-10.252],"tool":false,"touchDistance":-0.426979,"touchZone":"touching","type":0,"width":18.1457},{"bases":[[[0.993172,0.0952651,-0.067333],[-0.0277437,0.753503,0.656859],[0.113311,-0.650506,0.751001]],[[0.993541,0.0931146,-0.0648505],[0.00276882,0.551446,0.834206],[0.113438,-0.828997,0.547627]],[[0.993541,0.0931146,-0.0648505],[-0.0318757,0.777524,0.628045],[0.108903,-0.621921,0.77547]],[[0.993541,0.0931146,-0.0648505],[-0.0715659,0.957711,0.27869],[0.0880581,-0.272249,0.958189]]],"btipPosition":[8.3796,296.344,-29.3749],"carpPosition":[23.5576,206.086,70.2801],"dipPosition":[9.69486,292.277,-15.0632],"direction":[-0.108903,0.621921,-0.77547],"extended":true,"handId":102,"id":1021,"length":51.4095,"mcpPosition":[16.2564,248.001,21.89],"pipPosition":[11.996,279.136,1.32234],"stabilizedTipPosition":[9.56238,295.162,-26.2683],"timeVisible":20.3785,"tipPosition":[11.4183,290.957,-29.0784],"tipVelocity":[-1021.77,266.141,212.205],"tool":false,"touchDistance":-0.278215,"touchZone":"touching","type":1,"width":17.3328},{"bases":[[[0.98943,-0.123356,-0.0762362],[0.143058,0.744296,0.652348],[-0.0237283,-0.656358,0.754076]],[[0.98853,-0.139691,-0.0574009],[0.120226,0.497861,0.858883],[-0.0914006,-0.855933,0.508945]],[[0.98853,-0.139691,-0.0574009],[0.145644,0.781224,0.607023],[-0.0399527,-0.608421,0.792608]],[[0.98853,-0.139691,-0.0574009],[0.150599,0.940273,0.305296],[0.0113253,-0.310439,0.950526]]],"btipPosition":[40.1615,304.959,-32.6879],"carpPosition":[34.0532,208.562,70.1536],"dipPosition":[40.3476,299.859,-17.0727],"direction":[0.0399527,0.608421,-0.792608],"extended":true,"handId":102,"id":1022,"length":58.577,"mcpPosition":[35.5031,248.668,24.0761],"pipPosition":[39.3544,284.734,2.63077],"stabilizedTipPosition":[41.2101,303.101,-29.4058],"timeVisible":20.3785,"tipPosition":[40.1089,296.52,-34.3887],"tipVelocity":[-1035.25,680.202,314.686],"tool":false,"touchDistance":-0.283333,"touchZone":"touching","type":2,"width":17.0231},{"bases":[[[0.961535,-0.274354,-0.0133951],[0.212553,0.712279,0.66894],[-0.173986,-0.646056,0.743196]],[[0.955757,-0.294008,0.00936816],[0.16906,0.575083,0.800436],[-0.240722,-0.763439,0.599345]],[[0.955757,-0.294008,0.00936816],[0.260305,0.860169,0.438577],[-0.137004,-0.416735,0.898645]],[[0.955757,-0.294008,0.00936816],[0.293542,0.955332,0.0342606],[-0.0190226,-0.0299949,0.999369]]],"btipPosition":[67.3527,284.144,-32.9586],"carpPosition":[44.7767,208.299,69.31],"dipPosition":[67.042,283.654,-16.6353],"direction":[0.137004,0.416735,-0.898645],"extended":true,"handId":102,"id":1023,"length":56.3233,"mcpPosition":[54.3218,243.743,28.5369],"pipPosition":[63.7241,273.562,5.1272],"stabilizedTipPosition":[67.8041,283.164,-29.4818],"timeVisible":20.3785,"tipPosition":[65.3565,276.256,-32.9995],"tipVelocity":[-702.431,1140.77,368.657],"tool":false,"touchDistance":-0.283333,"touchZone":"touching","type":3,"width":16.1985},{"bases":[[[0.88651,-0.461177,-0.0376311],[0.343308,0.601041,0.721727],[-0.310226,-0.652737,0.691154]],[[0.848629,-0.527772,0.0358469],[0.349348,0.610039,0.711202],[-0.39722,-0.591024,0.702074]],[[0.848629,-0.527772,0.0358469],[0.516449,0.841276,0.159796],[-0.114493,-0.117094,0.986499]],[[0.848629,-0.527772,0.0358469],[0.520143,0.820181,-0.238231],[0.0963308,0.220815,0.970547]]],"btipPosition":[83.6717,252.246,-22.2024],"carpPosition":[55.1324,202.153,66.0916],"dipPosition":[85.1233,255.574,-7.57784],"direction":[0.114493,0.117094,-0.986499],"extended":true,"handId":102,"id":1024,"length":44.1565,"mcpPosition":[70.8872,235.302,30.9914],"pipPosition":[83.1657,253.571,9.28961],"stabilizedTipPosition":[84.1467,252.289,-18.9822],"timeVisible":20.3785,"tipPosition":[81.9427,246.582,-20.4919],"tipVelocity":[-251.286,1273.28,253.565],"tool":false,"touchDistance":-0.283333,"touchZone":"touching","type":4,"width":14.3888}],"r":[[0.771736,-0.427938,0.470418],[0.321538,0.90077,0.291935],[-0.548669,-0.0740391,0.832755]],"s":1.81721,"t":[3.30577,75.5208,-36.2107],"timestamp":1131513381404},{"currentFrameRate":57.6613,"devices":[],"gestures":[],"hands":[{"armBasis":[[0.947373,0.270155,-0.17176],[-0.128792,0.812826,0.568091],[0.293083,-0.516072,0.804842]],"armWidth":56.7046,"confidence":1,"direction":[-0.058561,0.769361,-0.636125],"elbow":[112.017,67.2052,274.094],"grabAngle":0.603289,"grabStrength":0,"id":102,"palmNormal":[0.117298,-0.627501,-0.769729],"palmPosition":[30.3771,234.845,36.5269],"palmVelocity":[-382.273,312.724,56.3547],"palmWidth":79.6914,"pinchDistance":73.7251,"pinchStrength":0,"r":[[0.812899,-0.326563,0.482237],[0.184546,0.929772,0.318539],[-0.552393,-0.169945,0.816076]],"s":1.81684,"sphereCenter":[25.3156,270.347,18.6932],"sphereRadius":51.1913,"stabilizedPalmPosition":[30.5601,234.694,36.4988],"t":[-2.28797,81.9505,-34.9236],"timeVisible":20.3959,"type":"right","wrist":[42.7108,189.242,83.7704]}],"id":74745,"interactionBox":{"center":[0,200,0],"size":[235.247,235.247,147.751]},"pointables":[{"bases":[[[0.282582,0.759545,0.585865],[-0.827451,-0.115955,0.549436],[0.485255,-0.640036,0.595719]],[[0.0149427,0.973555,0.227965],[-0.983993,-0.0261729,0.176274],[0.177579,-0.22695,0.95758]],[[0.0149427,0.973555,0.227965],[-0.999877,0.015642,-0.00126085],[-0.00479333,-0.227918,0.973668]],[[0.0149427,0.973555,0.227965],[-0.973463,0.0662334,-0.219049],[-0.228356,-0.218643,0.948709]]],"btipPosition":[12.9052,211.591,-27.1245],"carpPosition":[15.8539,190.402,63.1716],"dipPosition":[8.23321,207.118,-7.71442],"direction":[0.00479333,0.227918,-0.973668],"extended":false,"handId":102,"id":1020,"length":45.5601,"mcpPosition":[15.8539,190.402,63.1716],"pipPosition":[8.09034,200.324,21.3071],"stabilizedTipPosition":[11.7446,210.081,-22.6664],"timeVisible":20.3959,"tipPosition":[2.30501,210.186,-21.3805],"tipVelocity":[5.95913,176.732,10.0298],"tool":false,"touchDistance":-0.409997,"touchZone":"touching","type":0,"width":18.1457},{"bases":[[[0.967462,0.24717,-0.0540686],[-0.149256,0.730085,0.666857],[0.204302,-0.637089,0.743221]],[[0.963454,0.259094,-0.0680201],[-0.0957606,0.570276,0.815852],[0.250173,-0.779522,0.574246]],[[0.963454,0.259094,-0.0680201],[-0.162558,0.767328,0.620308],[0.212912,-0.586581,0.781403]],[[0.963454,0.259094,-0.0680201],[-0.235273,0.939869,0.247572],[0.128074,-0.222521,0.966479]]],"btipPosition":[-8.67246,295.249,-29.6328],"carpPosition":[20.2992,209.204,70.7698],"dipPosition":[-6.75951,291.926,-15.1972],"direction":[-0.212912,0.586581,-0.781403],"extended":true,"handId":102,"id":1021,"length":51.4095,"mcpPosition":[7.13518,250.254,22.881],"pipPosition":[-2.26073,279.531,1.31361],"stabilizedTipPosition":[-7.6881,294.506,-26.3113],"timeVisible":20.3959,"tipPosition":[-4.51486,293.053,-27.3273],"tipVelocity":[-972.103,-53.0758,-13.1854],"tool":false,"touchDistance":-0.283169,"touchZone":"touching","type":1,"width":17.3328},{"bases":[[[0.997344,0.0307172,-0.066045],[0.0209758,0.747197,0.664272],[0.0697532,-0.663892,0.744568]],[[0.998321,0.0202224,-0.054271],[0.0353676,0.529178,0.847773],[0.0458631,-0.84827,0.527574]],[[0.998321,0.0202224,-0.054271],[0.0167087,0.796652,0.604207],[0.0554537,-0.6041,0.794977]],[[0.998321,0.0202224,-0.054271],[-0.00124172,0.944319,0.32903],[0.0579029,-0.32841,0.942759]]],"btipPosition":[21.7679,309.981,-32.173],"carpPosition":[30.2924,213.258,70.8038],"dipPosition":[22.7191,304.586,-16.6854],"direction":[-0.0554537,0.6041,-0.794977],"extended":true,"handId":102,"id":1022,"length":58.577,"mcpPosition":[26.0302,253.825,25.3072],"pipPosition":[24.0977,289.568,3.07695],"stabilizedTipPosition":[22.6545,308.544,-28.6385],"timeVisible":20.3959,"tipPosition":[23.5934,303.466,-31.9558],"tipVelocity":[-1046.99,284.706,27.905],"tool":false,"touchDistance":-0.283209,"touchZone":"touching","type":2,"width":17.0231},{"bases":[[[0.9923,-0.12373,-0.00564231],[0.0943908,0.725938,0.681252],[-0.0801952,-0.676539,0.732027]],[[0.990534,-0.136989,0.00873138],[0.0744744,0.58976,0.804137],[-0.115307,-0.795875,0.59438]],[[0.990534,-0.136989,0.00873138],[0.116749,0.874223,0.471279],[-0.0721933,-0.465799,0.881941]],[[0.990534,-0.136989,0.00873138],[0.135446,0.985741,0.0998489],[-0.0222851,-0.0977211,0.994964]]],"btipPosition":[51.9529,295.732,-30.8999],"carpPosition":[40.9372,214.653,70.0855],"dipPosition":[51.5889,294.136,-14.6486],"direction":[0.0721933,0.465799,-0.881941],"extended":true,"handId":102,"id":1023,"length":56.3233,"mcpPosition":[45.3369,251.769,29.9252],"pipPosition":[49.8406,282.855,6.70938],"stabilizedTipPosition":[52.3282,295.013,-27.2289],"timeVisible":20.3959,"tipPosition":[51.8605,287.165,-30.7446],"tipVelocity":[-885.747,651.324,117.362],"tool":false,"touchDistance":-0.2831,"touchZone":"touching","type":3,"width":16.1985},{"bases":[[[0.947021,-0.319434,-0.0333647],[0.240122,0.635214,0.73406],[-0.21329,-0.703182,0.678265]],[[0.920706,-0.38867,0.0351568],[0.236388,0.627106,0.742198],[-0.310518,-0.675036,0.669257]],[[0.920706,-0.38867,0.0351568],[0.365123,0.889713,0.274037],[-0.137789,-0.239471,0.961076]],[[0.920706,-0.38867,0.0351568],[0.390196,0.918414,-0.065292],[-0.00691142,0.0738328,0.997247]]],"btipPosition":[75.0336,269.774,-19.6858],"carpPosition":[52.1432,210.215,66.9069],"dipPosition":[74.9295,270.887,-4.65888],"direction":[0.137789,0.239471,-0.961076],"extended":true,"handId":102,"id":1024,"length":44.1565,"mcpPosition":[62.9751,245.926,32.4613],"pipPosition":[72.5735,266.792,11.7739],"stabilizedTipPosition":[75.2187,269.624,-16.2926],"timeVisible":20.3959,"tipPosition":[73.1977,261.911,-18.1645],"tipVelocity":[-517.008,978.064,149.952],"tool":false,"touchDistance":-0.283163,"touchZone":"touching","type":4,"width":14.3888}],"r":[[0.812899,-0.326563,0.482237],[0.184546,0.929772,0.318539],[-0.552393,-0.169945,0.816076]],"s":1.81684,"t":[-2.28797,81.9505,-34.9236],"timestamp":1131513398804},{"currentFrameRate":57.5324,"devices":[],"gestures":[],"hands":[{"armBasis":[[0.891164,0.443194,-0.0969793],[-0.301689,0.73856,0.602921],[0.338836,-0.508044,0.791885]],"armWidth":56.7046,"confidence":1,"direction":[-0.167897,0.724876,-0.668106],"elbow":[122.696,75.6885,272.125],"grabAngle":0.562779,"grabStrength":0,"id":102,"palmNormal":[0.275594,-0.61619,-0.737806],"palmPosition":[24.5043,237.52,35.8627],"palmVelocity":[-329.746,150.185,-37.2982],"palmWidth":79.6914,"pinchDistance":72.7481,"pinchStrength":0,"r":[[0.838233,-0.206813,0.504573],[0.0329187,0.942795,0.331743],[-0.544318,-0.261468,0.79709]],"s":1.81757,"sphereCenter":[11.2255,273.169,18.5079],"sphereRadius":52.6061,"stabilizedPalmPosition":[24.6063,237.472,35.8734],"t":[-8.02123,86.5027,-34.6121],"timeVisible":20.4137,"type":"right","wrist":[42.5702,195.827,84.8657]}],"id":74746,"interactionBox":{"center":[0,200,0],"size":[235.247,235.247,147.751]},"pointables":[{"bases":[[[0.101607,0.816522,0.568302],[-0.819461,-0.255203,0.513181],[0.564056,-0.517844,0.643178]],[[-0.180178,0.964707,0.192032],[-0.973664,-0.202646,0.104469],[0.139697,-0.168151,0.975812]],[[-0.180178,0.964707,0.192032],[-0.983372,-0.172154,-0.0578216],[-0.0227219,-0.199257,0.979684]],[[-0.180178,0.964707,0.192032],[-0.95006,-0.120108,-0.288029],[-0.254799,-0.234338,0.93817]]],"btipPosition":[16.9819,210.019,-27.5432],"carpPosition":[17.199,191.934,63.5137],"dipPosition":[11.7688,205.224,-8.34878],"direction":[0.0227219,0.199257,-0.979684],"extended":false,"handId":102,"id":1020,"length":45.5601,"mcpPosition":[17.199,191.934,63.5137],"pipPosition":[11.0916,199.285,20.852],"stabilizedTipPosition":[15.4592,209.01,-23.0914],"timeVisible":20.4137,"tipPosition":[5.95778,206.535,-22.3938],"tipVelocity":[221.909,-92.4208,-26.2962],"tool":false,"touchDistance":-0.404355,"touchZone":"touching","type":0,"width":18.1457},{"bases":[[[0.904871,0.425337,-0.0172281],[-0.320672,0.707703,0.629544],[0.279961,-0.564132,0.776773]],[[0.898103,0.438365,-0.0353211],[-0.259332,0.592746,0.762495],[0.355188,-0.675639,0.646029]],[[0.898103,0.438365,-0.0353211],[-0.338992,0.741196,0.579407],[0.280172,-0.508394,0.814273]],[[0.898103,0.438365,-0.0353211],[-0.422304,0.882036,0.20898],[0.122764,-0.172769,0.977282]]],"btipPosition":[-21.5409,286.503,-35.5485],"carpPosition":[17.5918,211.455,70.5679],"dipPosition":[-19.7073,283.922,-20.9516],"direction":[-0.280172,0.508394,-0.814273],"extended":true,"handId":102,"id":1021,"length":51.4095,"mcpPosition":[-0.447286,247.805,20.5172],"pipPosition":[-13.7873,273.18,-3.74623],"stabilizedTipPosition":[-20.5969,286.244,-31.9626],"timeVisible":20.4137,"tipPosition":[-17.5557,286.073,-31.8759],"tipVelocity":[-723.565,-481.506,-330.073],"tool":false,"touchDistance":-0.371365,"touchZone":"touching","type":1,"width":17.3328},{"bases":[[[0.975695,0.21829,-0.0191927],[-0.156852,0.756866,0.63447],[0.153025,-0.616039,0.772709]],[[0.977496,0.210727,-0.0097254],[-0.111814,0.556662,0.82318],[0.17888,-0.803568,0.567697]],[[0.977496,0.210727,-0.0097254],[-0.163502,0.785952,0.596278],[0.133296,-0.581269,0.802719]],[[0.977496,0.210727,-0.0097254],[-0.196915,0.928022,0.316228],[0.0756632,-0.307196,0.948633]]],"btipPosition":[5.17809,308.338,-35.7541],"carpPosition":[26.6227,217.339,70.9219],"dipPosition":[6.42108,303.292,-20.17],"direction":[-0.133296,0.581269,-0.802719],"extended":true,"handId":102,"id":1022,"length":58.577,"mcpPosition":[17.2721,254.982,23.7058],"pipPosition":[9.73469,288.842,-0.215091],"stabilizedTipPosition":[5.93348,307.215,-32.0733],"timeVisible":20.4137,"tipPosition":[8.46753,301.837,-35.3411],"tipVelocity":[-927.722,-87.7373,-199.822],"tool":false,"touchDistance":-0.336604,"touchZone":"touching","type":2,"width":17.0231},{"bases":[[[0.996609,0.0675749,0.046953],[-0.0817837,0.750504,0.655786],[0.00907629,-0.657402,0.753485]],[[0.996641,0.0587835,0.0570183],[-0.0809503,0.60177,0.794556],[0.0123949,-0.796503,0.604507]],[[0.996641,0.0587835,0.0570183],[-0.0791482,0.870177,0.486341],[-0.0210271,-0.48922,0.871907]],[[0.996641,0.0587835,0.0570183],[-0.0644209,0.992627,0.102676],[-0.0505622,-0.106005,0.993079]]],"btipPosition":[37.1886,301.471,-31.6229],"carpPosition":[36.8356,220.716,70.6615],"dipPosition":[36.3627,299.74,-15.4023],"direction":[0.0210271,0.48922,-0.871907],"extended":true,"handId":102,"id":1023,"length":56.3233,"mcpPosition":[36.3376,256.782,29.324],"pipPosition":[35.8535,287.893,5.71268],"stabilizedTipPosition":[37.2612,300.969,-27.8808],"timeVisible":20.4137,"tipPosition":[39.0357,292.379,-31.6918],"tipVelocity":[-834.957,320.525,-40.9883],"tool":false,"touchDistance":-0.294074,"touchZone":"touching","type":3,"width":16.1985},{"bases":[[[0.990683,-0.133906,0.0248405],[0.0753463,0.69083,0.719081],[-0.11345,-0.710509,0.694482]],[[0.975816,-0.199479,0.0893948],[0.0644968,0.653487,0.754185],[-0.208863,-0.73018,0.650549]],[[0.975816,-0.199479,0.0893948],[0.157708,0.925635,0.343988],[-0.151365,-0.32157,0.934709]],[[0.975816,-0.199479,0.0893948],[0.199792,0.979823,0.00552408],[-0.088693,0.0124699,0.995981]]],"btipPosition":[64.9771,282.367,-18.165],"carpPosition":[48.8348,218.403,68.2032],"dipPosition":[63.6406,282.555,-3.15712],"direction":[0.151365,0.32157,-0.934709],"extended":true,"handId":102,"id":1024,"length":44.1565,"mcpPosition":[54.5964,254.486,32.9339],"pipPosition":[61.0525,277.056,12.8248],"stabilizedTipPosition":[64.8207,282.227,-14.7358],"timeVisible":20.4137,"tipPosition":[64.4316,273.036,-17.1146],"tipVelocity":[-580.572,695.117,85.1455],"tool":false,"touchDistance":-0.278287,"touchZone":"touching","type":4,"width":14.3888}],"r":[[0.838233,-0.206813,0.504573],[0.0329187,0.942795,0.331743],[-0.544318,-0.261468,0.79709]],"s":1.81757,"t":[-8.02123,86.5027,-34.6121],"timestamp":1131513416614},{"currentFrameRate":57.5461,"devices":[],"gestures":[],"hands":[{"armBasis":[[0.850976,0.520013,-0.0736564],[-0.366395,0.688273,0.626127],[0.37629,-0.505832,0.776234]],"armWidth":56.7046,"confidence":1,"direction":[-0.270849,0.712097,-0.647733],"elbow":[131.241,81.0838,265.895],"grabAngle":0.538313,"grabStrength":0,"id":102,"palmNormal":[0.322102,-0.567055,-0.758089],"palmPosition":[18.4361,241.091,34.739],"palmVelocity":[-350.114,206.04,-64.8313],"palmWidth":79.6914,"pinchDistance":71.0415,"pinchStrength":0,"r":[[0.850325,-0.0911329,0.518307],[-0.108709,0.933232,0.342434],[-0.514908,-0.347525,0.783643]],"s":1.8143,"sphereCenter":[1.35689,273.429,16.8306],"sphereRadius":51.6891,"stabilizedPalmPosition":[18.5298,241.036,34.7562],"t":[-13.9219,90.5643,-35.0182],"timeVisible":20.431,"type":"right","wrist":[42.259,200.699,82.3364]}],"id":74747,"interactionBox":{"center":[0,200,0],"size":[235.247,235.247,147.751]},"pointables":[{"bases":[[[0.0240804,0.812721,0.582156],[-0.768401,-0.357467,0.530827],[0.639515,-0.460112,0.615888]],[[-0.280835,0.933674,0.222226],[-0.946324,-0.307982,0.0980737],[0.160011,-0.182755,0.97005]],[[-0.280835,0.933674,0.222226],[-0.959701,-0.270696,-0.07549],[-0.0103274,-0.234471,0.972068]],[[-0.280835,0.933674,0.222226],[-0.917139,-0.19284,-0.34881],[-0.282821,-0.30177,0.910465]]],"btipPosition":[16.3911,215.641,-28.3852],"carpPosition":[17.2924,194.488,61.6259],"dipPosition":[10.6047,209.467,-9.7576],"direction":[0.0103274,0.234471,-0.972068],"extended":false,"handId":102,"id":1020,"length":45.5601,"mcpPosition":[17.2924,194.488,61.6259],"pipPosition":[10.2969,202.478,19.2162],"stabilizedTipPosition":[15.086,213.884,-24.0356],"timeVisible":20.431,"tipPosition":[4.78663,210.319,-23.7144],"tipVelocity":[-41.6953,306.066,-56.102],"tool":false,"touchDistance":-0.406839,"touchZone":"touching","type":0,"width":18.1457},{"bases":[[[0.84878,0.527649,-0.0340499],[-0.380739,0.654604,0.653093],[0.366893,-0.541368,0.756512]],[[0.841694,0.537787,-0.0483419],[-0.333568,0.588288,0.736648],[0.424598,-0.603906,0.674547]],[[0.841694,0.537787,-0.0483419],[-0.414368,0.700734,0.580751],[0.346195,-0.468783,0.812645]],[[0.841694,0.537787,-0.0483419],[-0.513803,0.825237,0.234501],[0.166005,-0.17254,0.970913]]],"btipPosition":[-33.7361,283.843,-36.679],"carpPosition":[15.6458,213.797,69.0734],"dipPosition":[-31.2566,281.266,-22.1772],"direction":[-0.346195,0.468783,-0.812645],"extended":true,"handId":102,"id":1021,"length":51.4095,"mcpPosition":[-7.99462,248.68,20.3282],"pipPosition":[-23.9416,271.361,-5.00622],"stabilizedTipPosition":[-32.7979,283.338,-33.3031],"timeVisible":20.431,"tipPosition":[-31.4069,285.177,-31.2281],"tipVelocity":[-695.05,-153.404,-66.4869],"tool":false,"touchDistance":-0.379847,"touchZone":"touching","type":1,"width":17.3328},{"bases":[[[0.942932,0.33028,-0.0423636],[-0.223614,0.722341,0.654385],[0.246731,-0.607567,0.754974]],[[0.945232,0.324496,-0.0351933],[-0.161045,0.557442,0.814447],[0.283903,-0.764173,0.57917]],[[0.945232,0.324496,-0.0351933],[-0.235542,0.752782,0.614686],[0.225956,-0.572731,0.787987]],[[0.945232,0.324496,-0.0351933],[-0.290058,0.884538,0.365321],[0.149675,-0.335105,0.930216]]],"btipPosition":[-11.1712,309.749,-36.1134],"carpPosition":[23.9439,220.681,69.2935],"dipPosition":[-8.71233,304.244,-20.8318],"direction":[-0.225956,0.572731,-0.787987],"extended":true,"handId":102,"id":1022,"length":58.577,"mcpPosition":[8.8675,257.807,23.1611],"pipPosition":[-3.09526,290.006,-1.24321],"stabilizedTipPosition":[-10.2797,308.458,-32.5883],"timeVisible":20.431,"tipPosition":[-7.42873,304.746,-34.4243],"tipVelocity":[-927.165,75.3189,-24.7462],"tool":false,"touchDistance":-0.33771,"touchZone":"touching","type":2,"width":17.0231},{"bases":[[[0.983119,0.181872,0.0199898],[-0.147695,0.724356,0.67342],[0.107997,-0.665004,0.73899]],[[0.984237,0.174618,0.0280383],[-0.127103,0.588176,0.798683],[0.122973,-0.789657,0.601099]],[[0.984237,0.174618,0.0280383],[-0.162878,0.833215,0.528416],[0.068909,-0.524654,0.848522]],[[0.984237,0.174618,0.0280383],[-0.17683,0.968989,0.172602],[0.00297065,-0.174839,0.984592]]],"btipPosition":[21.2407,308.111,-31.8376],"carpPosition":[33.6861,225.224,68.8135],"dipPosition":[21.2892,305.256,-15.7557],"direction":[-0.068909,0.524653,-0.848522],"extended":true,"handId":102,"id":1023,"length":56.3233,"mcpPosition":[27.7612,261.707,28.2712],"pipPosition":[22.958,292.55,4.79299],"stabilizedTipPosition":[21.4504,307.374,-28.1356],"timeVisible":20.431,"tipPosition":[24.3039,298.878,-31.8482],"tipVelocity":[-908.537,368.187,-14.231],"tool":false,"touchDistance":-0.2967,"touchZone":"touching","type":3,"width":16.1985},{"bases":[[[0.99981,-0.0185184,-0.00615957],[0.0171391,0.68221,0.730956],[-0.009334,-0.730922,0.682397]],[[0.995712,-0.0781135,0.0495573],[0.0132754,0.650823,0.759113],[-0.0915501,-0.7552,0.64907]],[[0.995712,-0.0781135,0.0495573],[0.0541739,0.926616,0.372086],[-0.0749856,-0.367806,0.926874]],[[0.995712,-0.0781135,0.0495573],[0.0757064,0.995939,0.0487217],[-0.0531619,-0.044761,0.997582]]],"btipPosition":[51.1781,291.788,-19.6319],"carpPosition":[45.791,224.361,65.9669],"dipPosition":[50.377,291.114,-4.59996],"direction":[0.0749856,0.367806,-0.926874],"extended":true,"handId":102,"id":1024,"length":44.1565,"mcpPosition":[46.265,261.481,31.3114],"pipPosition":[49.0949,284.825,11.248],"stabilizedTipPosition":[51.149,291.528,-16.1584],"timeVisible":20.431,"tipPosition":[52.289,282.381,-18.4821],"tipVelocity":[-789.05,532.154,-84.3191],"tool":false,"touchDistance":-0.300713,"touchZone":"touching","type":4,"width":14.3888}],"r":[[0.850325,-0.0911329,0.518307],[-0.108709,0.933232,0.342434],[-0.514908,-0.347525,0.783643]],"s":1.8143,"t":[-13.9219,90.5643,-35.0182],"timestamp":1131513433946},{"currentFrameRate":57.64,"devices":[],"gestures":[],"hands":[{"armBasis":[[0.778443,0.627707,-0.00334042],[-0.476154,0.593947,0.648463],[0.409029,-0.503201,0.761238]],"armWidth":56.7046,"confidence":1,"direction":[-0.369105,0.667735,-0.646445],"elbow":[138.817,86.216,262.741],"grabAngle":0.507526,"grabStrength":0,"id":102,"palmNormal":[0.424633,-0.497551,-0.756393],"palmPosition":[13.3242,242.345,35.2414],"palmVelocity":[-300.048,73.5813,29.4863],"palmWidth":79.6914,"pinchDistance":69.9472,"pinchStrength":0,"r":[[0.845013,0.027952,0.534015],[-0.251091,0.902438,0.350084],[-0.47213,-0.429911,0.76959]],"s":1.81068,"sphereCenter":[-7.35801,271.769,16.945],"sphereRadius":51.3023,"stabilizedPalmPosition":[13.3851,242.329,35.2357],"t":[-19.4283,93.222,-34.9701],"timeVisible":20.4481,"type":"right","wrist":[42.0926,205.209,82.7289]}],"id":74748,"interactionBox":{"center":[0,200,0],"size":[235.247,235.247,147.751]},"pointables":[{"bases":[[[-0.119162,0.798123,0.590593],[-0.711184,-0.483689,0.51016],[0.692833,-0.359228,0.62525]],[[-0.428193,0.873577,0.23133],[-0.889497,-0.452613,0.0627499],[0.15952,-0.178898,0.97085]],[[-0.428193,0.873577,0.23133],[-0.903222,-0.4055,-0.140568],[-0.0289921,-0.269133,0.962667]],[[-0.428193,0.873577,0.23133],[-0.838139,-0.288188,-0.463109],[-0.337895,-0.392187,0.855579]]],"btipPosition":[19.9782,219.679,-27.0108],"carpPosition":[19.175,195.811,61.6321],"dipPosition":[13.0651,211.655,-9.50617],"direction":[0.0289921,0.269133,-0.962667],"extended":false,"handId":102,"id":1020,"length":45.5601,"mcpPosition":[19.175,195.811,61.6321],"pipPosition":[12.2009,203.633,19.1874],"stabilizedTipPosition":[18.2032,217.612,-23.0436],"timeVisible":20.4481,"tipPosition":[8.43355,211.987,-23.6415],"tipVelocity":[195.338,212.02,65.5097],"tool":false,"touchDistance":-0.377747,"touchZone":"touching","type":0,"width":18.1457},{"bases":[[[0.752999,0.657944,-0.0100635],[-0.494502,0.575901,0.651004],[0.43412,-0.485229,0.759008]],[[0.745848,0.66574,-0.0223923],[-0.458789,0.537786,0.707318],[0.482932,-0.517278,0.706541]],[[0.745848,0.66574,-0.0223923],[-0.560954,0.645872,0.517861],[0.359224,-0.373685,0.855171]],[[0.745848,0.66574,-0.0223923],[-0.648139,0.733066,0.206229],[0.15371,-0.139302,0.978248]]],"btipPosition":[-41.7125,275.171,-38.8901],"carpPosition":[14.2836,214.501,69.2329],"dipPosition":[-39.4167,273.09,-24.2787],"direction":[-0.359224,0.373685,-0.855171],"extended":true,"handId":102,"id":1021,"length":51.4095,"mcpPosition":[-13.6885,245.767,20.3268],"pipPosition":[-31.8264,265.194,-6.20919],"stabilizedTipPosition":[-40.9687,274.915,-35.4722],"timeVisible":20.4481,"tipPosition":[-41.5548,277.954,-32.142],"tipVelocity":[-470.664,-502.336,-128.303],"tool":false,"touchDistance":-0.402984,"touchZone":"touching","type":1,"width":17.3328},{"bases":[[[0.877921,0.478457,-0.018258],[-0.350428,0.668051,0.656436],[0.326274,-0.569901,0.754161]],[[0.879574,0.475543,-0.0144105],[-0.274032,0.53115,0.80174],[0.388916,-0.701241,0.5975]],[[0.879574,0.475543,-0.0144105],[-0.365092,0.694083,0.620448],[0.305052,-0.540469,0.784115]],[[0.879574,0.475543,-0.0144105],[-0.433614,0.813748,0.387031],[0.195777,-0.334174,0.921954]]],"btipPosition":[-25.7685,305.926,-36.1931],"carpPosition":[21.3556,222.629,69.7045],"dipPosition":[-22.5522,300.436,-21.0473],"direction":[-0.305052,0.540469,-0.784115],"extended":true,"handId":102,"id":1022,"length":58.577,"mcpPosition":[1.41874,257.453,23.6218],"pipPosition":[-14.9689,287.001,-1.55489],"stabilizedTipPosition":[-24.8242,304.716,-32.7079],"timeVisible":20.4481,"tipPosition":[-21.276,302.058,-33.7824],"tipVelocity":[-846.574,-224.172,-6.51087],"tool":false,"touchDistance":-0.333937,"touchZone":"touching","type":2,"width":17.0231},{"bases":[[[0.940268,0.337645,0.0434893],[-0.27623,0.68202,0.67716],[0.19898,-0.648726,0.734549]],[[0.941287,0.334277,0.047298],[-0.236852,0.554026,0.798096],[0.24058,-0.76244,0.600672]],[[0.941287,0.334277,0.047298],[-0.300588,0.766026,0.5682],[0.153704,-0.549056,0.82153]],[[0.941287,0.334277,0.047298],[-0.335561,0.910959,0.239901],[0.0371066,-0.241687,0.969645]]],"btipPosition":[5.603,311.303,-30.0082],"carpPosition":[30.2445,228.688,69.4848],"dipPosition":[6.20908,307.355,-14.1705],"direction":[-0.153704,0.549056,-0.82153],"extended":true,"handId":102,"id":1023,"length":56.3233,"mcpPosition":[19.3282,264.279,29.1862],"pipPosition":[9.93135,294.059,5.72459],"stabilizedTipPosition":[5.89976,310.365,-26.3832],"timeVisible":20.4481,"tipPosition":[10.5855,302.136,-30.1919],"tipVelocity":[-910.341,172.573,104.084],"tool":false,"touchDistance":-0.280431,"touchZone":"touching","type":3,"width":16.1985},{"bases":[[[0.989608,0.142931,0.0157248],[-0.107949,0.666222,0.737899],[0.0949926,-0.731928,0.674728]],[[0.993906,0.0889722,0.0650714],[-0.106411,0.620454,0.77699],[0.0287567,-0.779179,0.626141]],[[0.993906,0.0889722,0.0650714],[-0.108754,0.887753,0.447289],[-0.017971,-0.45164,0.892019]],[[0.993906,0.0889722,0.0650714],[-0.0965263,0.98757,0.124045],[-0.053226,-0.129571,0.990141]]],"btipPosition":[37.7811,300.757,-16.8949],"carpPosition":[42.3849,229.826,66.8976],"dipPosition":[36.9791,298.804,-1.97508],"direction":[0.017971,0.45164,-0.892019],"extended":true,"handId":102,"id":1024,"length":44.1565,"mcpPosition":[37.5607,266.997,32.6316],"pipPosition":[36.6718,291.082,13.2769],"stabilizedTipPosition":[37.7425,300.213,-13.4924],"timeVisible":20.4481,"tipPosition":[40.6201,290.869,-16.3194],"tipVelocity":[-786.362,509.154,159.137],"tool":false,"touchDistance":-0.278417,"touchZone":"touching","type":4,"width":14.3888}],"r":[[0.845013,0.027952,0.534015],[-0.251091,0.902438,0.350084],[-0.47213,-0.429911,0.76959]],"s":1.81068,"t":[-19.4283,93.222,-34.9701],"timestamp":1131513450983},{"currentFrameRate":57.6041,"devices":[],"gestures":[],"hands":[{"armBasis":[[0.700289,0.709799,0.0760325],[-0.567649,0.489106,0.662231],[0.432863,-0.506913,0.745432]],"armWidth":56.7046,"confidence":1,"direction":[-0.436702,0.607671,-0.663346],"elbow":[145.416,88.7773,263.388],"grabAngle":0.455963,"grabStrength":0,"id":102,"palmNormal":[0.524381,-0.427201,-0.736562],"palmPosition":[11.2633,241.867,38.7179],"palmVelocity":[-117.906,-27.3329,198.9],"palmWidth":79.6914,"pinchDistance":69.4486,"pinchStrength":0,"r":[[0.819345,0.146004,0.554398],[-0.389242,0.85165,0.350974],[-0.42091,-0.503364,0.754625]],"s":1.80983,"sphereCenter":[-10.5348,269.783,19.6688],"sphereRadius":51.0797,"stabilizedPalmPosition":[11.6444,241.95,38.0926],"t":[-23.2119,94.3119,-33.2077],"timeVisible":20.4656,"type":"right","wrist":[43.0556,208.648,87.1131]}],"id":74749,"interactionBox":{"center":[0,200,0],"size":[235.247,235.247,147.751]},"pointables":[{"bases":[[[-0.260095,0.770083,0.582514],[-0.652361,-0.584915,0.481975],[0.711882,-0.25465,0.654506]],[[-0.561817,0.800037,0.210481],[-0.812913,-0.581086,0.0388736],[0.153408,-0.149263,0.976825]],[[-0.561817,0.800037,0.210481],[-0.826471,-0.531687,-0.185079],[-0.0361605,-0.277937,0.959918]],[[-0.561817,0.800037,0.210481],[-0.747593,-0.382062,-0.543262],[-0.354214,-0.462568,0.812751]]],"btipPosition":[24.449,220.909,-22.4638],"carpPosition":[22.831,196.635,65.4822],"dipPosition":[17.202,211.445,-5.83536],"direction":[0.0361605,0.277937,-0.959918],"extended":false,"handId":102,"id":1020,"length":45.5601,"mcpPosition":[22.831,196.635,65.4822],"pipPosition":[16.1241,203.161,22.7763],"stabilizedTipPosition":[22.0291,218.548,-19.3635],"timeVisible":20.4656,"tipPosition":[13.8002,211.641,-20.1401],"tipVelocity":[251.386,51.4528,248.614],"tool":false,"touchDistance":-0.303123,"touchZone":"touching","type":0,"width":18.1457},{"bases":[[[0.647269,0.762029,0.0188393],[-0.600646,0.494662,0.628119],[0.469326,-0.417878,0.777889]],[[0.641578,0.766999,0.0094826],[-0.570881,0.469199,0.673756],[0.512321,-0.437681,0.738893]],[[0.641578,0.766999,0.0094826],[-0.679173,0.562281,0.471767],[0.356513,-0.309116,0.881672]],[[0.641578,0.766999,0.0094826],[-0.753046,0.627458,0.198035],[0.145943,-0.134196,0.980149]]],"btipPosition":[-44.2735,266.275,-38.3305],"carpPosition":[14.9216,214.375,72.8125],"dipPosition":[-42.0936,264.271,-23.6908],"direction":[-0.356513,0.309116,-0.881672],"extended":true,"handId":102,"id":1021,"length":51.4095,"mcpPosition":[-15.319,241.301,22.6898],"pipPosition":[-34.5606,257.739,-5.06129],"stabilizedTipPosition":[-43.7285,265.956,-34.9713],"timeVisible":20.4656,"tipPosition":[-45.3444,268.965,-31.228],"tipVelocity":[-148.042,-507.927,32.3858],"tool":false,"touchDistance":-0.382528,"touchZone":"touching","type":1,"width":17.3328},{"bases":[[[0.797574,0.602998,0.0164049],[-0.472121,0.607076,0.639187],[0.37547,-0.517544,0.768876]],[[0.800122,0.599447,0.0216592],[-0.389987,0.492427,0.778091],[0.455759,-0.631014,0.627778]],[[0.800122,0.599447,0.0216592],[-0.480894,0.619461,0.620491],[0.358534,-0.506884,0.783914]],[[0.800122,0.599447,0.0216592],[-0.558108,0.73074,0.393109],[0.219821,-0.326623,0.919237]]],"btipPosition":[-33.9819,299.638,-34.4744],"carpPosition":[20.6892,223.458,73.5486],"dipPosition":[-30.3707,294.272,-19.3732],"direction":[-0.358534,0.506884,-0.783914],"extended":true,"handId":102,"id":1022,"length":58.577,"mcpPosition":[-2.25371,255.082,26.5667],"pipPosition":[-21.4579,281.671,0.114169],"stabilizedTipPosition":[-33.0628,298.471,-31.0193],"timeVisible":20.4656,"tipPosition":[-29.01,296.067,-31.8507],"tipVelocity":[-464.709,-358.144,97.7412],"tool":false,"touchDistance":-0.30325,"touchZone":"touching","type":2,"width":17.0231},{"bases":[[[0.87744,0.472773,0.0811409],[-0.401722,0.631799,0.66291],[0.262142,-0.61426,0.744289]],[[0.879193,0.468608,0.0861733],[-0.359925,0.534686,0.764568],[0.312207,-0.703219,0.638756]],[[0.879193,0.468608,0.0861733],[-0.42847,0.698486,0.573176],[0.208404,-0.540855,0.814889]],[[0.879193,0.468608,0.0861733],[-0.471634,0.830235,0.297106],[0.0676821,-0.301856,0.950948]]],"btipPosition":[-4.14183,309.959,-27.3728],"carpPosition":[28.5866,230.765,73.6758],"dipPosition":[-3.03634,305.029,-11.8405],"direction":[-0.208404,0.540855,-0.814889],"extended":true,"handId":102,"id":1023,"length":56.3233,"mcpPosition":[14.2051,264.464,32.8428],"pipPosition":[2.01059,291.931,7.89372],"stabilizedTipPosition":[-3.77145,308.844,-23.8311],"timeVisible":20.4656,"tipPosition":[2.12006,301.169,-26.8181],"tipVelocity":[-550.945,-89.783,146.754],"tool":false,"touchDistance":-0.257702,"touchZone":"touching","type":3,"width":16.1985},{"bases":[[[0.956117,0.287568,0.0560841],[-0.235609,0.640874,0.730595],[0.174153,-0.711748,0.680504]],[[0.966733,0.231577,0.108622],[-0.227713,0.585747,0.777848],[0.116507,-0.776706,0.618995]],[[0.966733,0.231577,0.108622],[-0.254817,0.834968,0.487746],[0.0222548,-0.499199,0.866201]],[[0.966733,0.231577,0.108622],[-0.249082,0.948886,0.193841],[-0.058181,-0.214448,0.975001]]],"btipPosition":[28.5724,305.613,-11.6072],"carpPosition":[40.522,233.691,71.5882],"dipPosition":[27.6958,302.382,3.08452],"direction":[-0.0222548,0.499199,-0.866201],"extended":true,"handId":102,"id":1024,"length":44.1565,"mcpPosition":[31.6776,269.837,37.0288],"pipPosition":[28.0763,293.846,17.8951],"stabilizedTipPosition":[28.6855,304.713,-8.40484],"timeVisible":20.4656,"tipPosition":[32.5675,295.447,-11.364],"tipVelocity":[-527.822,261.008,299.518],"tool":false,"touchDistance":-0.