{"frames":51,"data":[{"currentFrameRate":57.5919,"devices":[],"gestures":[],"hands":[{"armBasis":[[0.915759,-0.173819,-0.362176],[0.336627,0.82404,0.455676],[0.219242,-0.539208,0.813135]],"armWidth":56.7046,"confidence":1,"direction":[0.218872,0.699639,-0.680147],"elbow":[67.9659,51.7713,281.523],"grabAngle":1.20542,"grabStrength":0.156051,"id":102,"palmNormal":[-0.278786,-0.623153,-0.730725],"palmPosition":[19.1713,224.423,40.139],"palmVelocity":[-95.2494,174.572,1.40943],"palmWidth":79.6914,"pinchDistance":68.7008,"pinchStrength":0,"r":[[0.843971,-0.394675,0.363243],[0.236428,0.881585,0.408545],[-0.481472,-0.25892,0.837344]],"s":1.57916,"sphereCenter":[18.5592,220.189,-3.70035],"sphereRadius":49.3767,"stabilizedPalmPosition":[21.3424,219.853,47.5608],"t":[-17.991,75.306,-30.0021],"timeVisible":13.9269,"type":"right","wrist":[16.121,179.279,89.2391]}],"id":74374,"interactionBox":{"center":[0,200,0],"size":[235.247,235.247,147.751]},"pointables":[{"bases":[[[0.668336,0.553229,0.497257],[-0.713287,0.286955,0.639436],[0.211064,-0.782045,0.586394]],[[0.493204,0.853724,0.167048],[-0.826913,0.400472,0.394762],[0.27012,-0.332832,0.90347]],[[0.493204,0.853724,0.167048],[-0.869849,0.481652,0.106648],[0.0105895,-0.197906,0.980164]],[[0.493204,0.853724,0.167048],[-0.841894,0.516779,-0.155416],[-0.219009,-0.0639844,0.973623]]],"btipPosition":[-18.167,213.854,-17.3632],"carpPosition":[-10.5227,192.095,71.2705],"dipPosition":[-22.6478,212.545,2.55652],"direction":[-0.0105895,0.197906,-0.980164],"extended":false,"handId":102,"id":1020,"length":45.5601,"mcpPosition":[-10.5227,192.095,71.2705],"pipPosition":[-22.3321,206.646,31.7716],"stabilizedTipPosition":[-20.0277,210.031,-2.59507],"timeVisible":13.9269,"tipPosition":[-18.212,213.74,-12.76],"tipVelocity":[1.90038,54.9694,-72.3811],"tool":false,"touchDistance":-0.351025,"touchZone":"touching","type":0,"width":18.1457},{"bases":[[[0.958554,-0.227117,-0.172024],[0.284418,0.727276,0.62464],[-0.0167576,-0.647678,0.76173]],[[0.958284,-0.234866,-0.162879],[0.281067,0.670902,0.686215],[-0.0518929,-0.703369,0.708928]],[[0.958284,-0.234866,-0.162879],[0.270954,0.927884,0.256155],[0.0909707,-0.289602,0.952814]],[[0.958284,-0.234866,-0.162879],[0.214209,0.967449,-0.13475],[0.189225,0.0942391,0.977401]]],"btipPosition":[1.18829,279.715,-33.4426],"carpPosition":[2.90805,206.854,76.9959],"dipPosition":[4.01461,281.123,-18.8439],"direction":[-0.0909707,0.289602,-0.952814],"extended":true,"handId":102,"id":1021,"length":51.4095,"mcpPosition":[3.98782,248.587,27.9145],"pipPosition":[5.93679,275.004,1.28878],"stabilizedTipPosition":[5.1006,274.04,-26.7311],"timeVisible":13.9269,"tipPosition":[-0.478421,272.53,-31.8942],"tipVelocity":[-218.215,240.152,72.9307],"tool":false,"touchDistance":-0.315139,"touchZone":"touching","type":1,"width":17.3328},{"bases":[[[0.884852,-0.433166,-0.171478],[0.441941,0.664013,0.603137],[-0.147394,-0.60947,0.778987]],[[0.879311,-0.453696,-0.144816],[0.420638,0.597269,0.682886],[-0.223328,-0.661385,0.716027]],[[0.879311,-0.453696,-0.144816],[0.47624,0.839347,0.26209],[0.00264203,-0.299426,0.954116]],[[0.879311,-0.453696,-0.144816],[0.430592,0.887286,-0.165268],[0.203475,0.0829656,0.975559]]],"btipPosition":[28.5753,277.04,-41.8166],"carpPosition":[13.5669,205.85,75.699],"dipPosition":[31.918,278.403,-25.7902],"direction":[-0.00264203,0.299426,-0.954116],"extended":true,"handId":102,"id":1022,"length":58.577,"mcpPosition":[22.5733,243.091,28.0993],"pipPosition":[31.9837,270.96,-2.07176],"stabilizedTipPosition":[33.4648,265.043,-31.8285],"timeVisible":13.9269,"tipPosition":[26.2251,271.337,-40.083],"tipVelocity":[-168.258,382.965,112.428],"tool":false,"touchDistance":0.248605,"touchZone":"hovering","type":2,"width":17.0231},{"bases":[[[0.817667,-0.566948,-0.0999508],[0.499107,0.611602,0.613869],[-0.286902,-0.551827,0.783054]],[[0.810611,-0.579914,-0.0812968],[0.550238,0.706803,0.444598],[-0.200368,-0.405129,0.892033]],[[0.810611,-0.579914,-0.0812968],[0.542276,0.795788,-0.269552],[0.221012,0.174416,0.959548]],[[0.810611,-0.579914,-0.0812968],[0.348562,0.589391,-0.728782],[0.470546,0.562422,0.679903]]],"btipPosition":[34.0233,234.861,-38.3653],"carpPosition":[23.4952,202.173,73.7789],"dipPosition":[41.709,244.047,-27.2601],"direction":[-0.221012,-0.174416,-0.959548],"extended":false,"handId":102,"id":1023,"length":56.3233,"mcpPosition":[39.2351,232.447,30.8192],"pipPosition":[47.0613,248.271,-4.02263],"stabilizedTipPosition":[35.8337,235.094,-35.5737],"timeVisible":13.9269,"tipPosition":[34.0338,235.151,-35.9246],"tipVelocity":[19.1056,381.916,27.9668],"tool":false,"touchDistance":-0.306751,"touchZone":"touching","type":3,"width":16.1985},{"bases":[[[0.685184,-0.720214,-0.108695],[0.592887,0.464804,0.657604],[-0.423094,-0.515023,0.745482]],[[0.652699,-0.755666,-0.0543496],[0.725972,0.603308,0.330128],[-0.216677,-0.254931,0.94237]],[[0.652699,-0.755666,-0.0543496],[0.659508,0.602019,-0.450136],[0.372872,0.257959,0.891304]],[[0.652699,-0.755666,-0.0543496],[0.396398,0.401758,-0.825505],[0.645641,0.517262,0.561771]]],"btipPosition":[43.0343,214.853,-20.915],"carpPosition":[30.954,193.022,69.7786],"dipPosition":[52.7631,222.647,-12.45],"direction":[-0.372872,-0.257959,-0.891304],"extended":false,"handId":102,"id":1024,"length":44.1565,"mcpPosition":[52.4408,219.178,31.9193],"pipPosition":[59.1385,227.058,2.78975],"stabilizedTipPosition":[44.5506,213.068,-17.8838],"timeVisible":13.9269,"tipPosition":[40.3109,212.111,-16.7909],"tipVelocity":[58.3692,384.897,26.1654],"tool":false,"touchDistance":-0.314218,"touchZone":"touching","type":4,"width":14.3888}],"r":[[0.843971,-0.394675,0.363243],[0.236428,0.881585,0.408545],[-0.481472,-0.25892,0.837344]],"s":1.57916,"t":[-17.991,75.306,-30.0021],"timestamp":1131506929841},{"currentFrameRate":57.6793,"devices":[],"gestures":[],"hands":[{"armBasis":[[0.939457,-0.0744768,-0.334476],[0.239339,0.841158,0.484944],[0.24523,-0.535637,0.808056]],"armWidth":56.7046,"confidence":1,"direction":[0.158745,0.730315,-0.66441],"elbow":[75.1748,55.8544,279.841],"grabAngle":1.17083,"grabStrength":0.138366,"id":102,"palmNormal":[-0.198038,-0.635714,-0.746089],"palmPosition":[16.6438,228.643,40.4729],"palmVelocity":[-148.268,247.523,19.5895],"palmWidth":79.6914,"pinchDistance":69.3042,"pinchStrength":0,"r":[[0.858141,-0.353837,0.372013],[0.186272,0.889788,0.416629],[-0.478432,-0.288231,0.829473]],"s":1.58651,"sphereCenter":[18.364,227.135,-2.38577],"sphereRadius":48.957,"stabilizedPalmPosition":[17.4406,227.152,41.6749],"t":[-19.803,78.7418,-29.8463],"timeVisible":13.944,"type":"right","wrist":[17.1846,182.518,88.7577]}],"id":74375,"interactionBox":{"center":[0,200,0],"size":[235.247,235.247,147.751]},"pointables":[{"bases":[[[0.597327,0.610502,0.520084],[-0.751828,0.200496,0.628138],[0.279205,-0.766217,0.578754]],[[0.396969,0.898285,0.188414],[-0.873161,0.306343,0.379135],[0.282852,-0.315021,0.905956]],[[0.396969,0.898285,0.188414],[-0.917602,0.383825,0.103363],[0.0205312,-0.213921,0.976635]],[[0.396969,0.898285,0.188414],[-0.894174,0.424808,-0.141389],[-0.207047,-0.112348,0.971859]]],"btipPosition":[-18.8986,215.327,-18.1488],"carpPosition":[-10.1566,192.879,70.4524],"dipPosition":[-23.1346,213.028,1.7349],"direction":[-0.0205312,0.213921,-0.976635],"extended":false,"handId":102,"id":1020,"length":45.5601,"mcpPosition":[-10.1566,192.879,70.4524],"pipPosition":[-22.5227,206.652,30.8448],"stabilizedTipPosition":[-20.01,210.574,-3.84606],"timeVisible":13.944,"tipPosition":[-18.4211,215.074,-13.3898],"tipVelocity":[-39.6143,73.0572,-46.5673],"tool":false,"touchDistance":-0.356163,"touchZone":"touching","type":0,"width":18.1457},{"bases":[[[0.980176,-0.123846,-0.154649],[0.19497,0.741705,0.641764],[0.0352243,-0.659194,0.751148]],[[0.980639,-0.135236,-0.141625],[0.195821,0.674132,0.71218],[-0.000838351,-0.726125,0.687562]],[[0.980639,-0.135236,-0.141625],[0.17314,0.93666,0.30445],[0.0914822,-0.323077,0.941941]],[[0.980639,-0.135236,-0.141625],[0.122707,0.988002,-0.0937824],[0.152609,0.0745883,0.985468]]],"btipPosition":[-4.89545,284.303,-32.151],"carpPosition":[1.55511,208.844,76.694],"dipPosition":[-2.61605,285.417,-17.4318],"direction":[-0.0914822,0.323077,-0.941941],"extended":true,"handId":102,"id":1021,"length":51.4095,"mcpPosition":[-0.714542,251.319,28.2944],"pipPosition":[-0.683055,278.591,2.47117],"stabilizedTipPosition":[-0.596669,280.367,-27.9548],"timeVisible":13.944,"tipPosition":[-6.2626,276.48,-31.0103],"tipVelocity":[-364.26,265.179,77.396],"tool":false,"touchDistance":-0.292168,"touchZone":"touching","type":1,"width":17.3328},{"bases":[[[0.928228,-0.336382,-0.158868],[0.3586,0.695437,0.622715],[-0.0989874,-0.634992,0.766151]],[[0.924177,-0.358488,-0.131847],[0.338818,0.610022,0.716293],[-0.176353,-0.706653,0.685231]],[[0.924177,-0.358488,-0.131847],[0.381964,0.868443,0.316088],[0.00118822,-0.342482,0.939524]],[[0.924177,-0.358488,-0.131847],[0.347262,0.932329,-0.100855],[0.159081,0.0474226,0.986126]]],"btipPosition":[23.121,285.281,-39.6311],"carpPosition":[12.2844,208.969,75.6134],"dipPosition":[25.7344,286.06,-23.431],"direction":[-0.00118822,0.342482,-0.939524],"extended":true,"handId":102,"id":1022,"length":58.577,"mcpPosition":[18.333,247.77,28.7981],"pipPosition":[25.7639,277.546,-0.0753188],"stabilizedTipPosition":[27.7945,276.926,-34.2011],"timeVisible":13.944,"tipPosition":[20.8247,278.458,-38.4713],"tipVelocity":[-329.796,475.542,130.552],"tool":false,"touchDistance":0.30779,"touchZone":"hovering","type":2,"width":17.0231},{"bases":[[[0.873853,-0.477622,-0.0908792],[0.420663,0.64903,0.633879],[-0.243771,-0.592146,0.768074]],[[0.868752,-0.489481,-0.0753519],[0.457279,0.734385,0.501572],[-0.190173,-0.470199,0.861828]],[[0.868752,-0.489481,-0.0753519],[0.470268,0.863042,-0.18441],[0.155297,0.124771,0.979957]],[[0.868752,-0.489481,-0.0753519],[0.320444,0.671581,-0.668053],[0.377604,0.556226,0.740289]]],"btipPosition":[33.4498,245.117,-37.7701],"carpPosition":[22.5767,206.372,73.853],"dipPosition":[39.6175,254.202,-25.6786],"direction":[-0.155297,-0.124771,-0.979957],"extended":true,"handId":102,"id":1023,"length":56.3233,"mcpPosition":[35.9504,238.858,31.7151],"pipPosition":[43.3783,257.224,-1.94692],"stabilizedTipPosition":[35.0202,245.302,-35.081],"timeVisible":13.944,"tipPosition":[32.4112,243.138,-35.0598],"tipVelocity":[-54.1238,600.269,48.2204],"tool":false,"touchDistance":-0.292079,"touchZone":"touching","type":3,"width":16.1985},{"bases":[[[0.758167,-0.643575,-0.10485],[0.528257,0.51196,0.677378],[-0.382265,-0.568954,0.728125]],[[0.732949,-0.677685,-0.0594024],[0.646705,0.667013,0.369954],[-0.21109,-0.309573,0.927149]],[[0.732949,-0.677685,-0.0594024],[0.597698,0.68321,-0.419501],[0.324874,0.271968,0.905809]],[[0.732949,-0.677685,-0.0594024],[0.369146,0.469551,-0.802031],[0.571417,0.565919,0.594321]]],"btipPosition":[42.7954,223.398,-20.2047],"carpPosition":[31.0222,198.112,69.8754],"dipPosition":[51.4057,231.926,-11.2492],"direction":[-0.324874,-0.271968,-0.905809],"extended":false,"handId":102,"id":1024,"length":44.1565,"mcpPosition":[50.4355,227.007,32.8976],"pipPosition":[56.9605,236.576,4.23855],"stabilizedTipPosition":[44.7205,222.342,-18.0808],"timeVisible":13.944,"tipPosition":[40.3038,219.856,-16.2616],"tipVelocity":[-29.1061,511.161,48.2856],"tool":false,"touchDistance":-0.298783,"touchZone":"touching","type":4,"width":14.3888}],"r":[[0.858141,-0.353837,0.372013],[0.186272,0.889788,0.416629],[-0.478432,-0.288231,0.829473]],"s":1.58651,"t":[-19.803,78.7418,-29.8463],"timestamp":1131506946888},{"currentFrameRate":57.6501,"devices":[],"gestures":[],"hands":[{"armBasis":[[0.952899,0.0508907,-0.298988],[0.116151,0.849427,0.514764],[0.280166,-0.525246,0.803507]],"armWidth":56.7046,"confidence":1,"direction":[0.0705548,0.75785,-0.648603],"elbow":[84.6869,62.8993,278.288],"grabAngle":1.12326,"grabStrength":0.122147,"id":102,"palmNormal":[-0.0988437,-0.641712,-0.76055],"palmPosition":[12.7369,233.76,40.8305],"palmVelocity":[-223.982,293.371,20.5022],"palmWidth":79.6914,"pinchDistance":69.6858,"pinchStrength":0,"r":[[0.874814,-0.298733,0.381391],[0.120265,0.896522,0.426363],[-0.469294,-0.32712,0.820217]],"s":1.59432,"sphereCenter":[15.6206,235.651,-0.686974],"sphereRadius":48.4505,"stabilizedPalmPosition":[13.2597,233.026,40.9244],"t":[-22.6625,83.0183,-29.5895],"timeVisible":13.9614,"type":"right","wrist":[18.4353,187.106,88.2799]}],"id":74376,"interactionBox":{"center":[0,200,0],"size":[235.247,235.247,147.751]},"pointables":[{"bases":[[[0.501595,0.674455,0.541769],[-0.782168,0.0860016,0.617104],[0.369615,-0.73329,0.570675]],[[0.26984,0.939483,0.211087],[-0.916622,0.183473,0.355164],[0.294942,-0.289325,0.910659]],[[0.26984,0.939483,0.211087],[-0.962463,0.256511,0.0886976],[0.0291837,-0.227098,0.973435]],[[0.26984,0.939483,0.211087],[-0.941639,0.30328,-0.146076],[-0.201255,-0.159351,0.96649]]],"btipPosition":[-19.1759,216.837,-18.9261],"carpPosition":[-9.52895,194.159,69.6755],"dipPosition":[-23.2934,213.577,0.847708],"direction":[-0.0291837,0.227098,-0.973435],"extended":false,"handId":102,"id":1020,"length":45.5601,"mcpPosition":[-9.52895,194.159,69.6755],"pipPosition":[-22.4235,206.808,29.8622],"stabilizedTipPosition":[-20.0251,211.309,-5.25147],"timeVisible":13.9614,"tipPosition":[-19.3365,216.666,-13.9334],"tipVelocity":[-14.335,73.9114,-46.0142],"tool":false,"touchDistance":-0.36092,"touchZone":"touching","type":0,"width":18.1457},{"bases":[[[0.990354,0.0111455,-0.138114],[0.0833454,0.748369,0.658025],[0.110694,-0.663189,0.740221]],[[0.992415,-0.00245506,-0.122907],[0.0927291,0.671332,0.735333],[0.0807062,-0.741152,0.666468]],[[0.992415,-0.00245506,-0.122907],[0.0451866,0.937093,0.346142],[0.114326,-0.34907,0.930097]],[[0.992415,-0.00245506,-0.122907],[-0.00424279,0.998521,-0.0542039],[0.122858,0.0543142,0.990937]]],"btipPosition":[-14.5778,288.551,-30.7678],"carpPosition":[-0.163437,211.419,76.4123],"dipPosition":[-12.7427,289.363,-15.967],"direction":[-0.114326,0.34907,-0.930097],"extended":true,"handId":102,"id":1021,"length":51.4095,"mcpPosition":[-7.29592,254.151,28.7168],"pipPosition":[-10.3271,281.987,3.68575],"stabilizedTipPosition":[-10.2758,286.343,-27.5328],"timeVisible":13.9614,"tipPosition":[-15.1061,280.171,-30.0327],"tipVelocity":[-560.943,239.556,80.3726],"tool":false,"touchDistance":-0.276135,"touchZone":"touching","type":1,"width":17.3328},{"bases":[[[0.967387,-0.206299,-0.146978],[0.251987,0.724738,0.641294],[-0.0257783,-0.657416,0.753087]],[[0.96586,-0.229532,-0.120122],[0.240436,0.621578,0.745541],[-0.0964604,-0.74897,0.655545]],[[0.96586,-0.229532,-0.120122],[0.257974,0.894642,0.36478],[0.0237375,-0.383315,0.923313]],[[0.96586,-0.229532,-0.120122],[0.227183,0.97329,-0.0330855],[0.124508,0.00466635,0.992208]]],"btipPosition":[13.4733,294.178,-37.3543],"carpPosition":[10.4691,212.996,75.538],"dipPosition":[15.5187,294.255,-21.0543],"direction":[-0.0237375,0.383315,-0.923313],"extended":true,"handId":102,"id":1022,"length":58.577,"mcpPosition":[12.0443,253.167,29.5209],"pipPosition":[16.1088,284.726,1.89838],"stabilizedTipPosition":[18.189,288.903,-33.7879],"timeVisible":13.9614,"tipPosition":[11.8045,286.283,-36.7326],"tipVelocity":[-560.59,500.816,131.845],"tool":false,"touchDistance":0.344841,"touchZone":"hovering","type":2,"width":17.0231},{"bases":[[[0.931283,-0.354838,-0.0824751],[0.319508,0.68682,0.652834],[-0.175005,-0.634325,0.752997]],[[0.927903,-0.366456,-0.0685976],[0.340333,0.757461,0.557158],[-0.152214,-0.540335,0.827568]],[[0.927903,-0.366456,-0.0685976],[0.35899,0.927877,-0.100849],[0.100607,0.0689524,0.992534]],[[0.927903,-0.366456,-0.0685976],[0.260542,0.768992,-0.583754],[0.266671,0.523795,0.809028]]],"btipPosition":[29.7982,257.511,-36.9563],"carpPosition":[21.0439,211.831,73.9289],"dipPosition":[34.1539,266.066,-23.742],"direction":[-0.100607,-0.0689524,-0.992534],"extended":true,"handId":102,"id":1023,"length":56.3233,"mcpPosition":[30.645,246.631,32.6182],"pipPosition":[36.5903,267.736,0.294296],"stabilizedTipPosition":[31.2377,258.008,-34.0377],"timeVisible":13.9614,"tipPosition":[28.3039,253.284,-34.0854],"tipVelocity":[-233.238,703.522,61.464],"tool":false,"touchDistance":-0.280037,"touchZone":"touching","type":3,"width":16.1985},{"bases":[[[0.839089,-0.534441,-0.101495],[0.443742,0.564511,0.696003],[-0.314677,-0.629046,0.71083]],[[0.8198,-0.56941,-0.0608352],[0.537793,0.729043,0.423408],[-0.196741,-0.379827,0.903894]],[[0.8198,-0.56941,-0.0608352],[0.513913,0.778415,-0.360505],[0.25263,0.264278,0.930771]],[[0.8198,-0.56941,-0.0608352],[0.330661,0.557426,-0.761537],[0.467538,0.604192,0.64526]]],"btipPosition":[41.281,234.915,-19.7065],"carpPosition":[30.5833,204.851,69.9708],"dipPosition":[48.326,244.02,-9.98347],"direction":[-0.25263,-0.264278,-0.930771],"extended":false,"handId":102,"id":1024,"length":44.1565,"mcpPosition":[46.5641,236.798,33.8714],"pipPosition":[52.6456,248.538,5.93112],"stabilizedTipPosition":[43.2019,234.586,-17.5711],"timeVisible":13.9614,"tipPosition":[38.8077,230.18,-15.7972],"tipVelocity":[-107.457,667.891,38.6831],"tool":false,"touchDistance":-0.287117,"touchZone":"touching","type":4,"width":14.3888}],"r":[[0.874814,-0.298733,0.381391],[0.120265,0.896522,0.426363],[-0.469294,-0.32712,0.820217]],"s":1.59432,"t":[-22.6625,83.0183,-29.5895],"timestamp":1131506964331},{"currentFrameRate":57.6852,"devices":[],"gestures":[],"hands":[{"armBasis":[[0.945719,0.170017,-0.276967],[0.00604189,0.842895,0.538044],[0.32493,-0.510512,0.796114]],"armWidth":56.7046,"confidence":1,"direction":[-0.0323283,0.77922,-0.625916],"elbow":[96.3353,69.2367,276.405],"grabAngle":1.05801,"grabStrength":0.0732781,"id":102,"palmNormal":[-0.0172898,-0.626585,-0.779161],"palmPosition":[7.77097,236.84,42.0435],"palmVelocity":[-288.396,178.862,70.4458],"palmWidth":79.6914,"pinchDistance":69.9149,"pinchStrength":0,"r":[[0.891966,-0.232818,0.387546],[0.0436594,0.897561,0.438723],[-0.449989,-0.374406,0.810759]],"s":1.60199,"sphereCenter":[7.50535,242.012,1.70182],"sphereRadius":48.145,"stabilizedPalmPosition":[8.25421,236.504,41.945],"t":[-26.5752,86.6965,-28.8547],"timeVisible":13.9786,"type":"right","wrist":[19.4981,189.959,88.1451]}],"id":74377,"interactionBox":{"center":[0,200,0],"size":[235.247,235.247,147.751]},"pointables":[{"bases":[[[0.411283,0.718267,0.561194],[-0.783904,-0.035447,0.619869],[0.465124,-0.694864,0.548474]],[[0.139983,0.962574,0.232071],[-0.941307,0.0566639,0.33276],[0.307156,-0.265031,0.91401]],[[0.139983,0.962574,0.232071],[-0.987642,0.119055,0.101927],[0.0704827,-0.243471,0.967344]],[[0.139983,0.962574,0.232071],[-0.977817,0.171271,-0.120579],[-0.155813,-0.210044,0.965196]]],"btipPosition":[-21.3225,216.974,-18.8232],"carpPosition":[-8.98092,193.833,69.7168],"dipPosition":[-24.5103,212.677,0.924111],"direction":[-0.0704826,0.243471,-0.967344],"extended":false,"handId":102,"id":1020,"length":45.5601,"mcpPosition":[-8.98092,193.833,69.7168],"pipPosition":[-22.4095,205.42,29.7571],"stabilizedTipPosition":[-20.462,212.316,-7.19446],"timeVisible":13.9786,"tipPosition":[-22.0327,217.203,-13.261],"tipVelocity":[-112.249,-5.90136,5.62131],"tool":false,"touchDistance":-0.351709,"touchZone":"touching","type":0,"width":18.1457},{"bases":[[[0.979713,0.144996,-0.138343],[-0.0125189,0.733244,0.67985],[0.200014,-0.664326,0.720184]],[[0.982809,0.134271,-0.126719],[0.00533483,0.665418,0.746452],[0.184548,-0.734296,0.653262]],[[0.982809,0.134271,-0.126719],[-0.0770123,0.921942,0.379595],[0.167796,-0.36331,0.916433]],[[0.982809,0.134271,-0.126719],[-0.138308,0.990109,-0.0235735],[0.1223,0.0406944,0.991659]]],"btipPosition":[-27.1198,289.42,-28.1591],"carpPosition":[-1.92871,211.967,76.956],"dipPosition":[-25.2931,290.028,-13.3475],"direction":[-0.167796,0.36331,-0.916433],"extended":true,"handId":102,"id":1021,"length":51.4095,"mcpPosition":[-14.8165,254.773,30.5516],"pipPosition":[-21.7477,282.351,6.01654],"stabilizedTipPosition":[-23.0886,288.852,-25.3637],"timeVisible":13.9786,"tipPosition":[-26.249,281.504,-27.3165],"tipVelocity":[-728.497,47.7255,151.646],"tool":false,"touchDistance":-0.263763,"touchZone":"touching","type":1,"width":17.3328},{"bases":[[[0.985411,-0.0732293,-0.153629],[0.157688,0.732438,0.662321],[0.0640221,-0.676884,0.7333]],[[0.986804,-0.0918941,-0.133319],[0.161434,0.622174,0.766054],[0.0125519,-0.777467,0.628798]],[[0.986804,-0.0918941,-0.133319],[0.140393,0.895799,0.421704],[0.0806751,-0.434856,0.896879]],[[0.986804,-0.0918941,-0.133319],[0.101696,0.992443,0.0686614],[0.126002,-0.0813133,0.988692]]],"btipPosition":[-0.115117,301.217,-33.7192],"carpPosition":[8.40129,214.95,76.1222],"dipPosition":[1.95484,299.881,-17.477],"direction":[-0.0806751,0.434856,-0.896879],"extended":true,"handId":102,"id":1022,"length":58.577,"mcpPosition":[4.48925,256.311,31.3141],"pipPosition":[3.96035,289.071,4.8186],"stabilizedTipPosition":[4.64317,298.026,-30.8973],"timeVisible":13.9786,"tipPosition":[-0.299359,292.207,-33.461],"tipVelocity":[-788.824,389.9,210.338],"tool":false,"touchDistance":0.398018,"touchZone":"hovering","type":2,"width":17.0231},{"bases":[[[0.969383,-0.227045,-0.0935314],[0.229649,0.703384,0.672691],[-0.0869424,-0.673574,0.733988]],[[0.968545,-0.233205,-0.086804],[0.237049,0.758608,0.606895],[-0.0756809,-0.608382,0.790027]],[[0.968545,-0.233205,-0.086804],[0.233928,0.972252,-0.00189121],[0.0848364,-0.0184742,0.996224]],[[0.968545,-0.233205,-0.086804],[0.163559,0.859525,-0.484215],[0.187532,0.454787,0.870632]]],"btipPosition":[21.6385,268.965,-34.9989],"carpPosition":[19.0302,215.23,74.4727],"dipPosition":[24.7016,276.394,-20.7784],"direction":[-0.0848364,0.0184742,-0.996224],"extended":true,"handId":102,"id":1023,"length":56.3233,"mcpPosition":[23.8,252.183,34.2048],"pipPosition":[26.7561,275.946,3.34722],"stabilizedTipPosition":[23.036,269.687,-31.9081],"timeVisible":13.9786,"tipPosition":[20.7365,262.587,-32.1564],"tipVelocity":[-491.144,650.184,127.115],"tool":false,"touchDistance":-0.271594,"touchZone":"touching","type":3,"width":16.1985},{"bases":[[[0.901445,-0.416555,-0.117805],[0.369038,0.597217,0.71214],[-0.22629,-0.68543,0.692083]],[[0.890063,-0.447691,-0.0857955],[0.427904,0.755713,0.495779],[-0.157119,-0.477986,0.864201]],[[0.890063,-0.447691,-0.0857955],[0.415827,0.874537,-0.249545],[0.18675,0.186434,0.964555]],[[0.890063,-0.447691,-0.0857955],[0.278188,0.68258,-0.675793],[0.361109,0.577631,0.732081]]],"btipPosition":[37.0987,247.374,-19.0806],"carpPosition":[29.3843,209.681,70.3036],"dipPosition":[42.54,256.078,-8.04929],"direction":[-0.18675,-0.186434,-0.964555],"extended":false,"handId":102,"id":1024,"length":44.1565,"mcpPosition":[40.8764,244.491,35.1562],"pipPosition":[45.7331,259.266,8.44295],"stabilizedTipPosition":[38.919,247.642,-16.6639],"timeVisible":13.9786,"tipPosition":[34.8064,240.746,-15.0836],"tipVelocity":[-264.313,718.197,53.8253],"tool":false,"touchDistance":-0.279407,"touchZone":"touching","type":4,"width":14.3888}],"r":[[0.891966,-0.232818,0.387546],[0.0436594,0.897561,0.438723],[-0.449989,-0.374406,0.810759]],"s":1.60199,"t":[-26.5752,86.6965,-28.8547],"timestamp":1131506981550},{"currentFrameRate":57.6751,"devices":[],"gestures":[],"hands":[{"armBasis":[[0.923565,0.274547,-0.267677],[-0.0822593,0.823701,0.561025],[0.374514,-0.496125,0.783326]],"armWidth":56.7046,"confidence":1,"direction":[-0.148212,0.780788,-0.606963],"elbow":[108.409,75.0576,272.37],"grabAngle":0.965978,"grabStrength":0.000144956,"id":102,"palmNormal":[0.0375082,-0.608862,-0.792389],"palmPosition":[1.33287,238.398,42.4095],"palmVelocity":[-370.602,89.6653,21.0675],"palmWidth":79.6914,"pinchDistance":69.2733,"pinchStrength":0,"r":[[0.9083,-0.158084,0.3873],[-0.0374949,0.891353,0.451757],[-0.416636,-0.424853,0.803688]],"s":1.61055,"sphereCenter":[-5.98025,245.76,3.89372],"sphereRadius":48.2836,"stabilizedPalmPosition":[1.73402,238.288,42.3826],"t":[-31.7506,89.3144,-28.3042],"timeVisible":13.996,"type":"right","wrist":[19.8469,192.378,87.1343]}],"id":74378,"interactionBox":{"center":[0,200,0],"size":[235.247,235.247,147.751]},"pointables":[{"bases":[[[0.335197,0.753359,0.565768],[-0.754265,-0.145261,0.6403],[0.564559,-0.641366,0.519541]],[[0.0291154,0.96686,0.253643],[-0.945644,-0.0555812,0.320419],[0.323898,-0.249185,0.912687]],[[0.0291154,0.96686,0.253643],[-0.994267,0.00189413,0.106911],[0.102887,-0.255301,0.961372]],[[0.0291154,0.96686,0.253643],[-0.990931,0.0612196,-0.119615],[-0.131179,-0.24786,0.959874]]],"btipPosition":[-23.6207,216.685,-18.6427],"carpPosition":[-9.07729,193.11,69.5526],"dipPosition":[-26.3045,211.614,0.995716],"direction":[-0.102887,0.255301,-0.961372],"extended":false,"handId":102,"id":1020,"length":45.5601,"mcpPosition":[-9.07729,193.11,69.5526],"pipPosition":[-23.2378,204.004,29.6507],"stabilizedTipPosition":[-21.704,213.369,-9.47439],"timeVisible":13.996,"tipPosition":[-26.8599,216.104,-12.7821],"tipVelocity":[-125.619,-26.8732,8.9485],"tool":false,"touchDistance":-0.34254,"touchZone":"touching","type":0,"width":18.1457},{"bases":[[[0.94933,0.269313,-0.162],[-0.0833808,0.712812,0.696382],[0.30302,-0.647588,0.699149]],[[0.950039,0.267791,-0.160357],[-0.0591192,0.658827,0.749968],[0.306483,-0.703018,0.641743]],[[0.950039,0.267791,-0.160357],[-0.176286,0.884304,0.432353],[0.257585,-0.382484,0.887331]],[[0.950039,0.267791,-0.160357],[-0.269508,0.962931,0.0113619],[0.157455,0.0324232,0.986994]]],"btipPosition":[-42.9579,287.573,-25.6389],"carpPosition":[-4.12784,211.845,77.0036],"dipPosition":[-40.6062,288.057,-10.8969],"direction":[-0.257585,0.382484,-0.887331],"extended":true,"handId":102,"id":1021,"length":51.4095,"mcpPosition":[-23.6527,253.572,31.9546],"pipPosition":[-35.1634,279.976,7.85217],"stabilizedTipPosition":[-39.3734,287.868,-22.7388],"timeVisible":13.996,"tipPosition":[-40.2188,280.243,-24.7888],"tipVelocity":[-904.75,-107.951,144.152],"tool":false,"touchDistance":-0.271053,"touchZone":"touching","type":1,"width":17.3328},{"bases":[[[0.981752,0.0538561,-0.182379],[0.084988,0.733689,0.674149],[0.170117,-0.677347,0.715724]],[[0.983798,0.0454019,-0.173436],[0.10575,0.634227,0.765881],[0.14477,-0.771813,0.61915]],[[0.983798,0.0454019,-0.173436],[0.0410106,0.88476,0.464239],[0.174527,-0.46383,0.868563]],[[0.983798,0.0454019,-0.173436],[-0.0185653,0.988001,0.153328],[0.178317,-0.147624,0.972836]]],"btipPosition":[-18.0438,303.981,-31.4435],"carpPosition":[5.71923,216.115,75.9529],"dipPosition":[-15.1144,301.556,-15.4618],"direction":[-0.174527,0.46383,-0.868563],"extended":true,"handId":102,"id":1022,"length":58.577,"mcpPosition":[-4.67569,257.504,32.2188],"pipPosition":[-10.7758,290.026,6.12987],"stabilizedTipPosition":[-13.6433,302.51,-28.2976],"timeVisible":13.996,"tipPosition":[-16.0075,294.682,-31.2005],"tipVelocity":[-1020.67,144.713,127.546],"tool":false,"touchDistance":0.424785,"touchZone":"hovering","type":2,"width":17.0231},{"bases":[[[0.986867,-0.101871,-0.125364],[0.160292,0.713696,0.681868],[0.0200095,-0.693008,0.720652]],[[0.986892,-0.102789,-0.12441],[0.159474,0.739298,0.654222],[0.0247294,-0.665487,0.746]],[[0.986892,-0.102789,-0.12441],[0.120771,0.981753,0.146889],[0.107041,-0.159988,0.981298]],[[0.986892,-0.102789,-0.12441],[0.0594051,0.948172,-0.312154],[0.150048,0.300672,0.94185]]],"btipPosition":[9.06873,280.733,-33.8045],"carpPosition":[16.1754,217.757,74.0175],"dipPosition":[11.5195,285.644,-18.4208],"direction":[-0.107041,0.159988,-0.981298],"extended":true,"handId":102,"id":1023,"length":56.3233,"mcpPosition":[15.0777,255.776,34.4813],"pipPosition":[14.1118,281.77,5.34338],"stabilizedTipPosition":[10.3303,281.229,-30.3518],"timeVisible":13.996,"tipPosition":[9.03073,271.866,-31.1063],"tipVelocity":[-731.671,644.068,84.1532],"tool":false,"touchDistance":-0.27868,"touchZone":"touching","type":3,"width":16.1985},{"bases":[[[0.942408,-0.297908,-0.152044],[0.312969,0.625115,0.71504],[-0.117971,-0.721444,0.682349]],[[0.934898,-0.335444,-0.115941],[0.339035,0.747445,0.571298],[-0.104979,-0.573414,0.812512]],[[0.934898,-0.335444,-0.115941],[0.328388,0.941484,-0.0759501],[0.134634,0.0329319,0.990348]],[[0.934898,-0.335444,-0.115941],[0.213353,0.792229,-0.571712],[0.283629,0.509756,0.812221]]],"btipPosition":[29.6706,259.75,-19.5011],"carpPosition":[27.0103,213.631,69.4397],"dipPosition":[33.9444,267.431,-7.2622],"direction":[-0.134634,-0.0329319,-0.990348],"extended":true,"handId":102,"id":1024,"length":44.1565,"mcpPosition":[33.0014,250.269,34.7866],"pipPosition":[36.2464,267.994,9.67106],"stabilizedTipPosition":[31.2912,260.446,-16.6844],"timeVisible":13.996,"tipPosition":[27.3923,251.319,-15.7555],"tipVelocity":[-443.046,698.842,-8.21669],"tool":false,"touchDistance":-0.282912,"touchZone":"touching","type":4,"width":14.3888}],"r":[[0.9083,-0.158084,0.3873],[-0.0374949,0.891353,0.451757],[-0.416636,-0.424853,0.803688]],"s":1.61055,"t":[-31.7506,89.3144,-28.3042],"timestamp":1131506998922},{"currentFrameRate":57.6827,"devices":[],"gestures":[],"hands":[{"armBasis":[[0.889219,0.395875,-0.229284],[-0.192773,0.778761,0.596967],[0.414882,-0.486635,0.768804]],"armWidth":56.7046,"confidence":1,"direction":[-0.247609,0.774126,-0.582596],"elbow":[117.453,79.8086,266.157],"grabAngle":0.856119,"grabStrength":0,"id":102,"palmNormal":[0.123599,-0.571169,-0.811473],"palmPosition":[-4.69755,239.661,41.0161],"palmVelocity":[-348.358,73.0098,-80.4927],"palmWidth":79.6914,"pinchDistance":66.2749,"pinchStrength":0,"r":[[0.918193,-0.0754395,0.388883],[-0.126166,0.874885,0.467609],[-0.375505,-0.47842,0.793795]],"s":1.61775,"sphereCenter":[-19.8182,244.059,1.9394],"sphereRadius":50.4468,"stabilizedPalmPosition":[-4.38521,239.595,41.0825],"t":[-37.3535,91.2553,-28.7257],"timeVisible":14.0133,"type":"right","wrist":[19.3443,194.885,84.3561]}],"id":74379,"interactionBox":{"center":[0,200,0],"size":[235.247,235.247,147.751]},"pointables":[{"bases":[[[0.227814,0.771755,0.593712],[-0.732004,-0.266337,0.627085],[0.642084,-0.577459,0.504252]],[[-0.0993794,0.952319,0.288465],[-0.946641,-0.179805,0.26747],[0.306584,-0.246492,0.919374]],[[-0.0993794,0.952319,0.288465],[-0.987421,-0.130211,0.0896941],[0.122979,-0.275922,0.95328]],[[-0.0993794,0.952319,0.288465],[-0.986152,-0.0555796,-0.156254],[-0.132771,-0.299998,0.944655]]],"btipPosition":[-23.4736,217.634,-21.3879],"carpPosition":[-9.12089,192.495,66.5472],"dipPosition":[-26.19,211.496,-2.06083],"direction":[-0.122979,0.275922,-0.95328],"extended":false,"handId":102,"id":1020,"length":45.5601,"mcpPosition":[-9.12089,192.495,66.5472],"pipPosition":[-22.5245,203.272,26.353],"stabilizedTipPosition":[-22.1254,213.871,-10.7886],"timeVisible":14.0133,"tipPosition":[-28.4989,215.77,-15.4498],"tipVelocity":[8.06332,40.6211,-162.717],"tool":false,"touchDistance":-0.378871,"touchZone":"touching","type":0,"width":18.1457},{"bases":[[[0.905728,0.399039,-0.142915],[-0.182374,0.671256,0.718439],[0.382618,-0.624646,0.68075]],[[0.898185,0.411005,-0.15601],[-0.191578,0.685344,0.702568],[0.39568,-0.601148,0.694305]],[[0.898185,0.411005,-0.15601],[-0.317002,0.851387,0.41791],[0.304589,-0.325905,0.894993]],[[0.898185,0.411005,-0.15601],[-0.417482,0.908633,-0.00976606],[0.137742,0.0739033,0.987707]]],"btipPosition":[-54.7779,280.068,-28.9428],"carpPosition":[-6.77014,211.46,74.6609],"dipPosition":[-52.7205,281.172,-14.1901],"direction":[-0.304589,0.325905,-0.894993],"extended":true,"handId":102,"id":1021,"length":51.4095,"mcpPosition":[-31.4238,251.708,30.7973],"pipPosition":[-46.2846,274.286,4.72083],"stabilizedTipPosition":[-52.459,281.255,-25.2022],"timeVisible":14.0133,"tipPosition":[-51.9718,278.536,-25.3095],"tipVelocity":[-686.711,-425.291,-190.713],"tool":false,"touchDistance":-0.321803,"touchZone":"touching","type":1,"width":17.3328},{"bases":[[[0.966824,0.19066,-0.169998],[-0.0181802,0.715178,0.698706],[0.254794,-0.672436,0.694918]],[[0.964185,0.197485,-0.177052],[0.0134674,0.630226,0.776295],[0.264889,-0.750877,0.604994]],[[0.964185,0.197485,-0.177052],[-0.0761604,0.845572,0.528401],[0.254062,-0.495992,0.830328]],[[0.964185,0.197485,-0.177052],[-0.150818,0.957336,0.246498],[0.218178,-0.210967,0.952833]]],"btipPosition":[-34.2075,305.564,-30.3934],"carpPosition":[2.42312,217.04,73.8561],"dipPosition":[-30.6233,302.098,-14.7403],"direction":[-0.254062,0.495992,-0.830328],"extended":true,"handId":102,"id":1022,"length":58.577,"mcpPosition":[-13.146,258.129,31.3934],"pipPosition":[-24.3075,289.768,5.90093],"stabilizedTipPosition":[-31.0665,304.502,-26.9697],"timeVisible":14.0133,"tipPosition":[-29.5128,296.741,-30.3766],"tipVelocity":[-925.024,77.5926,56.2982],"tool":false,"touchDistance":0.430259,"touchZone":"hovering","type":2,"width":17.0231},{"bases":[[[0.992383,0.035168,-0.118067],[0.0590731,0.705172,0.706571],[0.108106,-0.708164,0.697723]],[[0.98958,0.0517388,-0.13437],[0.0575253,0.713436,0.698355],[0.131997,-0.698807,0.703026]],[[0.98958,0.0517388,-0.13437],[-0.0108993,0.95745,0.288394],[0.143574,-0.283924,0.948037]],[[0.98958,0.0517388,-0.13437],[-0.0651705,0.993093,-0.0975665],[0.128394,0.105307,0.986116]]],"btipPosition":[-4.08331,291.43,-32.7155],"carpPosition":[12.5773,220.128,72.0876],"dipPosition":[-1.98618,293.15,-16.6087],"direction":[-0.143574,0.283924,-0.948037],"extended":true,"handId":102,"id":1023,"length":56.3233,"mcpPosition":[6.64641,258.979,33.8093],"pipPosition":[1.49077,286.274,6.34995],"stabilizedTipPosition":[-3.10344,291.447,-29.0588],"timeVisible":14.0133,"tipPosition":[-1.84188,280.965,-30.5991],"tipVelocity":[-764.45,575.514,72.5166],"tool":false,"touchDistance":-0.279602,"touchZone":"touching","type":3,"width":16.1985},{"bases":[[[0.974731,-0.164032,-0.151632],[0.222023,0.636704,0.738454],[-0.0245857,-0.75346,0.657034]],[[0.972714,-0.196933,-0.122658],[0.229235,0.734312,0.638935],[-0.0357581,-0.649618,0.759419]],[[0.972714,-0.196933,-0.122658],[0.21073,0.971107,0.111999],[0.0970575,-0.134791,0.986109]],[[0.972714,-0.196933,-0.122658],[0.148355,0.934431,-0.323773],[0.178377,0.296742,0.93815]]],"btipPosition":[21.9017,273.822,-20.3458],"carpPosition":[23.8952,217.644,67.4932],"dipPosition":[24.5896,278.293,-6.20938],"direction":[-0.0970575,0.134791,-0.986109],"extended":true,"handId":102,"id":1024,"length":44.1565,"mcpPosition":[25.1438,255.908,34.1258],"pipPosition":[26.2491,275.989,10.6514],"stabilizedTipPosition":[22.975,274.103,-17.0732],"timeVisible":14.0133,"tipPosition":[20.6379,263.304,-16.6291],"tipVelocity":[-469.853,770.259,-23.5862],"tool":false,"touchDistance":-0.289078,"touchZone":"touching","type":4,"width":14.3888}],"r":[[0.918193,-0.0754395,0.388883],[-0.126166,0.874885,0.467609],[-0.375505,-0.47842,0.793795]],"s":1.61775,"t":[-37.3535,91.2553,-28.7257],"timestamp":1131507016233},{"currentFrameRate":57.6899,"devices":[],"gestures":[],"hands":[{"armBasis":[[0.848106,0.494936,-0.189092],[-0.285456,0.72751,0.623894],[0.446354,-0.475151,0.758288]],"armWidth":56.7046,"confidence":1,"direction":[-0.341833,0.720569,-0.603267],"elbow":[125.273,87.7784,262.797],"grabAngle":0.703986,"grabStrength":0,"id":102,"palmNormal":[0.207921,-0.568038,-0.796305],"palmPosition":[-9.32207,240.861,39.1994],"palmVelocity":[-267.159,69.2998,-104.953],"palmWidth":79.6914,"pinchDistance":65.7662,"pinchStrength":0,"r":[[0.919237,0.0175437,0.393313],[-0.219616,0.851986,0.475277],[-0.326759,-0.523271,0.78703]],"s":1.63513,"sphereCenter":[-34.7418,245.531,5.34495],"sphereRadius":52.2782,"stabilizedPalmPosition":[-9.03664,240.788,39.3082],"t":[-42.4672,92.8256,-29.8448],"timeVisible":14.0306,"type":"right","wrist":[19.7224,200.139,83.4822]}],"id":74380,"interactionBox":{"center":[0,200,0],"size":[235.247,235.247,147.751]},"pointables":[{"bases":[[[0.116112,0.808682,0.576673],[-0.69715,-0.347193,0.627247],[0.70746,-0.474858,0.523459]],[[-0.232846,0.937135,0.259926],[-0.930339,-0.2925,0.221165],[0.283289,-0.190322,0.93996]],[[-0.232846,0.937135,0.259926],[-0.963483,-0.25863,0.069357],[0.132221,-0.234285,0.963135]],[[-0.232846,0.937135,0.259926],[-0.965144,-0.189833,-0.18017],[-0.119501,-0.292818,0.948671]]],"btipPosition":[-21.596,215.42,-23.3804],"carpPosition":[-7.71467,194.125,65.8306],"dipPosition":[-24.0409,209.429,-3.97113],"direction":[-0.132221,0.234285,-0.963135],"extended":false,"handId":102,"id":1020,"length":45.5601,"mcpPosition":[-7.71467,194.125,65.8306],"pipPosition":[-20.0998,202.446,24.7364],"stabilizedTipPosition":[-22.1339,213.915,-12.8955],"timeVisible":14.0306,"tipPosition":[-27.9934,212.924,-17.1872],"tipVelocity":[112.079,-125.939,-114.014],"tool":false,"touchDistance":-0.398921,"touchZone":"touching","type":0,"width":18.1457},{"bases":[[[0.846066,0.512976,-0.145013],[-0.278435,0.657221,0.700381],[0.454584,-0.552192,0.698883]],[[0.826185,0.53576,-0.174297],[-0.309529,0.690131,0.654149],[0.470754,-0.486498,0.736009]],[[0.826185,0.53576,-0.174297],[-0.455736,0.817409,0.352344],[0.331243,-0.211668,0.919497]],[[0.826185,0.53576,-0.174297],[-0.555238,0.826738,-0.0906306],[0.0955414,0.171654,0.980514]]],"btipPosition":[-63.4025,269.175,-33.248],"carpPosition":[-8.00516,213.415,73.5006],"dipPosition":[-61.9754,271.739,-18.6028],"direction":[-0.331243,0.211668,-0.919497],"extended":true,"handId":102,"id":1021,"length":51.4095,"mcpPosition":[-37.2959,248.995,28.4687],"pipPosition":[-54.9763,267.267,0.825902],"stabilizedTipPosition":[-61.9214,271.013,-29.3716],"timeVisible":14.0306,"tipPosition":[-61.0688,271.201,-28.7199],"tipVelocity":[-506.618,-609.898,-250.142],"tool":false,"touchDistance":-0.382905,"touchZone":"touching","type":1,"width":17.3328},{"bases":[[[0.93469,0.314049,-0.166517],[-0.121341,0.722202,0.680956],[0.334113,-0.616277,0.713141]],[[0.92262,0.335101,-0.190994],[-0.0732744,0.638435,0.76618],[0.378685,-0.692898,0.613588]],[[0.92262,0.335101,-0.190994],[-0.177104,0.807942,0.562018],[0.342645,-0.484704,0.804771]],[[0.92262,0.335101,-0.190994],[-0.268168,0.913209,0.306815],[0.277232,-0.231856,0.932408]]],"btipPosition":[-49.0733,302.864,-32.117],"carpPosition":[0.371257,220.152,72.6372],"dipPosition":[-44.519,299.055,-16.7995],"direction":[-0.342645,0.484704,-0.804771],"extended":true,"handId":102,"id":1022,"length":58.577,"mcpPosition":[-20.0446,257.809,29.061],"pipPosition":[-36.0011,287.006,3.20639],"stabilizedTipPosition":[-46.6228,302.196,-28.4596],"timeVisible":14.0306,"tipPosition":[-42.1751,294.382,-32.7214],"tipVelocity":[-845.909,-160.518,-104.035],"tool":false,"touchDistance":0.393553,"touchZone":"hovering","type":2,"width":17.0231},{"bases":[[[0.98014,0.164594,-0.110614],[-0.0435389,0.72278,0.689706],[0.193471,-0.671192,0.715591]],[[0.970092,0.195601,-0.143742],[-0.0302375,0.684935,0.727976],[0.240847,-0.701857,0.670365]],[[0.970092,0.195601,-0.143742],[-0.115592,0.892969,0.435024],[0.213449,-0.405398,0.888871]],[[0.970092,0.195601,-0.143742],[-0.178202,0.975968,0.125421],[0.164821,-0.0960546,0.981635]]],"btipPosition":[-17.8395,300.15,-32.1228],"carpPosition":[10.043,224.527,70.8789],"dipPosition":[-15.1474,298.581,-16.0892],"direction":[-0.213449,0.405398,-0.888871],"extended":true,"handId":102,"id":1023,"length":56.3233,"mcpPosition":[-0.571104,261.35,31.6204],"pipPosition":[-9.97834,288.763,5.43668],"stabilizedTipPosition":[-16.8876,299.592,-28.4497],"timeVisible":14.0306,"tipPosition":[-13.7541,288.746,-31.2641],"tipVelocity":[-786.793,460.062,33.2699],"tool":false,"touchDistance":-0.280812,"touchZone":"touching","type":3,"width":16.1985},{"bases":[[[0.989574,-0.0358973,-0.139477],[0.126703,0.677425,0.724598],[0.068474,-0.734716,0.67491]],[[0.991244,-0.0590911,-0.118085],[0.124851,0.710568,0.692463],[0.0429891,-0.701143,0.711724]],[[0.991244,-0.0590911,-0.118085],[0.0934623,0.9457,0.311312],[0.0932773,-0.319623,0.942942]],[[0.991244,-0.0590911,-0.118085],[0.0569258,0.998144,-0.0216292],[0.119144,0.0147177,0.992768]]],"btipPosition":[13.4466,287.699,-20.9168],"carpPosition":[21.6431,223.471,66.4407],"dipPosition":[15.242,287.921,-5.9574],"direction":[-0.0932773,0.319623,-0.942942],"extended":true,"handId":102,"id":1024,"length":44.1565,"mcpPosition":[18.1657,260.783,32.1654],"pipPosition":[16.8368,282.456,10.1653],"stabilizedTipPosition":[14.172,287.283,-17.4623],"timeVisible":14.0306,"tipPosition":[13.5394,275.536,-18.2258],"tipVelocity":[-500.