{"frames":75,"data":[{"currentFrameRate":57.6493,"devices":[],"gestures":[],"hands":[{"armBasis":[[0.745421,-0.482501,-0.459934],[0.665908,0.570295,0.480969],[0.03023,-0.664798,0.746411]],"armWidth":56.7046,"confidence":1,"direction":[0.483304,0.405989,-0.775623],"elbow":[70.2323,9.56439,275.085],"grabAngle":1.33191,"grabStrength":0.379805,"id":102,"palmNormal":[-0.588404,-0.505371,-0.631174],"palmPosition":[83.8624,199.72,44.4392],"palmVelocity":[-18.4104,7.35342,4.93288],"palmWidth":79.6914,"pinchDistance":63.5586,"pinchStrength":0,"r":[[0.706718,-0.592576,0.386527],[0.493055,0.804325,0.3316],[-0.507391,-0.0437681,0.860603]],"s":1.47989,"sphereCenter":[79.5011,162.51,-5.33224],"sphereRadius":63.3523,"stabilizedPalmPosition":[74.6537,207.752,34.0626],"t":[45.9011,53.153,-25.7811],"timeVisible":7.59615,"type":"right","wrist":[63.0837,166.771,98.5791]}],"id":74010,"interactionBox":{"center":[0,200,0],"size":[235.247,235.247,147.751]},"pointables":[{"bases":[[[0.881437,0.224843,0.415348],[-0.447163,0.680359,0.580652],[-0.15203,-0.697537,0.700235]],[[0.848323,0.528374,0.0341944],[-0.491626,0.762052,0.421402],[0.1966,-0.374296,0.906229]],[[0.848323,0.528374,0.0341944],[-0.526472,0.834871,0.160679],[0.0563508,-0.15431,0.986414]],[[0.848323,0.528374,0.0341944],[-0.525652,0.848184,-0.0653784],[-0.0635473,0.0374877,0.997274]]],"btipPosition":[35.385,210.558,-9.65832],"carpPosition":[44.3596,190.362,79.7663],"dipPosition":[34.0848,211.325,10.7453],"direction":[-0.0563508,0.15431,-0.986414],"extended":false,"handId":102,"id":1020,"length":45.5601,"mcpPosition":[44.3596,190.362,79.7663],"pipPosition":[35.7644,206.726,40.1467],"stabilizedTipPosition":[32.9778,211.957,-6.47147],"timeVisible":7.59615,"tipPosition":[35.4557,211.152,-4.65678],"tipVelocity":[-21.9274,7.57583,6.41275],"tool":false,"touchDistance":-0.199769,"touchZone":"touching","type":0,"width":18.1457},{"bases":[[[0.720172,-0.682453,-0.124942],[0.636425,0.578114,0.510634],[-0.276253,-0.447261,0.850671]],[[0.702409,-0.70792,-0.0739704],[0.643298,0.586921,0.491621],[-0.304613,-0.392904,0.867662]],[[0.702409,-0.70792,-0.0739704],[0.699544,0.705784,-0.111838],[0.131379,0.0268105,0.99097]],[[0.702409,-0.70792,-0.0739704],[0.566042,0.618576,-0.544941],[0.431531,0.340901,0.835205]]],"btipPosition":[83.5638,235.36,-37.4692],"carpPosition":[63.5446,197.443,83.3443],"dipPosition":[90.0093,240.452,-24.9944],"direction":[-0.13138,-0.0268105,-0.99097],"extended":true,"handId":102,"id":1021,"length":51.4095,"mcpPosition":[81.3447,226.262,28.532],"pipPosition":[92.7853,241.018,-4.05542],"stabilizedTipPosition":[81.6709,242.403,-36.6517],"timeVisible":7.59615,"tipPosition":[85.3365,237.947,-35.127],"tipVelocity":[-20.4959,2.65684,2.72403],"tool":false,"touchDistance":-0.213656,"touchZone":"touching","type":1,"width":17.3328},{"bases":[[[0.557111,-0.825093,-0.0940724],[0.742797,0.444455,0.500713],[-0.371323,-0.348829,0.860487]],[[0.525763,-0.850257,-0.0252321],[0.75889,0.455453,0.465455],[-0.384264,-0.263867,0.884712]],[[0.525763,-0.850257,-0.0252321],[0.834648,0.52138,-0.177557],[0.164125,0.0722931,0.983787]],[[0.525763,-0.850257,-0.0252321],[0.633882,0.411402,-0.654937],[0.567245,0.328347,0.755262]]],"btipPosition":[97.8015,216.497,-44.3883],"carpPosition":[72.319,191.255,82.3338],"dipPosition":[107.12,221.891,-31.9809],"direction":[-0.164125,-0.0722931,-0.983787],"extended":true,"handId":102,"id":1022,"length":58.577,"mcpPosition":[95.0085,212.57,29.7541],"pipPosition":[111.2,223.688,-7.52481],"stabilizedTipPosition":[100.825,221.068,-42.3319],"timeVisible":7.59615,"tipPosition":[100.828,218.976,-42.1567],"tipVelocity":[-24.9158,-1.13747,4.89987],"tool":false,"touchDistance":-0.18537,"touchZone":"touching","type":2,"width":17.0231},{"bases":[[[0.438804,-0.898574,-0.00389569],[0.768486,0.373024,0.519887],[-0.465704,-0.231122,0.854226]],[[0.41361,-0.909521,0.0411998],[0.837667,0.397883,0.37417],[-0.356708,-0.120249,0.926444]],[[0.41361,-0.909521,0.0411998],[0.85707,0.373692,-0.354662],[0.307177,0.182003,0.934086]],[[0.41361,-0.909521,0.0411998],[0.579599,0.228138,-0.782316],[0.702134,0.347453,0.621518]]],"btipPosition":[99.7111,190.316,-34.7195],"carpPosition":[79.1364,183.022,81.1031],"dipPosition":[111.179,195.991,-24.5679],"direction":[-0.307177,-0.182003,-0.934086],"extended":true,"handId":102,"id":1023,"length":56.3233,"mcpPosition":[104.686,195.702,34.2388],"pipPosition":[118.618,200.398,-1.94706],"stabilizedTipPosition":[103.166,194.744,-33.3315],"timeVisible":7.59615,"tipPosition":[101.288,191.364,-32.3056],"tipVelocity":[-30.6597,-2.38281,8.5589],"tool":false,"touchDistance":-0.162348,"touchZone":"touching","type":3,"width":16.1985},{"bases":[[[0.248906,-0.968484,0.00915133],[0.783198,0.206827,0.586365],[-0.569778,-0.138783,0.809995]],[[0.184546,-0.977882,0.0984313],[0.912783,0.207663,0.351714],[-0.364376,0.024939,0.930918]],[[0.184546,-0.977882,0.0984313],[0.9113,0.132748,-0.389757],[0.368069,0.161628,0.915642]],[[0.184546,-0.977882,0.0984313],[0.628001,0.0402884,-0.777169],[0.756014,0.205238,0.621547]]],"btipPosition":[103.555,171.378,-16.3163],"carpPosition":[81.041,170.957,78.6164],"dipPosition":[114.947,174.47,-6.95063],"direction":[-0.368069,-0.161628,-0.915642],"extended":false,"handId":102,"id":1024,"length":44.1565,"mcpPosition":[109.977,178.005,37.4809],"pipPosition":[121.24,177.234,8.70529],"stabilizedTipPosition":[104.544,176.288,-16.543],"timeVisible":7.59615,"tipPosition":[102.986,171.891,-13.2175],"tipVelocity":[-33.1729,2.55975,10.1847],"tool":false,"touchDistance":-0.144074,"touchZone":"touching","type":4,"width":14.3888}],"r":[[0.706718,-0.592576,0.386527],[0.493055,0.804325,0.3316],[-0.507391,-0.0437681,0.860603]],"s":1.47989,"t":[45.9011,53.153,-25.7811],"timestamp":1131500599055},{"currentFrameRate":57.6709,"devices":[],"gestures":[],"hands":[{"armBasis":[[0.745045,-0.482017,-0.461051],[0.666319,0.569398,0.481461],[0.0304486,-0.665917,0.745404]],"armWidth":56.7046,"confidence":1,"direction":[0.483198,0.405299,-0.776049],"elbow":[69.9877,9.52701,274.953],"grabAngle":1.3357,"grabStrength":0.379882,"id":102,"palmNormal":[-0.589306,-0.504973,-0.630651],"palmPosition":[83.5602,199.926,44.532],"palmVelocity":[-17.502,11.9404,5.37515],"palmWidth":79.6914,"pinchDistance":63.5885,"pinchStrength":0,"r":[[0.70636,-0.593033,0.386482],[0.493861,0.804028,0.331118],[-0.507106,-0.0430201,0.860809]],"s":1.47934,"sphereCenter":[79.0626,162.932,-5.17794],"sphereRadius":63.1878,"stabilizedPalmPosition":[74.72,207.693,34.1406],"t":[45.6013,53.3069,-25.7062],"timeVisible":7.61342,"type":"right","wrist":[62.7874,166.998,98.6854]}],"id":74011,"interactionBox":{"center":[0,200,0],"size":[235.247,235.247,147.751]},"pointables":[{"bases":[[[0.881925,0.224097,0.414715],[-0.446122,0.680958,0.58075],[-0.152259,-0.697192,0.700529]],[[0.848839,0.527593,0.0334351],[-0.490434,0.762287,0.422366],[0.19735,-0.374918,0.905809]],[[0.848839,0.527593,0.0334351],[-0.525538,0.835298,0.161512],[0.0572842,-0.154669,0.986304]],[[0.848839,0.527593,0.0334351],[-0.524954,0.848682,-0.0645169],[-0.0624145,0.0372126,0.997356]]],"btipPosition":[35.0127,210.856,-9.51736],"carpPosition":[44.0711,190.617,79.8873],"dipPosition":[33.7357,211.618,10.888],"direction":[-0.0572842,0.154669,-0.986304],"extended":false,"handId":102,"id":1020,"length":45.5601,"mcpPosition":[44.0711,190.617,79.8873],"pipPosition":[35.4431,207.008,40.2861],"stabilizedTipPosition":[33.0372,211.925,-6.41525],"timeVisible":7.61342,"tipPosition":[35.1309,211.39,-4.53728],"tipVelocity":[-21.2504,17.1949,8.18564],"tool":false,"touchDistance":-0.197413,"touchZone":"touching","type":0,"width":18.1457},{"bases":[[[0.719424,-0.683191,-0.125216],[0.637319,0.577635,0.51006],[-0.276139,-0.446752,0.850975]],[[0.701827,-0.708426,-0.0746504],[0.644026,0.586236,0.491485],[-0.304418,-0.393014,0.867681]],[[0.701827,-0.708426,-0.0746504],[0.700012,0.705293,-0.112004],[0.131997,0.0263512,0.9909]],[[0.701827,-0.708426,-0.0746504],[0.565962,0.618171,-0.545483],[0.432581,0.340585,0.834791]]],"btipPosition":[83.2412,235.583,-37.3752],"carpPosition":[63.2653,197.68,83.4509],"dipPosition":[89.7023,240.67,-24.9066],"direction":[-0.131997,-0.0263512,-0.9909],"extended":true,"handId":102,"id":1021,"length":51.4095,"mcpPosition":[81.0581,226.466,28.619],"pipPosition":[92.4914,241.226,-3.96911],"stabilizedTipPosition":[81.768,242.224,-36.5835],"timeVisible":7.61342,"tipPosition":[85.0194,238.126,-35.0444],"tipVelocity":[-18.4753,12.8367,5.35976],"tool":false,"touchDistance":-0.212114,"touchZone":"touching","type":1,"width":17.3328},{"bases":[[[0.556243,-0.825663,-0.094201],[0.743554,0.443869,0.500107],[-0.371107,-0.348225,0.860824]],[[0.525067,-0.850674,-0.025651],[0.759666,0.45488,0.46475],[-0.383682,-0.263511,0.88507]],[[0.525067,-0.850674,-0.025651],[0.834712,0.520626,-0.179455],[0.166013,0.0728149,0.983432]],[[0.525067,-0.850674,-0.025651],[0.63215,0.410012,-0.657477],[0.569816,0.329005,0.753038]]],"btipPosition":[97.3887,216.65,-44.276],"carpPosition":[72.033,191.483,82.4364],"dipPosition":[106.75,222.054,-31.9051],"direction":[-0.166013,-0.0728149,-0.983432],"extended":true,"handId":102,"id":1022,"length":58.577,"mcpPosition":[94.7094,212.761,29.8361],"pipPosition":[110.876,223.864,-7.45792],"stabilizedTipPosition":[100.77,220.932,-42.2932],"timeVisible":7.61342,"tipPosition":[100.484,219.136,-42.0772],"tipVelocity":[-23.3468,8.96918,6.01497],"tool":false,"touchDistance":-0.183639,"touchZone":"touching","type":2,"width":17.0231},{"bases":[[[0.437923,-0.899004,-0.00392719],[0.769186,0.372418,0.519286],[-0.465377,-0.230428,0.854592]],[[0.412845,-0.909877,0.0410177],[0.838881,0.397399,0.371958],[-0.354737,-0.119152,0.927343]],[[0.412845,-0.909877,0.0410177],[0.855964,0.372205,-0.358873],[0.311263,0.183269,0.932485]],[[0.412845,-0.909877,0.0410177],[0.575525,0.225703,-0.786021],[0.705925,0.348112,0.616838]]],"btipPosition":[99.1604,190.414,-34.5589],"carpPosition":[78.8416,183.243,81.2037],"dipPosition":[110.691,196.1,-24.4837],"direction":[-0.311263,-0.183269,-0.932485],"extended":true,"handId":102,"id":1023,"length":56.3233,"mcpPosition":[104.373,195.885,34.3193],"pipPosition":[118.229,200.538,-1.90167],"stabilizedTipPosition":[103.095,194.585,-33.2742],"timeVisible":7.61342,"tipPosition":[100.939,191.535,-32.222],"tipVelocity":[-31.0639,5.86162,8.28318],"tool":false,"touchDistance":-0.159964,"touchZone":"touching","type":3,"width":16.1985},{"bases":[[[0.247966,-0.968725,0.00926225],[0.783778,0.206226,0.585801],[-0.56939,-0.137999,0.810402]],[[0.183885,-0.978023,0.0982736],[0.914567,0.206873,0.34752],[-0.360212,0.0259743,0.932509]],[[0.183885,-0.978023,0.0982736],[0.908894,0.131108,-0.395881],[0.374296,0.162117,0.913028]],[[0.183885,-0.978023,0.0982736],[0.622003,0.0383625,-0.782075],[0.761117,0.204938,0.615387]]],"btipPosition":[102.915,171.521,-16.146],"carpPosition":[80.7328,171.175,78.7191],"dipPosition":[114.384,174.609,-6.87307],"direction":[-0.374296,-0.162117,-0.913028],"extended":false,"handId":102,"id":1024,"length":44.1565,"mcpPosition":[109.649,178.184,37.5629],"pipPosition":[120.784,177.381,8.73815],"stabilizedTipPosition":[104.607,176.036,-16.3856],"timeVisible":7.61342,"tipPosition":[102.671,172.065,-13.1445],"tipVelocity":[-36.039,8.21524,8.62985],"tool":false,"touchDistance":-0.14159,"touchZone":"touching","type":4,"width":14.3888}],"r":[[0.70636,-0.593033,0.386482],[0.493861,0.804028,0.331118],[-0.507106,-0.0430201,0.860809]],"s":1.47934,"t":[45.6013,53.3069,-25.7062],"timestamp":1131500616323},{"currentFrameRate":57.6451,"devices":[],"gestures":[],"hands":[{"armBasis":[[0.743806,-0.482417,-0.462629],[0.667686,0.568154,0.481037],[0.0307839,-0.666689,0.7447]],"armWidth":56.7046,"confidence":1,"direction":[0.483541,0.405438,-0.775762],"elbow":[69.7536,9.53248,274.839],"grabAngle":1.34008,"grabStrength":0.381438,"id":102,"palmNormal":[-0.590277,-0.503386,-0.631012],"palmPosition":[83.2678,200.144,44.6116],"palmVelocity":[-16.7744,12.4923,4.5651],"palmWidth":79.6914,"pinchDistance":63.6071,"pinchStrength":0,"r":[[0.705921,-0.593695,0.386265],[0.49477,0.803569,0.330878],[-0.506831,-0.0424616,0.860999]],"s":1.47897,"sphereCenter":[78.6666,163.452,-5.07566],"sphereRadius":63.0058,"stabilizedPalmPosition":[74.8009,207.622,34.2397],"t":[45.3051,53.4928,-25.629],"timeVisible":7.63085,"type":"right","wrist":[62.4741,167.186,98.738]}],"id":74012,"interactionBox":{"center":[0,200,0],"size":[235.247,235.247,147.751]},"pointables":[{"bases":[[[0.882401,0.222313,0.414662],[-0.444903,0.680979,0.58166],[-0.153066,-0.697742,0.699805]],[[0.849552,0.526441,0.0334791],[-0.489059,0.762262,0.424002],[0.197692,-0.376585,0.905042]],[[0.849552,0.526441,0.0334791],[-0.524274,0.835634,0.163867],[0.0582899,-0.156766,0.985914]],[[0.849552,0.526441,0.0334791],[-0.523986,0.849503,-0.0615077],[-0.0608207,0.0347115,0.997545]]],"btipPosition":[34.6408,211.281,-9.3934],"carpPosition":[43.7768,190.854,79.9699],"dipPosition":[33.3965,211.991,11.0158],"direction":[-0.0582899,0.156766,-0.985914],"extended":false,"handId":102,"id":1020,"length":45.5601,"mcpPosition":[43.7768,190.854,79.9699],"pipPosition":[35.1339,207.318,40.4023],"stabilizedTipPosition":[33.0936,211.904,-6.34179],"timeVisible":7.63085,"tipPosition":[34.8358,211.733,-4.43013],"tipVelocity":[-20.8997,23.6541,7.16155],"tool":false,"touchDistance":-0.195333,"touchZone":"touching","type":0,"width":18.1457},{"bases":[[[0.718356,-0.684129,-0.126223],[0.638358,0.576111,0.510485],[-0.276519,-0.447286,0.850572]],[[0.700942,-0.709133,-0.0762285],[0.644849,0.584457,0.492523],[-0.304712,-0.394386,0.866955]],[[0.700942,-0.709133,-0.0762285],[0.700727,0.704637,-0.111663],[0.132897,0.0248538,0.990818]],[[0.700942,-0.709133,-0.0762285],[0.565652,0.617832,-0.546189],[0.434417,0.339728,0.834187]]],"btipPosition":[82.9477,235.918,-37.2272],"carpPosition":[62.9828,197.884,83.5349],"dipPosition":[89.4363,240.992,-24.7676],"direction":[-0.132897,-0.0248538,-0.990818],"extended":true,"handId":102,"id":1021,"length":51.4095,"mcpPosition":[80.8001,226.705,28.729],"pipPosition":[92.2444,241.517,-3.83185],"stabilizedTipPosition":[81.8633,242.041,-36.5043],"timeVisible":7.63085,"tipPosition":[84.7562,238.426,-34.9211],"tipVelocity":[-16.4714,19.0578,8.37099],"tool":false,"touchDistance":-0.209682,"touchZone":"touching","type":1,"width":17.3328},{"bases":[[[0.554972,-0.826391,-0.0953103],[0.744389,0.442197,0.500347],[-0.371336,-0.348627,0.860563]],[[0.52389,-0.851358,-0.027001],[0.760405,0.453167,0.465214],[-0.383828,-0.264252,0.884786]],[[0.52389,-0.851358,-0.027001],[0.835073,0.5196,-0.180746],[0.16791,0.0721433,0.983159]],[[0.52389,-0.851358,-0.027001],[0.630399,0.408849,-0.659878],[0.572832,0.328682,0.750887]]],"btipPosition":[97.0199,216.92,-44.1318],"carpPosition":[71.7408,191.676,82.5105],"dipPosition":[106.43,222.32,-31.7963],"direction":[-0.16791,-0.0721433,-0.983159],"extended":true,"handId":102,"id":1022,"length":58.577,"mcpPosition":[94.4312,212.978,29.9262],"pipPosition":[110.604,224.113,-7.35587],"stabilizedTipPosition":[100.697,220.804,-42.2472],"timeVisible":7.63085,"tipPosition":[100.186,219.418,-41.9784],"tipVelocity":[-20.5,15.4549,7.80265],"tool":false,"touchDistance":-0.181372,"touchZone":"touching","type":2,"width":17.0231},{"bases":[[[0.436573,-0.899654,-0.00507782],[0.76992,0.370686,0.519437],[-0.465431,-0.230682,0.854494]],[[0.411432,-0.910563,0.0399724],[0.840074,0.395864,0.370901],[-0.353552,-0.119021,0.927812]],[[0.411432,-0.910563,0.0399724],[0.855247,0.370534,-0.362295],[0.315081,0.183246,0.931206]],[[0.411432,-0.910563,0.0399724],[0.571672,0.223652,-0.789412],[0.70987,0.347641,0.612561]]],"btipPosition":[98.6553,190.615,-34.4084],"carpPosition":[78.5366,183.427,81.2663],"dipPosition":[110.25,196.294,-24.4031],"direction":[-0.315081,-0.183246,-0.931206],"extended":true,"handId":102,"id":1023,"length":56.3233,"mcpPosition":[104.071,196.082,34.3873],"pipPosition":[117.88,200.731,-1.85202],"stabilizedTipPosition":[102.991,194.43,-33.206],"timeVisible":7.63085,"tipPosition":[100.617,191.813,-32.157],"tipVelocity":[-28.1264,11.4325,7.71015],"tool":false,"touchDistance":-0.157724,"touchZone":"touching","type":3,"width":16.1985},{"bases":[[[0.246516,-0.969105,0.00809894],[0.784286,0.204398,0.585762],[-0.56932,-0.138048,0.810443]],[[0.182219,-0.978418,0.0974375],[0.916248,0.204921,0.344234],[-0.356772,0.0265511,0.933814]],[[0.182219,-0.978418,0.0974375],[0.906892,0.128949,-0.401146],[0.379924,0.161462,0.910817]],[[0.182219,-0.978418,0.0974375],[0.616617,0.036521,-0.786416],[0.765885,0.203381,0.609964]]],"btipPosition":[102.313,171.724,-16.0203],"carpPosition":[80.4089,171.359,78.7677],"dipPosition":[113.854,174.789,-6.82916],"direction":[-0.379924,-0.161462,-0.910817],"extended":false,"handId":102,"id":1024,"length":44.1565,"mcpPosition":[109.322,178.37,37.6094],"pipPosition":[120.35,177.549,8.74425],"stabilizedTipPosition":[104.633,175.776,-16.2066],"timeVisible":7.63085,"tipPosition":[102.36,172.321,-13.1155],"tipVelocity":[-33.5772,11.3523,6.12831],"tool":false,"touchDistance":-0.13981,"touchZone":"touching","type":4,"width":14.3888}],"r":[[0.705921,-0.593695,0.386265],[0.49477,0.803569,0.330878],[-0.506831,-0.0424616,0.860999]],"s":1.47897,"t":[45.3051,53.4928,-25.629],"timestamp":1131500633756},{"currentFrameRate":57.6638,"devices":[],"gestures":[],"hands":[{"armBasis":[[0.741473,-0.483515,-0.465221],[0.670239,0.566355,0.479607],[0.0315833,-0.667425,0.744007]],"armWidth":56.7046,"confidence":1,"direction":[0.483041,0.404534,-0.776546],"elbow":[69.6086,9.60585,274.796],"grabAngle":1.34215,"grabStrength":0.38193,"id":102,"palmNormal":[-0.592815,-0.501598,-0.630055],"palmPosition":[82.9014,200.366,44.7054],"palmVelocity":[-21.2044,12.8721,5.43209],"palmWidth":79.6914,"pinchDistance":63.6406,"pinchStrength":0,"r":[[0.705419,-0.59462,0.385761],[0.496038,0.802918,0.330558],[-0.506291,-0.0418294,0.861348]],"s":1.47886,"sphereCenter":[78.0947,163.893,-4.94465],"sphereRadius":62.8777,"stabilizedPalmPosition":[74.9023,207.531,34.3707],"t":[44.9738,53.6969,-25.5434],"timeVisible":7.64813,"type":"right","wrist":[62.14,167.434,98.858]}],"id":74013,"interactionBox":{"center":[0,200,0],"size":[235.247,235.247,147.751]},"pointables":[{"bases":[[[0.883788,0.219871,0.413007],[-0.442002,0.681865,0.582833],[-0.153467,-0.697651,0.699808]],[[0.850888,0.524383,0.0318038],[-0.486265,0.763232,0.425467],[0.198834,-0.37749,0.904415]],[[0.850888,0.524383,0.0318038],[-0.521864,0.836737,0.165919],[0.0603936,-0.157776,0.985626]],[[0.850888,0.524383,0.0318038],[-0.522145,0.850825,-0.0588297],[-0.0579088,0.0334513,0.997761]]],"btipPosition":[34.1487,211.684,-9.19369],"carpPosition":[43.4569,191.162,80.1381],"dipPosition":[32.9639,212.369,11.2199],"direction":[-0.0603936,0.157776,-0.985626],"extended":false,"handId":102,"id":1020,"length":45.5601,"mcpPosition":[43.4569,191.162,80.1381],"pipPosition":[34.764,207.666,40.5978],"stabilizedTipPosition":[33.1341,211.901,-6.2466],"timeVisible":7.64813,"tipPosition":[34.4003,212.1,-4.23608],"tipVelocity":[-27.6881,23.0251,11.616],"tool":false,"touchDistance":-0.191987,"touchZone":"touching","type":0,"width":18.1457},{"bases":[[[0.716349,-0.685913,-0.12794],[0.640844,0.574252,0.509465],[-0.275979,-0.446944,0.850927]],[[0.699163,-0.710645,-0.0784451],[0.64709,0.582311,0.492127],[-0.304049,-0.394838,0.866982]],[[0.699163,-0.710645,-0.0784451],[0.702109,0.70316,-0.112291],[0.134959,0.0234328,0.990574]],[[0.699163,-0.710645,-0.0784451],[0.565654,0.616919,-0.547217],[0.437272,0.338221,0.833306]]],"btipPosition":[82.5068,236.223,-37.0997],"carpPosition":[62.6878,198.142,83.6679],"dipPosition":[89.038,241.275,-24.6533],"direction":[-0.134959,-0.0234328,-0.990574],"extended":true,"handId":102,"id":1021,"length":51.4095,"mcpPosition":[80.4703,226.94,28.8391],"pipPosition":[91.8897,241.77,-3.7227],"stabilizedTipPosition":[81.9549,241.842,-36.4075],"timeVisible":7.64813,"tipPosition":[84.3293,238.675,-34.8117],"tipVelocity":[-24.9471,17.3542,7.20074],"tool":false,"touchDistance":-0.207608,"touchZone":"touching","type":1,"width":17.3328},{"bases":[[[0.552662,-0.827769,-0.0967644],[0.74651,0.440071,0.499059],[-0.370522,-0.348047,0.861148]],[[0.52177,-0.852605,-0.028655],[0.76221,0.450839,0.464522],[-0.383135,-0.264215,0.885098]],[[0.52177,-0.852605,-0.028655],[0.835913,0.517684,-0.182352],[0.170309,0.0711931,0.982816]],[[0.52177,-0.852605,-0.028655],[0.629292,0.407354,-0.661857],[0.575975,0.327305,0.749083]]],"btipPosition":[96.5167,217.165,-44.0295],"carpPosition":[71.4279,191.911,82.6236],"dipPosition":[105.979,222.542,-31.7236],"direction":[-0.170309,-0.0711931,-0.982816],"extended":true,"handId":102,"id":1022,"length":58.577,"mcpPosition":[94.0685,213.179,30.0034],"pipPosition":[110.213,224.312,-7.29175],"stabilizedTipPosition":[100.59,220.675,-42.1909],"timeVisible":7.64813,"tipPosition":[99.6949,219.632,-41.9081],"tipVelocity":[-28.4297,13.8656,5.52627],"tool":false,"touchDistance":-0.179781,"touchZone":"touching","type":2,"width":17.0231},{"bases":[[[0.434255,-0.900768,-0.00632863],[0.771896,0.368487,0.518068],[-0.464327,-0.229858,0.855316]],[[0.409101,-0.91166,0.0388964],[0.841913,0.393554,0.369185],[-0.351879,-0.118287,0.928542]],[[0.409101,-0.91166,0.0388964],[0.855178,0.36819,-0.364837],[0.318286,0.182519,0.930258]],[[0.409101,-0.91166,0.0388964],[0.568679,0.221391,-0.792206],[0.713611,0.346212,0.609013]]],"btipPosition":[98.054,190.801,-34.3051],"carpPosition":[78.2,183.646,81.3623],"dipPosition":[109.71,196.456,-24.3578],"direction":[-0.318286,-0.182519,-0.930258],"extended":true,"handId":102,"id":1023,"length":56.3233,"mcpPosition":[103.674,196.256,34.4382],"pipPosition":[117.418,200.876,-1.82962],"stabilizedTipPosition":[102.837,194.271,-33.1251],"timeVisible":7.64813,"tipPosition":[100.08,192.025,-32.1006],"tipVelocity":[-33.9825,10.4439,5.20647],"tool":false,"touchDistance":-0.156224,"touchZone":"touching","type":3,"width":16.1985},{"bases":[[[0.244046,-0.969737,0.00719523],[0.785967,0.202134,0.584293],[-0.568065,-0.136939,0.811511]],[[0.179451,-0.978946,0.0972721],[0.918375,0.20215,0.34018],[-0.352681,0.0282866,0.935316]],[[0.179451,-0.978946,0.0972721],[0.905406,0.125676,-0.40552],[0.384757,0.160842,0.908896]],[[0.179451,-0.978946,0.0972721],[0.61227,0.033745,-0.789929],[0.770015,0.20131,0.605435]]],"btipPosition":[101.606,171.871,-15.9328],"carpPosition":[80.0364,171.574,78.8548],"dipPosition":[113.209,174.904,-6.80984],"direction":[-0.384757,-0.160842,-0.908896],"extended":false,"handId":102,"id":1024,"length":44.1565,"mcpPosition":[108.886,178.529,37.6423],"pipPosition":[119.787,177.654,8.73073],"stabilizedTipPosition":[104.602,175.501,-16.0037],"timeVisible":7.64813,"tipPosition":[101.832,172.52,-13.079],"tipVelocity":[-40.118,8.08739,4.15974],"tool":false,"touchDistance":-0.138612,"touchZone":"touching","type":4,"width":14.3888}],"r":[[0.705419,-0.59462,0.385761],[0.496038,0.802918,0.330558],[-0.506291,-0.0418294,0.861348]],"s":1.47886,"t":[44.9738,53.6969,-25.5434],"timestamp":1131500651036},{"currentFrameRate":57.6516,"devices":[],"gestures":[],"hands":[{"armBasis":[[0.740372,-0.483729,-0.466749],[0.671403,0.565907,0.478505],[0.03267,-0.667649,0.743759]],"armWidth":56.7046,"confidence":1,"direction":[0.482399,0.404946,-0.77673],"elbow":[69.5384,9.73275,274.831],"grabAngle":1.34573,"grabStrength":0.382678,"id":102,"palmNormal":[-0.593755,-0.500766,-0.629833],"palmPosition":[82.526,200.578,44.8002],"palmVelocity":[-21.5881,12.1687,5.44951],"palmWidth":79.6914,"pinchDistance":63.635,"pinchStrength":0,"r":[[0.705039,-0.595496,0.385104],[0.497206,0.80229,0.330329],[-0.505675,-0.0414187,0.861729]],"s":1.47872,"sphereCenter":[77.6042,164.265,-4.84119],"sphereRadius":62.7751,"stabilizedPalmPosition":[75.0244,207.42,34.5377],"t":[44.6205,53.9048,-25.4533],"timeVisible":7.66552,"type":"right","wrist":[61.8128,167.614,98.9518]}],"id":74014,"interactionBox":{"center":[0,200,0],"size":[235.247,235.247,147.751]},"pointables":[{"bases":[[[0.884349,0.219075,0.412229],[-0.441022,0.681595,0.58389],[-0.153057,-0.698165,0.699385]],[[0.851265,0.523788,0.0315382],[-0.485233,0.762877,0.42728],[0.199744,-0.379032,0.903569]],[[0.851265,0.523788,0.0315382],[-0.52108,0.836721,0.168446],[0.0618414,-0.159826,0.985206]],[[0.851265,0.523788,0.0315382],[-0.521747,0.851291,-0.0555213],[-0.0559296,0.0308084,0.997959]]],"btipPosition":[33.6839,212.068,-9.01831],"carpPosition":[43.1155,191.364,80.268],"dipPosition":[32.5396,212.699,11.3993],"direction":[-0.0618414,0.159826,-0.985206],"extended":false,"handId":102,"id":1020,"length":45.5601,"mcpPosition":[43.1155,191.364,80.268],"pipPosition":[34.3829,207.935,40.7648],"stabilizedTipPosition":[33.151,211.92,-6.13311],"timeVisible":7.66552,"tipPosition":[33.9739,212.376,-4.08014],"tipVelocity":[-26.1989,21.3803,10.141],"tool":false,"touchDistance":-0.189049,"touchZone":"touching","type":0,"width":18.1457},{"bases":[[[0.715861,-0.686166,-0.1293],[0.641689,0.573496,0.509251],[-0.275278,-0.447524,0.850849]],[[0.698771,-0.710863,-0.0799536],[0.647803,0.58142,0.492241],[-0.30343,-0.395758,0.866779]],[[0.698771,-0.710863,-0.0799536],[0.702261,0.702971,-0.112524],[0.136194,0.0224803,0.990427]],[[0.698771,-0.710863,-0.0799536],[0.565059,0.617048,-0.547686],[0.438665,0.337529,0.832855]]],"btipPosition":[82.0575,236.514,-36.9624],"carpPosition":[62.3538,198.331,83.7828],"dipPosition":[88.6095,241.555,-24.5227],"direction":[-0.136194,-0.0224803,-0.990427],"extended":true,"handId":102,"id":1021,"length":51.4095,"mcpPosition":[80.0911,227.167,28.959],"pipPosition":[91.4873,242.03,-3.59522],"stabilizedTipPosition":[82.0345,241.636,-36.2935],"timeVisible":7.66552,"tipPosition":[83.8864,238.952,-34.6855],"tipVelocity":[-25.5684,16.6133,7.80948],"tool":false,"touchDistance":-0.205345,"touchZone":"touching","type":1,"width":17.3328},{"bases":[[[0.552137,-0.827966,-0.0980661],[0.747276,0.439271,0.498617],[-0.36976,-0.348587,0.861257]],[[0.521237,-0.852891,-0.0297981],[0.763102,0.450162,0.463712],[-0.382082,-0.264443,0.885485]],[[0.521237,-0.852891,-0.0297981],[0.83569,0.517181,-0.18479],[0.173016,0.0714172,0.982326]],[[0.521237,-0.852891,-0.0297981],[0.626978,0.406393,-0.664637],[0.578973,0.327751,0.746572]]],"btipPosition":[95.9709,217.38,-43.899],"carpPosition":[71.0896,192.097,82.7236],"dipPosition":[105.482,222.764,-31.6344],"direction":[-0.173016,-0.0714172,-0.982326],"extended":true,"handId":102,"id":1022,"length":58.577,"mcpPosition":[93.6836,213.397,30.0968],"pipPosition":[109.783,224.54,-7.21464],"stabilizedTipPosition":[100.439,220.548,-42.122],"timeVisible":7.66552,"tipPosition":[99.2278,219.9,-41.8104],"tipVelocity":[-30.7414,12.4662,6.96152],"tool":false,"touchDistance":-0.177764,"touchZone":"touching","type":2,"width":17.0231},{"bases":[[[0.433791,-0.900982,-0.00756307],[0.772647,0.367658,0.517537],[-0.463511,-0.230347,0.855627]],[[0.408444,-0.911988,0.0380968],[0.843255,0.392981,0.366724],[-0.349419,-0.117661,0.92955]],[[0.408444,-0.911988,0.0380968],[0.853857,0.366991,-0.369114],[0.322646,0.183292,0.928603]],[[0.408444,-0.911988,0.0380968],[0.564708,0.21968,-0.795516],[0.717132,0.346438,0.604734]]],"btipPosition":[97.4062,190.964,-34.1658],"carpPosition":[77.8561,183.829,81.448],"dipPosition":[109.119,196.623,-24.2884],"direction":[-0.322646,-0.183292,-0.928603],"extended":true,"handId":102,"id":1023,"length":56.3233,"mcpPosition":[103.285,196.466,34.5068],"pipPosition":[116.933,201.062,-1.80035],"stabilizedTipPosition":[102.621,194.113,-33.028],"timeVisible":7.66552,"tipPosition":[99.6232,192.292,-32.0296],"tipVelocity":[-36.4995,9.41792,7.08516],"tool":false,"touchDistance":-0.154171,"touchZone":"touching","type":3,"width":16.1985},{"bases":[[[0.243563,-0.969866,0.00610983],[0.786705,0.201242,0.583607],[-0.56725,-0.137338,0.812014]],[[0.178482,-0.979146,0.0970394],[0.92021,0.201025,0.335861],[-0.348365,0.0293515,0.936899]],[[0.178482,-0.979146,0.0970394],[0.903218,0.123919,-0.410903],[0.390309,0.160986,0.9065]],[[0.178482,-0.979146,0.0970394],[0.607117,0.0319802,-0.793968],[0.774308,0.200623,0.600165]]],"btipPosition":[100.919,172.05,-15.8134],"carpPosition":[79.6837,171.758,78.9283],"dipPosition":[112.586,175.073,-6.76984],"direction":[-0.390309,-0.160986,-0.9065],"extended":false,"handId":102,"id":1024,"length":44.1565,"mcpPosition":[108.491,178.733,37.6903],"pipPosition":[119.26,177.826,8.72976],"stabilizedTipPosition":[104.505,175.232,-15.7822],"timeVisible":7.66552,"tipPosition":[101.415,172.77,-13.0394],"tipVelocity":[-38.6672,10.1798,5.81741],"tool":false,"touchDistance":-0.136926,"touchZone":"touching","type":4,"width":14.3888}],"r":[[0.705039,-0.595496,0.385104],[0.497206,0.80229,0.330329],[-0.505675,-0.0414187,0.861729]],"s":1.47872,"t":[44.6205,53.9048,-25.4533],"timestamp":1131500668422},{"currentFrameRate":57.654,"devices":[],"gestures":[],"hands":[{"armBasis":[[0.738142,-0.484816,-0.469148],[0.673802,0.564547,0.476736],[0.0337264,-0.668012,0.743386]],"armWidth":56.7046,"confidence":1,"direction":[0.481506,0.404442,-0.777547],"elbow":[69.4789,9.8267,274.813],"grabAngle":1.34585,"grabStrength":0.380045,"id":102,"palmNormal":[-0.596093,-0.499251,-0.628825],"palmPosition":[82.1567,200.748,44.8421],"palmVelocity":[-21.3031,9.79007,2.41928],"palmWidth":79.6914,"pinchDistance":63.7419,"pinchStrength":0,"r":[[0.704667,-0.596514,0.384206],[0.498595,0.801555,0.330019],[-0.504824,-0.0409905,0.862249]],"s":1.4789,"sphereCenter":[77.0363,164.534,-4.79564],"sphereRadius":62.7308,"stabilizedPalmPosition":[75.163,207.29,34.7379],"t":[44.2592,54.0936,-25.3872],"timeVisible":7.68286,"type":"right","wrist":[61.5035,167.793,99.0222]}],"id":74015,"interactionBox":{"center":[0,200,0],"size":[235.247,235.247,147.751]},"pointables":[{"bases":[[[0.885666,0.217117,0.410435],[-0.438425,0.682125,0.585225],[-0.152905,-0.698259,0.699324]],[[0.852428,0.521971,0.0302036],[-0.482753,0.763565,0.428858],[0.200789,-0.380151,0.902867]],[[0.852428,0.521971,0.0302036],[-0.518934,0.837587,0.17075],[0.0638287,-0.161226,0.984851]],[[0.852428,0.521971,0.0302036],[-0.520138,0.85247,-0.0524617],[-0.0531312,0.0290098,0.998166]]],"btipPosition":[33.2114,212.423,-8.85919],"carpPosition":[42.8051,191.591,80.3901],"dipPosition":[32.1243,213.016,11.5627],"direction":[-0.0638287,0.161226,-0.984851],"extended":false,"handId":102,"id":1020,"length":45.5601,"mcpPosition":[42.8051,191.591,80.3901],"pipPosition":[34.0268,208.211,40.9175],"stabilizedTipPosition":[33.1386,211.961,-6.00496],"timeVisible":7.68286,"tipPosition":[33.52,212.668,-3.92713],"tipVelocity":[-26.4957,19.9373,9.23419],"tool":false,"touchDistance":-0.186381,"touchZone":"touching","type":0,"width":18.1457},{"bases":[[[0.714239,-0.687489,-0.131234],[0.643908,0.571956,0.508181],[-0.274308,-0.447465,0.851193]],[[0.697189,-0.712203,-0.0818153],[0.649646,0.57941,0.492183],[-0.30313,-0.396296,0.866638]],[[0.697189,-0.712203,-0.0818153],[0.703789,0.701695,-0.110924],[0.13641,0.0197542,0.990456]],[[0.697189,-0.712203,-0.0818153],[0.566921,0.617594,-0.545141],[0.43878,0.333684,0.834343]]],"btipPosition":[81.6883,236.833,-36.9178],"carpPosition":[62.0646,198.518,83.867],"dipPosition":[88.242,241.817,-24.4559],"direction":[-0.13641,-0.0197542,-0.990456],"extended":true,"handId":102,"id":1021,"length":51.4095,"mcpPosition":[79.7394,227.35,29.0211],"pipPosition":[91.1243,242.234,-3.52781],"stabilizedTipPosition":[82.0983,241.435,-36.1703],"timeVisible":7.68286,"tipPosition":[83.4178,239.153,-34.6196],"tipVelocity":[-21.2751,17.6136,2.86682],"tool":false,"touchDistance":-0.204516,"touchZone":"touching","type":1,"width":17.3328},{"bases":[[[0.550306,-0.828986,-0.0997251],[0.74921,0.437531,0.497243],[-0.368574,-0.348351,0.861861]],[[0.519351,-0.853995,-0.0310789],[0.764766,0.448244,0.462829],[-0.381323,-0.264139,0.885902]],[[0.519351,-0.853995,-0.0310789],[0.836685,0.515551,-0.184837],[0.173873,0.069992,0.982278]],[[0.519351,-0.853995,-0.0310789],[0.627533,0.405811,-0.66447],[0.580066,0.32559,0.746669]]],"btipPosition":[95.5236,217.594,-43.892],"carpPosition":[70.7858,192.267,82.7855],"dipPosition":[105.053,222.943,-31.6258],"direction":[-0.173873,-0.069992,-0.982278],"extended":true,"handId":102,"id":1022,"length":58.577,"mcpPosition":[93.3074,213.553,30.1218],"pipPosition":[109.375,224.683,-7.20725],"stabilizedTipPosition":[100.256,220.432,-42.0515],"timeVisible":7.68286,"tipPosition":[98.7033,220.079,-41.7898],"tipVelocity":[-25.5675,11.8929,0.424918],"tool":false,"touchDistance":-0.177641,"touchZone":"touching","type":2,"width":17.0231},{"bases":[[[0.432014,-0.901822,-0.00900679],[0.774482,0.365858,0.516068],[-0.462106,-0.229924,0.8565]],[[0.40633,-0.912959,0.0374339],[0.845438,0.391187,0.363603],[-0.346599,-0.116095,0.930801]],[[0.40633,-0.912959,0.0374339],[0.853538,0.364623,-0.372188],[0.326143,0.183182,0.927402]],[[0.40633,-0.912959,0.0374339],[0.561887,0.217352,-0.798149],[0.720541,0.345346,0.601296]]],"btipPosition":[96.756,191.059,-34.1348],"carpPosition":[77.5335,183.987,81.4906],"dipPosition":[108.525,196.699,-24.3135],"direction":[-0.326143,-0.183182,-0.927402],"extended":true,"handId":102,"id":1023,"length":56.3233,"mcpPosition":[102.885,196.601,34.5015],"pipPosition":[116.423,201.135,-1.85454],"stabilizedTipPosition":[102.339,193.956,-32.925],"timeVisible":7.68286,"tipPosition":[99.0745,192.471,-32.0279],"tipVelocity":[-36.7671,5.20651,1.04488],"tool":false,"touchDistance":-0.153869,"touchZone":"touching","type":3,"width":16.1985},{"bases":[[[0.241682,-0.970342,0.00503961],[0.788358,0.199378,0.582013],[-0.565757,-0.136689,0.813164]],[[0.175921,-0.979586,0.0972815],[0.92284,0.198511,0.33009],[-0.342662,0.0317057,0.938923]],[[0.175921,-0.979586,0.0972815],[0.90137,0.120569,-0.415926],[0.395706,0.160857,0.90418]],[[0.175921,-0.979586,0.0972815],[0.602793,0.0290681,-0.797368],[0.778262,0.198914,0.595601]]],"btipPosition":[100.163,172.129,-15.794],"carpPosition":[79.332,171.915,78.9602],"dipPosition":[111.89,175.126,-6.81924],"direction":[-0.395706,-0.160857,-0.90418],"extended":false,"handId":102,"id":1024,"length":44.1565,"mcpPosition":[108.064,178.856,37.6637],"pipPosition":[118.656,177.876,8.64069],"stabilizedTipPosition":[104.321,174.962,-15.5527],"timeVisible":7.68286,"tipPosition":[100.894,172.934,-13.0632],"tipVelocity":[-42.7934,4.17628,0.204619],"tool":false,"touchDistance":-0.136867,"touchZone":"touching","type":4,"width":14.3888}],"r":[[0.704667,-0.596514,0.384206],[0.498595,0.801555,0.330019],[-0.504824,-0.0409905,0.862249]],"s":1.4789,"t":[44.2592,54.0936,-25.3872],"timestamp":1131500685759},{"currentFrameRate":57.6691,"devices":[],"gestures":[],"hands":[{"armBasis":[[0.735319,-0.48634,-0.471994],[0.676823,0.562824,0.474489],[0.0348865,-0.668358,0.743022]],"armWidth":56.7046,"confidence":1,"direction":[0.480362,0.405189,-0.777866],"elbow":[69.5082,9.91077,274.731],"grabAngle":1.3466,"grabStrength":0.379116,"id":102,"palmNormal":[-0.598627,-0.496725,-0.628418],"palmPosition":[81.8351,200.977,44.8557],"palmVelocity":[-18.6002,13.2776,0.786308],"palmWidth":79.6914,"pinchDistance":63.7697,"pinchStrength":0,"r":[[0.704326,-0.597769,0.382879],[0.500181,0.800628,0.329868],[-0.503729,-0.0408261,0.862897]],"s":1.47906,"sphereCenter":[76.5161,164.947,-4.81711],"sphereRadius":62.665,"stabilizedPalmPosition":[75.3152,207.146,34.9688],"t":[43.9178,54.3027,-25.3474],"timeVisible":7.70015,"type":"right","wrist":[61.2584,167.959,99.0269]}],"id":74016,"interactionBox":{"center":[0,200,0],"size":[235.247,235.247,147.751]},"pointables":[{"bases":[[[0.887105,0.214502,0.408698],[-0.435637,0.681707,0.587789],[-0.15253,-0.699474,0.69819]],[[0.853635,0.520034,0.0295423],[-0.480194,0.763729,0.431429],[0.201795,-0.382469,0.901663]],[[0.853635,0.520034,0.0295423],[-0.516739,0.838368,0.17355],[0.0654848,-0.163414,0.984382]],[[0.853635,0.520034,0.0295423],[-0.51838,0.853724,-0.0493748],[-0.0508975,0.026834,0.998343]]],"btipPosition":[32.8213,212.863,-8.70467],"carpPosition":[42.5542,191.82,80.4816],"dipPosition":[31.78,213.412,11.7208],"direction":[-0.0654848,0.163414,-0.984382],"extended":false,"handId":102,"id":1020,"length":45.5601,"mcpPosition":[42.5542,191.82,80.4816],"pipPosition":[33.7319,208.541,41.0617],"stabilizedTipPosition":[33.0993,212.034,-5.86399],"timeVisible":7.70015,"tipPosition":[33.0993,213.097,-3.76711],"tipVelocity":[-21.9497,24.8671,8.98517],"tool":false,"touchDistance":-0.183791,"touchZone":"touching","type":0,"width":18.1457},{"bases":[[[0.712567,-0.688592,-0.134498],[0.646284,0.569599,0.507813],[-0.273066,-0.448775,0.850903]],[[0.695553,-0.713431,-0.0849822],[0.651756,0.576756,0.49251],[-0.302358,-0.397954,0.866148]],[[0.695553,-0.713431,-0.0849822],[0.705121,0.700532,-0.109819],[0.137881,0.0164622,0.990312]],[[0.695553,-0.713431,-0.0849822],[0.567617,0.618165,-0.543768],[0.440474,0.329982,0.834922]]],"btipPosition":[81.2939,237.288,-36.8278],"carpPosition":[61.8357,198.702,83.9256],"dipPosition":[87.873,242.217,-24.3572],"direction":[-0.137881,-0.0164622,-0.990312],"extended":true,"handId":102,"id":1021,"length":51.4095,"mcpPosition":[79.4305,227.618,29.0984],"pipPosition":[90.7863,242.565,-3.43213],"stabilizedTipPosition":[82.1436,241.242,-36.029],"timeVisible":7.70015,"tipPosition":[82.973,239.547,-34.523],"tipVelocity":[-22.4708,25.6153,5.32363],"tool":false,"touchDistance":-0.202982,"touchZone":"touching","type":1,"width":17.3328},{"bases":[[[0.548437,-0.829838,-0.102887],[0.751296,0.434993,0.496322],[-0.367111,-0.3495,0.86202]],[[0.517482,-0.85502,-0.033958],[0.766664,0.44565,0.462194],[-0.380052,-0.265211,0.886129]],[[0.517482,-0.85502,-0.033958],[0.837449,0.5142,-0.185139],[0.175759,0.0673679,0.982125]],[[0.517482,-0.85502,-0.033958],[0.627165,0.405977,-0.664715],[0.582131,0.322681,0.746325]]],"btipPosition":[95.0559,217.992,-43.8785],"carpPosition":[70.542,192.437,82.8088],"dipPosition":[104.619,223.293,-31.6179],"direction":[-0.175759,-0.0673679,-0.982125],"extended":true,"handId":102,"id":1022,"length":58.577,"mcpPosition":[92.9742,213.793,30.1354],"pipPosition":[108.988,224.968,-7.20316],"stabilizedTipPosition":[100.027,220.339,-41.9756],"timeVisible":7.70015,"tipPosition":[98.2017,220.461,-41.7732],"tipVelocity":[-26.5951,22.3788,0.707555],"tool":false,"touchDistance":-0.177437,"touchZone":"touching","type":2,"width":17.0231},{"bases":[[[0.430229,-0.902639,-0.0120327],[0.776474,0.36323,0.514929],[-0.460425,-0.230881,0.857148]],[[0.404355,-0.913934,0.0349508],[0.847713,0.388854,0.360799],[-0.343337,-0.116263,0.931989]],[[0.404355,-0.913934,0.0349508],[0.852984,0.363048,-0.374986],[0.330024,0.18144,0.926371]],[[0.404355,-0.913934,0.0349508],[0.558781,0.21661,-0.800527],[0.724058,0.343227,0.598277]]],"btipPosition":[96.1216,191.354,-34.1538],"carpPosition":[77.2702,184.146,81.4792],"dipPosition":[107.948,196.96,-24.3818],"direction":[-0.330024,-0.18144,-0.926371],"extended":true,"handId":102,"id":1023,"length":56.3233,"mcpPosition":[102.53,196.813,34.4546],"pipPosition":[115.94,201.354,-1.94782],"stabilizedTipPosition":[101.986,193.823,-32.8222],"timeVisible":7.70015,"tipPosition":[98.548,192.833,-32.0726],"tipVelocity":[-35.923,16.6011,-1.75406],"tool":false,"touchDistance":-0.154375,"touchZone":"touching","type":3,"width":16.1985},{"bases":[[[0.239799,-0.97082,0.00233909],[0.790189,0.196581,0.58048],[-0.564001,-0.13735,0.814271]],[[0.173565,-0.980165,0.0956668],[0.925365,0.195556,0.324742],[-0.337009,0.032163,0.940952]],[[0.173565,-0.980165,0.0956668],[0.899595,0.118265,-0.420407],[0.400754,0.159029,0.902278]],[[0.173565,-0.980165,0.0956668],[0.598814,0.0279147,-0.800402],[0.781855,0.196208,0.591781]]],"btipPosition":[99.4654,172.381,-15.8648],"carpPosition":[79.0389,172.076,78.9183],"dipPosition":[111.247,175.338,-6.94762],"direction":[-0.400754,-0.159029,-0.902278],"extended":false,"handId":102,"id":1024,"length":44.1565,"mcpPosition":[107.682,179.051,37.5656],"pipPosition":[118.099,178.057,8.4798],"stabilizedTipPosition":[104.057,174.729,-15.3391],"timeVisible":7.70015,"tipPosition":[100.395,173.251,-13.1639],"tipVelocity":[-39.6214,14.0722,-4.86127],"tool":false,"touchDistance":-0.138268,"touchZone":"touching","type":4,"width":14.3888}],"r":[[0.7