{"frames":106,"data":[{"currentFrameRate":114.387,"devices":[],"gestures":[],"hands":[{"armBasis":[[-0.78153,-0.535252,0.320493],[-0.222074,-0.24139,-0.944677],[0.583004,-0.809467,0.0697879]],"armWidth":56.2653,"confidence":1,"direction":[-0.131379,-0.332645,-0.933856],"elbow":[127.598,-102.242,96.2556],"grabAngle":1.24334,"grabStrength":0,"id":127,"palmNormal":[-0.712416,0.686741,-0.144396],"palmPosition":[-28.5718,91.8683,16.5594],"palmVelocity":[-2.08228,1.01711,2.20629],"palmWidth":81.6617,"pinchDistance":55.1581,"pinchStrength":0.152461,"r":[[0.993243,0.007089,0.11584],[0.0149902,0.981936,-0.188621],[-0.115085,0.189082,0.975194]],"s":1.0149,"sphereCenter":[-86.0114,118.919,-2.22584],"sphereRadius":64.8104,"stabilizedPalmPosition":[-29.5359,90.6334,16.3304],"t":[-74.1709,-16.7522,-50.3345],"timeVisible":3.87634,"type":"right","wrist":[-13.675,93.908,79.3446]}],"id":101791,"interactionBox":{"center":[0,200,0],"size":[235.247,235.247,147.751]},"pointables":[{"bases":[[[0.334175,-0.939228,0.0785926],[0.924659,0.342857,0.165694],[-0.182571,0.0173005,0.983041]],[[0.378678,-0.873728,-0.305291],[0.911322,0.409569,-0.041778],[0.16154,-0.262398,0.951342]],[[0.378678,-0.873728,-0.305291],[0.762481,0.48148,-0.432203],[0.524619,-0.069113,0.848527]],[[0.378678,-0.873728,-0.305291],[0.480488,0.46751,-0.742001],[0.791033,0.134291,0.596852]]],"btipPosition":[-51.6544,136.197,-21.9072],"carpPosition":[-13.0231,125.12,57.7128],"dipPosition":[-35.6874,138.908,-9.85971],"direction":[-0.524619,0.069113,-0.848527],"extended":false,"handId":127,"id":1270,"length":44.9491,"mcpPosition":[-13.0231,125.12,57.7128],"pipPosition":[-20.2601,136.875,15.0926],"stabilizedTipPosition":[-49.3183,134.157,-18.9102],"timeVisible":3.87634,"tipPosition":[-49.5035,132.832,-18.6034],"tipVelocity":[16.3073,18.9754,-4.89482],"tool":false,"touchDistance":-0.276488,"touchZone":"touching","type":0,"width":17.7523},{"bases":[[[-0.701622,-0.693,0.165764],[0.702491,-0.71169,-0.00191306],[0.119298,0.115105,0.986164]],[[-0.683303,-0.675218,0.277807],[0.646597,-0.736337,-0.199298],[0.33913,0.0434482,0.939736]],[[-0.683303,-0.675218,0.277807],[0.487861,-0.705312,-0.514322],[0.543221,-0.215907,0.811354]],[[-0.683303,-0.675218,0.277807],[0.362281,-0.643889,-0.673914],[0.633916,-0.359843,0.68459]]],"btipPosition":[-47.8812,105.789,-73.2896],"carpPosition":[-6.77263,105.195,53.647],"dipPosition":[-38.5399,100.486,-63.2015],"direction":[-0.543221,0.215907,-0.811354],"extended":true,"handId":127,"id":1271,"length":50.7201,"mcpPosition":[-14.6496,97.5954,-11.4667],"pipPosition":[-27.2157,95.9855,-46.2877],"stabilizedTipPosition":[-47.5694,102.626,-70.8884],"timeVisible":3.87634,"tipPosition":[-47.7422,104.732,-69.5386],"tipVelocity":[0.0897843,8.12422,5.78274],"tool":false,"touchDistance":0.327751,"touchZone":"hovering","type":1,"width":16.957},{"bases":[[[-0.788463,-0.539529,0.295355],[0.576209,-0.815904,0.0477903],[0.215197,0.207867,0.954192]],[[-0.786392,-0.53754,0.304365],[0.532032,-0.839749,-0.108463],[0.313894,0.0766372,0.94636]],[[-0.786392,-0.53754,0.304365],[0.396155,-0.816909,-0.419192],[0.473971,-0.209073,0.85536]],[[-0.786392,-0.53754,0.304365],[0.307547,-0.768008,-0.561764],[0.535725,-0.34816,0.769274]]],"btipPosition":[-60.2637,91.0404,-77.6004],"carpPosition":[-13.4326,96.4714,54.9348],"dipPosition":[-51.5809,85.3975,-65.1323],"direction":[-0.473971,0.209073,-0.85536],"extended":true,"handId":127,"id":1272,"length":57.7915,"mcpPosition":[-26.9073,83.4558,-4.81222],"pipPosition":[-39.9564,80.2698,-44.154],"stabilizedTipPosition":[-61.8126,90.9557,-73.4573],"timeVisible":3.87634,"tipPosition":[-62.1889,94.5318,-71.6723],"tipVelocity":[-1.94973,7.66503,4.84472],"tool":false,"touchDistance":0.312059,"touchZone":"hovering","type":2,"width":16.654},{"bases":[[[-0.789379,-0.440008,0.428104],[0.524971,-0.845324,0.0991631],[0.318254,0.30302,0.898272]],[[-0.794803,-0.445219,0.412394],[0.3664,-0.893759,-0.258739],[0.483776,-0.0545455,0.87349]],[[-0.794803,-0.445219,0.412394],[0.113545,-0.776641,-0.619626],[0.596151,-0.445655,0.667829]],[[-0.794803,-0.445219,0.412394],[0.0126928,-0.691591,-0.722177],[0.606735,-0.568754,0.55533]]],"btipPosition":[-82.3308,94.6193,-51.5527],"carpPosition":[-21.7761,89.7396,57.5114],"dipPosition":[-72.5535,85.4541,-42.6038],"direction":[-0.596151,0.445655,-0.667829],"extended":true,"handId":127,"id":1273,"length":55.568,"mcpPosition":[-39.6678,72.7044,7.01219],"pipPosition":[-58.3101,74.8064,-26.6478],"stabilizedTipPosition":[-81.6449,89.0599,-51.426],"timeVisible":3.87634,"tipPosition":[-80.2924,93.3354,-49.4445],"tipVelocity":[4.21155,19.712,21.7497],"tool":false,"touchDistance":0.309986,"touchZone":"hovering","type":3,"width":15.8473},{"bases":[[[-0.823056,-0.256218,0.506883],[0.421844,-0.873356,0.24351],[0.380298,0.414248,0.826905]],[[-0.80944,-0.241768,0.535121],[0.110008,-0.957607,-0.266246],[0.576806,-0.156642,0.801722]],[[-0.80944,-0.241768,0.535121],[-0.407306,-0.425266,-0.808239],[0.422976,-0.872179,0.245754]],[[-0.80944,-0.241768,0.535121],[-0.582961,0.440191,-0.682926],[-0.0704459,-0.864743,-0.49725]]],"btipPosition":[-77.1006,98.9392,-2.24235],"carpPosition":[-33.6312,88.1515,61.9933],"dipPosition":[-78.1479,86.0836,-9.63463],"direction":[-0.422976,0.872179,-0.245754],"extended":false,"handId":127,"id":1274,"length":43.5643,"mcpPosition":[-53.4222,66.5938,18.9607],"pipPosition":[-71.0127,71.3708,-5.489],"stabilizedTipPosition":[-76.5897,94.6579,11.5631],"timeVisible":3.87634,"tipPosition":[-78.7473,97.6463,-5.5558],"tipVelocity":[-22.964,0.339469,-35.4226],"tool":false,"touchDistance":0.301349,"touchZone":"hovering","type":4,"width":14.0768}],"r":[[0.993243,0.007089,0.11584],[0.0149902,0.981936,-0.188621],[-0.115085,0.189082,0.975194]],"s":1.0149,"t":[-74.1709,-16.7522,-50.3345],"timestamp":1131964721962},{"currentFrameRate":114.427,"devices":[],"gestures":[],"hands":[{"armBasis":[[-0.781792,-0.534881,0.320475],[-0.221917,-0.241633,-0.944652],[0.582713,-0.809639,0.0702075]],"armWidth":56.2653,"confidence":1,"direction":[-0.131429,-0.333079,-0.933694],"elbow":[127.549,-102.319,96.3313],"grabAngle":1.24561,"grabStrength":0,"id":127,"palmNormal":[-0.710803,0.688189,-0.145445],"palmPosition":[-28.5319,91.802,16.5332],"palmVelocity":[4.60134,-7.65507,-3.02659],"palmWidth":81.6617,"pinchDistance":55.3844,"pinchStrength":0.147082,"r":[[0.993248,0.00592168,0.115856],[0.0161874,0.981851,-0.188962],[-0.114872,0.189561,0.975126]],"s":1.01332,"sphereCenter":[-85.9345,118.88,-2.30745],"sphereRadius":64.8203,"stabilizedPalmPosition":[-29.5227,90.6487,16.333],"t":[-74.1609,-16.7759,-50.3386],"timeVisible":3.88501,"type":"right","wrist":[-13.6535,93.8728,79.3187]}],"id":101792,"interactionBox":{"center":[0,200,0],"size":[235.247,235.247,147.751]},"pointables":[{"bases":[[[0.332058,-0.939898,0.0795605],[0.925288,0.340957,0.166103],[-0.183246,0.0184607,0.982894]],[[0.37701,-0.874564,-0.304961],[0.912313,0.407467,-0.0406756],[0.159835,-0.262885,0.951496]],[[0.37701,-0.874564,-0.304961],[0.764878,0.479662,-0.429983],[0.522326,-0.07115,0.849773]],[[0.37701,-0.874564,-0.304961],[0.48383,0.466722,-0.740324],[0.789792,0.131561,0.599099]]],"btipPosition":[-51.4027,136.265,-22.0367],"carpPosition":[-12.9402,125.051,57.6722],"dipPosition":[-35.4607,138.921,-9.94381],"direction":[-0.522326,0.07115,-0.849773],"extended":false,"handId":127,"id":1270,"length":44.9491,"mcpPosition":[-12.9402,125.051,57.6722],"pipPosition":[-20.1008,136.828,15.0451],"stabilizedTipPosition":[-49.2372,134.297,-18.9279],"timeVisible":3.88501,"tipPosition":[-49.3332,132.823,-18.6819],"tipVelocity":[28.3702,6.39128,-13.7281],"tool":false,"touchDistance":-0.278472,"touchZone":"touching","type":0,"width":17.7523},{"bases":[[[-0.70326,-0.691332,0.165787],[0.70093,-0.713229,-0.000852425],[0.118834,0.115606,0.986161]],[[-0.685024,-0.673543,0.277637],[0.64535,-0.737854,-0.197726],[0.338033,0.0437264,0.940118]],[[-0.685024,-0.673543,0.277637],[0.48614,-0.706456,-0.514381],[0.542596,-0.217392,0.811375]],[[-0.685024,-0.673543,0.277637],[0.359876,-0.644206,-0.674899],[0.633429,-0.362406,0.683688]]],"btipPosition":[-47.7476,105.729,-73.3114],"carpPosition":[-6.73051,105.11,53.6263],"dipPosition":[-38.4134,100.388,-63.2366],"direction":[-0.542596,0.217392,-0.811375],"extended":true,"handId":127,"id":1271,"length":50.7201,"mcpPosition":[-14.5768,97.4768,-11.4872],"pipPosition":[-27.1023,95.8566,-46.3223],"stabilizedTipPosition":[-47.5541,102.64,-70.8892],"timeVisible":3.88501,"tipPosition":[-47.6066,104.641,-69.592],"tipVelocity":[15.2188,-7.9386,-2.8689],"tool":false,"touchDistance":0.327337,"touchZone":"hovering","type":1,"width":16.957},{"bases":[[[-0.789858,-0.537571,0.295197],[0.574384,-0.817128,0.0488394],[0.214959,0.208133,0.954187]],[[-0.787803,-0.535591,0.304152],[0.530394,-0.840962,-0.107073],[0.313128,0.0769677,0.946587]],[[-0.787803,-0.535591,0.304152],[0.394253,-0.81789,-0.419071],[0.473214,-0.210232,0.855495]],[[-0.787803,-0.535591,0.304152],[0.305277,-0.768426,-0.56243],[0.534951,-0.350233,0.768872]]],"btipPosition":[-60.1638,91.0021,-77.6252],"carpPosition":[-13.4106,96.4015,54.916],"dipPosition":[-51.4935,85.3256,-65.1636],"direction":[-0.473214,0.210232,-0.855495],"extended":true,"handId":127,"id":1272,"length":57.7915,"mcpPosition":[-26.8703,83.3692,-4.83074],"pipPosition":[-39.8876,80.1695,-44.182],"stabilizedTipPosition":[-61.7752,90.9427,-73.4707],"timeVisible":3.88501,"tipPosition":[-62.0704,94.4604,-71.7317],"tipVelocity":[11.1927,-5.30231,-3.02844],"tool":false,"touchDistance":0.311621,"touchZone":"hovering","type":2,"width":16.654},{"bases":[[[-0.790653,-0.437945,0.427869],[0.523044,-0.846396,0.100198],[0.318265,0.303016,0.89827]],[[-0.796166,-0.443243,0.411893],[0.365987,-0.894851,-0.255528],[0.481844,-0.0526947,0.874671]],[[-0.796166,-0.443243,0.411893],[0.11341,-0.777975,-0.617975],[0.594355,-0.445298,0.669665]],[[-0.796166,-0.443243,0.411893],[-0.0032198,-0.677613,-0.735412],[0.60507,-0.586836,0.538065]]],"btipPosition":[-82.1817,94.7814,-51.3834],"carpPosition":[-21.7706,89.69,57.4917],"dipPosition":[-72.4313,85.3249,-42.7127],"direction":[-0.594355,0.445298,-0.669665],"extended":true,"handId":127,"id":1273,"length":55.568,"mcpPosition":[-39.6629,72.6551,6.99266],"pipPosition":[-58.2308,74.6857,-26.7129],"stabilizedTipPosition":[-81.6419,89.0663,-51.4224],"timeVisible":3.88501,"tipPosition":[-80.1977,93.3216,-49.5079],"tipVelocity":[16.4753,10.9697,12.146],"tool":false,"touchDistance":0.311741,"touchZone":"hovering","type":3,"width":15.8473},{"bases":[[[-0.823984,-0.254021,0.506482],[0.419751,-0.87409,0.244491],[0.380605,0.414052,0.826862]],[[-0.810319,-0.23954,0.534794],[0.109756,-0.958524,-0.263031],[0.575619,-0.154442,0.803001]],[[-0.810319,-0.23954,0.534794],[-0.404028,-0.432641,-0.805967],[0.424435,-0.869162,0.253796]],[[-0.810319,-0.23954,0.534794],[-0.582888,0.423259,-0.693609],[-0.0602095,-0.873769,-0.4826]]],"btipPosition":[-77.2584,98.9454,-2.65964],"carpPosition":[-33.6325,88.1313,61.9662],"dipPosition":[-78.1535,85.9557,-9.83412],"direction":[-0.424435,0.869162,-0.253796],"extended":false,"handId":127,"id":1274,"length":43.5643,"mcpPosition":[-53.4394,66.5838,18.9359],"pipPosition":[-70.9937,71.2938,-5.55283],"stabilizedTipPosition":[-76.5914,94.6604,11.5327],"timeVisible":3.88501,"tipPosition":[-78.6503,97.6328,-5.59241],"tipVelocity":[-14.1635,-2.84152,-42.3479],"tool":false,"touchDistance":0.295229,"touchZone":"hovering","type":4,"width":14.0768}],"r":[[0.993248,0.00592168,0.115856],[0.0161874,0.981851,-0.188962],[-0.114872,0.189561,0.975126]],"s":1.01332,"t":[-74.1609,-16.7759,-50.3386],"timestamp":1131964730633},{"currentFrameRate":114.437,"devices":[],"gestures":[],"hands":[{"armBasis":[[-0.781898,-0.534697,0.320523],[-0.221608,-0.24217,-0.944587],[0.582689,-0.8096,0.070859]],"armWidth":56.2653,"confidence":1,"direction":[-0.131287,-0.333761,-0.93347],"elbow":[127.56,-102.339,96.4876],"grabAngle":1.24656,"grabStrength":0,"id":127,"palmNormal":[-0.709496,0.689278,-0.146664],"palmPosition":[-28.4922,91.7226,16.5305],"palmVelocity":[4.55275,-9.09393,-0.309452],"palmWidth":81.6617,"pinchDistance":55.5166,"pinchStrength":0.143393,"r":[[0.993236,0.00466604,0.116021],[0.0175147,0.981739,-0.189423],[-0.114786,0.190174,0.975017]],"s":1.0118,"sphereCenter":[-85.8815,118.78,-2.37015],"sphereRadius":64.835,"stabilizedPalmPosition":[-29.5088,90.6633,16.3357],"t":[-74.136,-16.8274,-50.3421],"timeVisible":3.89373,"type":"right","wrist":[-13.6373,93.8432,79.3171]}],"id":101793,"interactionBox":{"center":[0,200,0],"size":[235.247,235.247,147.751]},"pointables":[{"bases":[[[0.330366,-0.940394,0.0807331],[0.92575,0.339514,0.166485],[-0.183971,0.0197378,0.982733]],[[0.375736,-0.875446,-0.304],[0.913141,0.405706,-0.0397152],[0.158103,-0.262673,0.951844]],[[0.375736,-0.875446,-0.304],[0.766882,0.477896,-0.428377],[0.520301,-0.0721757,0.850927]],[[0.375736,-0.875446,-0.304],[0.486727,0.465571,-0.739149],[0.788619,0.12976,0.601035]]],"btipPosition":[-51.1762,136.256,-22.1484],"carpPosition":[-12.8746,124.985,57.6491],"dipPosition":[-35.2579,138.875,-10.0165],"direction":[-0.520301,0.0721757,-0.850927],"extended":false,"handId":127,"id":1270,"length":44.9491,"mcpPosition":[-12.8746,124.985,57.6491],"pipPosition":[-19.9576,136.753,15.0065],"stabilizedTipPosition":[-49.1525,134.422,-18.9491],"timeVisible":3.89373,"tipPosition":[-49.1832,132.774,-18.745],"tipVelocity":[25.342,-2.0188,-11.7795],"tool":false,"touchDistance":-0.280185,"touchZone":"touching","type":0,"width":17.7523},{"bases":[[[-0.704586,-0.689949,0.165918],[0.699693,-0.714444,0.0003841],[0.118274,0.116362,0.986139]],[[-0.686344,-0.672023,0.278059],[0.6446,-0.73915,-0.195315],[0.336783,0.0451837,0.940497]],[[-0.686344,-0.672023,0.278059],[0.485474,-0.708021,-0.512857],[0.541523,-0.217006,0.812195]],[[-0.686344,-0.672023,0.278059],[0.359312,-0.645736,-0.673736],[0.632319,-0.362504,0.684663]]],"btipPosition":[-47.5915,105.537,-73.3543],"carpPosition":[-6.69635,105.029,53.6275],"dipPosition":[-38.2737,100.196,-63.2652],"direction":[-0.541523,0.217006,-0.812195],"extended":true,"handId":127,"id":1271,"length":50.7201,"mcpPosition":[-14.5057,97.346,-11.4846],"pipPosition":[-26.9849,95.6717,-46.3338],"stabilizedTipPosition":[-47.536,102.655,-70.8905],"timeVisible":3.89373,"tipPosition":[-47.4699,104.51,-69.6278],"tipVelocity":[17.4707,-21.9937,-4.54551],"tool":false,"touchDistance":0.326676,"touchZone":"hovering","type":1,"width":16.957},{"bases":[[[-0.791017,-0.535913,0.295111],[0.572928,-0.818074,0.0500794],[0.214585,0.208691,0.95415]],[[-0.788921,-0.533885,0.304253],[0.529091,-0.841977,-0.105532],[0.312516,0.0777211,0.946728]],[[-0.788921,-0.533885,0.304253],[0.392973,-0.818984,-0.418136],[0.472415,-0.210313,0.855916]],[[-0.788921,-0.533885,0.304253],[0.304039,-0.769412,-0.561753],[0.534008,-0.350674,0.769327]]],"btipPosition":[-60.0619,90.8769,-77.6419],"carpPosition":[-13.3925,96.3335,54.9205],"dipPosition":[-51.4069,85.1933,-65.173],"direction":[-0.472415,0.210313,-0.855916],"extended":true,"handId":127,"id":1272,"length":57.7915,"mcpPosition":[-26.8288,83.2662,-4.82392],"pipPosition":[-39.8206,80.0352,-44.181],"stabilizedTipPosition":[-61.7353,90.9279,-73.4847],"timeVisible":3.89373,"tipPosition":[-61.9541,94.3482,-71.7658],"tipVelocity":[11.2745,-14.5468,-1.72371],"tool":false,"touchDistance":0.311371,"touchZone":"hovering","type":2,"width":16.654},{"bases":[[[-0.791741,-0.436156,0.427685],[0.521498,-0.847203,0.101426],[0.318098,0.30334,0.89822]],[[-0.797316,-0.441524,0.411513],[0.365747,-0.89581,-0.252496],[0.48012,-0.0508092,0.87573]],[[-0.797316,-0.441524,0.411513],[0.113953,-0.779667,-0.615739],[0.592707,-0.444045,0.671954]],[[-0.797316,-0.441524,0.411513],[-0.0181697,-0.663941,-0.747564],[0.603288,-0.603522,0.521348]]],"btipPosition":[-82.0334,94.8784,-51.2021],"carpPosition":[-21.7662,89.639,57.4963],"dipPosition":[-72.3117,85.153,-42.8008],"direction":[-0.592707,0.444045,-0.671954],"extended":true,"handId":127,"id":1273,"length":55.568,"mcpPosition":[-39.649,72.5858,7.00004],"pipPosition":[-58.1505,74.5437,-26.7463],"stabilizedTipPosition":[-81.6384,89.073,-51.4183],"timeVisible":3.89373,"tipPosition":[-80.1005,93.2595,-49.5484],"tipVelocity":[16.257,4.03491,13.6824],"tool":false,"touchDistance":0.31373,"touchZone":"hovering","type":3,"width":15.8473},{"bases":[[[-0.824813,-0.252098,0.506092],[0.418045,-0.874578,0.245667],[0.380685,0.414199,0.826752]],[[-0.811039,-0.237503,0.534611],[0.109284,-0.959301,-0.260383],[0.574694,-0.152756,0.803985]],[[-0.811039,-0.237503,0.534611],[-0.401629,-0.438394,-0.804055],[0.425336,-0.866835,0.260166]],[[-0.811039,-0.237503,0.534611],[-0.582881,0.405673,-0.704045],[-0.0496644,-0.882622,-0.467452]]],"btipPosition":[-77.408,98.9526,-3.01965],"carpPosition":[-33.6341,88.1052,61.9631],"dipPosition":[-78.1463,85.8313,-9.96895],"direction":[-0.425336,0.866835,-0.260166],"extended":false,"handId":127,"id":1274,"length":43.5643,"mcpPosition":[-53.4452,66.5501,18.9385],"pipPosition":[-70.9713,71.2086,-5.5802],"stabilizedTipPosition":[-76.5929,94.6622,11.5091],"timeVisible":3.89373,"tipPosition":[-78.5625,97.5839,-5.61833],"tipVelocity":[-13.0188,-2.6431,-35.3419],"tool":false,"touchDistance":0.290092,"touchZone":"hovering","type":4,"width":14.0768}],"r":[[0.993236,0.00466604,0.116021],[0.0175147,0.981739,-0.189423],[-0.114786,0.190174,0.975017]],"s":1.0118,"t":[-74.136,-16.8274,-50.3421],"timestamp":1131964739354},{"currentFrameRate":114.464,"devices":[],"gestures":[],"hands":[{"armBasis":[[-0.781963,-0.534565,0.320585],[-0.221099,-0.243001,-0.944492],[0.582795,-0.809439,0.0718258]],"armWidth":56.2653,"confidence":1,"direction":[-0.130958,-0.334743,-0.933165],"elbow":[127.586,-102.304,96.7398],"grabAngle":1.24695,"grabStrength":0,"id":127,"palmNormal":[-0.708085,0.690383,-0.148282],"palmPosition":[-28.4569,91.6466,16.5459],"palmVelocity":[4.06062,-8.74958,1.77763],"palmWidth":81.6617,"pinchDistance":55.5729,"pinchStrength":0.141265,"r":[[0.993202,0.00332852,0.116352],[0.018974,0.981592,-0.190046],[-0.114843,0.190962,0.974856]],"s":1.01057,"sphereCenter":[-85.8237,118.644,-2.43612],"sphereRadius":64.8344,"stabilizedPalmPosition":[-29.4945,90.6766,16.3386],"t":[-74.1059,-16.8912,-50.336],"timeVisible":3.90242,"type":"right","wrist":[-13.6368,93.8386,79.335]}],"id":101794,"interactionBox":{"center":[0,200,0],"size":[235.247,235.247,147.751]},"pointables":[{"bases":[[[0.328562,-0.94089,0.0822963],[0.926202,0.338037,0.166976],[-0.184925,0.0213612,0.98252]],[[0.374436,-0.876548,-0.302425],[0.914039,0.403782,-0.038639],[0.155983,-0.26196,0.95239]],[[0.374436,-0.876548,-0.302425],[0.768819,0.475816,-0.42722],[0.518378,-0.0725432,0.852069]],[[0.374436,-0.876548,-0.302425],[0.489415,0.463846,-0.738458],[0.787572,0.128494,0.602676]]],"btipPosition":[-50.9488,136.209,-22.2519],"carpPosition":[-12.8198,124.934,57.6368],"dipPosition":[-35.0516,138.803,-10.0868],"direction":[-0.518378,0.0725432,-0.852069],"extended":false,"handId":127,"id":1270,"length":44.9491,"mcpPosition":[-12.8198,124.934,57.6368],"pipPosition":[-19.8079,136.67,14.9697],"stabilizedTipPosition":[-49.0643,134.536,-18.973],"timeVisible":3.90242,"tipPosition":[-49.0275,132.713,-18.8077],"tipVelocity":[25.6099,-6.01647,-11.0339],"tool":false,"touchDistance":-0.281783,"touchZone":"touching","type":0,"width":17.7523},{"bases":[[[-0.706015,-0.688441,0.166108],[0.698383,-0.715722,0.00202493],[0.117493,0.117437,0.986105]],[[-0.687693,-0.670243,0.279021],[0.643972,-0.740604,-0.191849],[0.33523,0.0477485,0.940926]],[[-0.687693,-0.670243,0.279021],[0.485409,-0.710273,-0.509795],[0.539868,-0.215143,0.813791]],[[-0.687693,-0.670243,0.279021],[0.360033,-0.648581,-0.670611],[0.63044,-0.360718,0.687334]]],"btipPosition":[-47.3979,105.239,-73.4206],"carpPosition":[-6.67412,104.962,53.6475],"dipPosition":[-38.1078,99.9233,-63.2921],"direction":[-0.539868,0.215143,-0.813792],"extended":true,"handId":127,"id":1271,"length":50.7201,"mcpPosition":[-14.4319,97.2076,-11.4623],"pipPosition":[-26.8535,95.4384,-46.3274],"stabilizedTipPosition":[-47.5141,102.668,-70.8924],"timeVisible":3.90242,"tipPosition":[-47.3047,104.352,-69.6618],"tipVelocity":[21.5408,-33.6557,-6.58173],"tool":false,"touchDistance":0.325723,"touchZone":"hovering","type":1,"width":16.957},{"bases":[[[-0.792293,-0.534078,0.295012],[0.571378,-0.819055,0.0517276],[0.214005,0.209547,0.954092]],[[-0.790075,-0.531918,0.304705],[0.527758,-0.843087,-0.103328],[0.311854,0.0791736,0.946825]],[[-0.790075,-0.531918,0.304705],[0.392053,-0.820568,-0.415888],[0.471249,-0.209122,0.85685]],[[-0.790075,-0.531918,0.304705],[0.303702,-0.771418,-0.559177],[0.532491,-0.349253,0.771023]]],"btipPosition":[-59.9399,90.6572,-77.6682],"carpPosition":[-13.3875,96.2801,54.9451],"dipPosition":[-51.3095,84.9967,-65.1717],"direction":[-0.471249,0.209122,-0.85685],"extended":true,"handId":127,"id":1272,"length":57.7915,"mcpPosition":[-26.7875,83.1592,-4.79571],"pipPosition":[-39.7518,79.8678,-44.1568],"stabilizedTipPosition":[-61.6922,90.91,-73.4996],"timeVisible":3.90242,"tipPosition":[-61.806,94.194,-71.8022],"tipVelocity":[13.3888,-24.665,-2.29256],"tool":false,"touchDistance":0.311039,"touchZone":"hovering","type":2,"width":16.654},{"bases":[[[-0.792969,-0.434146,0.427455],[0.519843,-0.848022,0.103061],[0.317748,0.303934,0.898143]],[[-0.798496,-0.439484,0.411411],[0.364928,-0.896894,-0.249816],[0.478782,-0.0493419,0.876546]],[[-0.798496,-0.439484,0.411411],[0.114281,-0.781639,-0.613172],[0.591054,-0.442599,0.67436]],[[-0.798496,-0.439484,0.411411],[-0.0321491,-0.6513,-0.758139],[0.601142,-0.618597,0.505931]]],"btipPosition":[-81.8978,94.9622,-51.0134],"carpPosition":[-21.776,89.6043,57.5212],"dipPosition":[-72.2107,84.9938,-42.8606],"direction":[-0.591054,0.442599,-0.67436],"extended":true,"handId":127,"id":1273,"length":55.568,"mcpPosition":[-39.6392,72.5177,7.02925],"pipPosition":[-58.0891,74.4191,-26.7485],"stabilizedTipPosition":[-81.6348,89.0795,-51.4142],"timeVisible":3.90242,"tipPosition":[-79.9915,93.1847,-49.5812],"tipVelocity":[14.6795,3.20996,15.1421],"tool":false,"touchDistance":0.315923,"touchZone":"hovering","type":3,"width":15.8473},{"bases":[[[-0.825783,-0.249926,0.505588],[0.416196,-0.875019,0.247232],[0.38061,0.414584,0.826593]],[[-0.811665,-0.234961,0.534783],[0.107743,-0.960044,-0.258276],[0.5741,-0.152014,0.80455]],[[-0.811665,-0.234961,0.534783],[-0.401376,-0.44081,-0.80286],[0.424379,-0.866302,0.263482]],[[-0.811665,-0.234961,0.534783],[-0.582639,0.390886,-0.712559],[-0.0416155,-0.889944,-0.454166]]],"btipPosition":[-77.5066,99.0027,-3.26716],"carpPosition":[-33.6512,88.0981,61.978],"dipPosition":[-78.1253,85.7725,-10.0189],"direction":[-0.424379,0.866302,-0.263482],"extended":false,"handId":127,"id":1274,"length":43.5643,"mcpPosition":[-53.4584,66.5229,18.9617],"pipPosition":[-70.9664,71.1588,-5.57427],"stabilizedTipPosition":[-76.594,94.6637,11.4909],"timeVisible":3.90242,"tipPosition":[-78.4821,97.5478,-5.64921],"tipVelocity":[-8.17775,2.88167,-23.2546],"tool":false,"touchDistance":0.286724,"touchZone":"hovering","type":4,"width":14.0768}],"r":[[0.993202,0.00332852,0.116352],[0.018974,0.981592,-0.190046],[-0.114843,0.190962,0.974856]],"s":1.01057,"t":[-74.1059,-16.8912,-50.336],"timestamp":1131964748044},{"currentFrameRate":114.527,"devices":[],"gestures":[],"hands":[{"armBasis":[[-0.782014,-0.534353,0.320815],[-0.221062,-0.243468,-0.944381],[0.58274,-0.809439,0.0722701]],"armWidth":56.2653,"confidence":1,"direction":[-0.131133,-0.335399,-0.932905],"elbow":[127.615,-102.35,96.8465],"grabAngle":1.24713,"grabStrength":0,"id":127,"palmNormal":[-0.706452,0.691809,-0.149419],"palmPosition":[-28.4072,91.5522,16.5486],"palmVelocity":[5.75878,-10.9498,0.307759],"palmWidth":81.6617,"pinchDistance":55.4868,"pinchStrength":0.141059,"r":[[0.993161,0.00183928,0.11674],[0.0206028,0.981424,-0.19074],[-0.114922,0.191841,0.974674]],"s":1.00985,"sphereCenter":[-85.7184,118.479,-2.5016],"sphereRadius":64.8082,"stabilizedPalmPosition":[-29.4796,90.6887,16.3414],"t":[-74.0661,-16.9703,-50.3317],"timeVisible":3.91104,"type":"right","wrist":[-13.5942,93.7929,79.334]}],"id":101795,"interactionBox":{"center":[0,200,0],"size":[235.247,235.247,147.751]},"pointables":[{"bases":[[[0.326411,-0.941537,0.0834545],[0.926851,0.33614,0.167201],[-0.185478,0.0227735,0.982384]],[[0.372639,-0.877879,-0.30078],[0.915151,0.401352,-0.0376272],[0.153751,-0.261238,0.952951]],[[0.372639,-0.877879,-0.30078],[0.77054,0.473333,-0.426877],[0.517116,-0.0726917,0.852823]],[[0.372639,-0.877879,-0.30078],[0.491304,0.461609,-0.738605],[0.787249,0.127459,0.603319]]],"btipPosition":[-50.7064,136.115,-22.3338],"carpPosition":[-12.7211,124.846,57.6152],"dipPosition":[-34.8158,138.688,-10.1557],"direction":[-0.517116,0.0726917,-0.852823],"extended":false,"handId":127,"id":1270,"length":44.9491,"mcpPosition":[-12.7211,124.846,57.6152],"pipPosition":[-19.6092,136.55,14.9229],"stabilizedTipPosition":[-48.9691,134.638,-18.9995],"timeVisible":3.91104,"tipPosition":[-48.8557,132.648,-18.8627],"tipVelocity":[27.9294,-11.5391,-9.14794],"tool":false,"touchDistance":-0.283097,"touchZone":"touching","type":0,"width":17.7523},{"bases":[[[-0.707651,-0.686695,0.166374],[0.696782,-0.717275,0.00318162],[0.117151,0.118178,0.986058]],[[-0.689088,-0.668156,0.280582],[0.643469,-0.742233,-0.187185],[0.333326,0.0515589,0.941401]],[[-0.689088,-0.668156,0.280582],[0.486096,-0.713329,-0.504849],[0.537465,-0.211496,0.816334]],[[-0.689088,-0.668156,0.280582],[0.36227,-0.652941,-0.665153],[0.627629,-0.356702,0.691987]]],"btipPosition":[-47.1567,104.808,-73.5541],"carpPosition":[-6.61753,104.856,53.65],"dipPosition":[-37.908,99.5519,-63.357],"direction":[-0.537465,0.211496,-0.816334],"extended":true,"handId":127,"id":1271,"length":50.7201,"mcpPosition":[-14.3527,97.0534,-11.4567],"pipPosition":[-26.7038,95.1429,-46.3394],"stabilizedTipPosition":[-47.4866,102.678,-70.8959],"timeVisible":3.91104,"tipPosition":[-47.1311,104.2,-69.7139],"tipVelocity":[26.8678,-48.3567,-13.6545],"tool":false,"touchDistance":0.32376,"touchZone":"hovering","type":1,"width":16.957},{"bases":[[[-0.793664,-0.532008,0.295068],[0.569517,-0.820275,0.0529113],[0.213888,0.21004,0.95401]],[[-0.791243,-0.529647,0.305629],[0.526129,-0.844366,-0.101168],[0.311646,0.0807515,0.946761]],[[-0.791243,-0.529647,0.305629],[0.391024,-0.822495,-0.41304],[0.470143,-0.207307,0.857898]],[[-0.791243,-0.529647,0.305629],[0.303588,-0.774095,-0.555527],[0.530819,-0.346772,0.773292]]],"btipPosition":[-59.8332,90.3871,-77.7157],"carpPosition":[-13.351,96.1911,54.9523],"dipPosition":[-51.2299,84.7667,-65.1824],"direction":[-0.470143,0.207307,-0.857898],"extended":true,"handId":127,"id":1272,"length":57.7915,"mcpPosition":[-26.7437,83.0393,-4.78339],"pipPosition":[-39.6993,79.6824,-44.1418],"stabilizedTipPosition":[-61.6463,90.8883,-73.5156],"timeVisible":3.91104,"tipPosition":[-61.6605,94.0374,-71.8507],"tipVelocity":[11.6474,-30.2569,-4.52427],"tool":false,"touchDistance":0.310388,"touchZone":"hovering","type":2,"width":16.654},{"bases":[[[-0.794197,-0.431941,0.427409],[0.517886,-0.849074,0.104242],[0.317875,0.304138,0.898029]],[[-0.799608,-0.437168,0.411717],[0.363311,-0.89806,-0.247977],[0.478154,-0.0487032,0.876924]],[[-0.799608,-0.437168,0.411717],[0.113889,-0.783551,-0.610801],[0.589624,-0.441511,0.676322]],[[-0.799608,-0.437168,0.411717],[-0.0463736,-0.6386,-0.76814],[0.598729,-0.633304,0.490357]]],"btipPosition":[-81.7878,95.0695,-50.8086],"carpPosition":[-21.756,89.5367,57.53],"dipPosition":[-72.1395,84.8641,-42.9068],"direction":[-0.589624,0.441511,-0.676322],"extended":true,"handId":127,"id":1273,"length":55.568,"mcpPosition":[-39.6263,72.4386,7.04448],"pipPosition":[-58.0521,74.3154,-26.7479],"stabilizedTipPosition":[-81.6315,89.0854,-51.4103],"timeVisible":3.91104,"tipPosition":[-79.8934,93.1323,-49.6035],"tipVelocity":[11.7285,6.11916,17.0469],"tool":false,"touchDistance":0.318373,"touchZone":"hovering","type":3,"width":15.8473},{"bases":[[[-0.826648,-0.247568,0.505334],[0.414091,-0.875693,0.248377],[0.381027,0.414575,0.826405]],[[-0.811885,-0.231958,0.535759],[0.104647,-0.960641,-0.257329],[0.574362,-0.152856,0.804204]],[[-0.811885,-0.231958,0.535759],[-0.40433,-0.438576,-0.802601],[0.421141,-0.868244,0.262286]],[[-0.811885,-0.231958,0.535759],[-0.582605,0.381008,-0.717917],[-0.0376019,-0.895002,-0.444474]]],"btipPosition":[-77.5274,99.1002,-3.3677],"carpPosition":[-33.6373,88.0615,61.9811],"dipPosition":[-78.0864,85.7948,-9.9754],"direction":[-0.421141,0.868244,-0.262286],"extended":false,"handId":127,"id":1274,"length":43.5643,"mcpPosition":[-53.4662,66.4868,18.9745],"pipPosition":[-70.9822,71.1484,-5.5509],"stabilizedTipPosition":[-76.5954,94.6654,11.4706],"timeVisible":3.91104,"tipPosition":[-78.3995,97.5301,-5.67682],"tipVelocity":[-0.821627,9.29843,-7.81528],"tool":false,"touchDistance":0.2856,"touchZone":"hovering","type":4,"width":14.0768}],"r":[[0.993161,0.00183928,0.11674],[0.0206028,0.981424,-0.19074],[-0.114922,0.191841,0.974674]],"s":1.00985,"t":[-74.0661,-16.9703,-50.3317],"timestamp":1131964756668},{"currentFrameRate":114.53,"devices":[],"gestures":[],"hands":[{"armBasis":[[-0.782235,-0.533878,0.321066],[-0.221735,-0.243025,-0.944337],[0.582188,-0.809885,0.0717232]],"armWidth":56.2653,"confidence":1,"direction":[-0.13211,-0.335248,-0.932821],"elbow":[127.552,-102.526,96.6908],"grabAngle":1.24724,"grabStrength":0,"id":127,"palmNormal":[-0.704153,0.694083,-0.149723],"palmPosition":[-28.3673,91.4925,16.5365],"palmVelocity":[4.57665,-6.83967,-1.38248],"palmWidth":81.6617,"pinchDistance":55.2875,"pinchStrength":0.141945,"r":[[0.993123,0.0000020523,0.117077],[0.0225564,0.981262,-0.191354],[-0.114884,0.192679,0.974513]],"s":1.0099,"sphereCenter":[-85.5736,118.385,-2.55925],"sphereRadius":64.7638,"stabilizedPalmPosition":[-29.4641,90.6998,16.3442],"t":[-74.0261,-17.0397,-50.3356],"timeVisible":3.91977,"type":"right","wrist":[-13.5239,93.7244,79.3109]}],"id":101796,"interactionBox":{"center":[0,200,0],"size":[235.247,235.247,147.751]},"pointables":[{"bases":[[[0.323302,-0.94258,0.0837826],[0.927929,0.333141,0.167225],[-0.185534,0.0236802,0.982352]],[[0.36975,-0.879483,-0.299656],[0.916711,0.397872,-0.0366003],[0.151414,-0.261165,0.953345]],[[0.36975,-0.879483,-0.299656],[0.772344,0.470215,-0.427062],[0.516497,-0.0735315,0.853126]],[[0.36975,-0.879483,-0.299656],[0.492755,0.459036,-0.739241],[0.787704,0.125677,0.603099]]],"btipPosition":[-50.4489,136.073,-22.3759],"carpPosition":[-12.5773,124.747,57.5952],"dipPosition":[-34.5491,138.61,-10.2023],"direction":[-0.516497,0.0735315,-0.853126],"extended":false,"handId":127,"id":1270,"length":44.9491,"mcpPosition":[-12.5773,124.747,57.5952],"pipPosition":[-19.3606,136.448,14.8853],"stabilizedTipPosition":[-48.8624,134.737,-19.0278],"timeVisible":3.91977,"tipPosition":[-48.6659,132.665,-18.8935],"tipVelocity":[29.7536,-5.71892,-4.94298],"tool":false,"touchDistance":-0.283768,"touchZone":"touching","type":0,"width":17.7523},{"bases":[[[-0.709927,-0.684314,0.166486],[0.69442,-0.719562,0.0034921],[0.117407,0.11809,0.986038]],[[-0.690956,-0.665443,0.282428],[0.642533,-0.74436,-0.181876],[0.331256,0.0558013,0.941889]],[[-0.690956,-0.665443,0.282428],[0.48698,-0.717208,-0.498461],[0.534257,-0.206878,0.819616]],[[-0.690956,-0.665443,0.282428],[0.365521,-0.65867,-0.657683],[0.623678,-0.351197,0.698346]]],"btipPosition":[-46.8932,104.359,-73.7462],"carpPosition":[-6.53892,104.736,53.6368],"dipPosition":[-37.7027,99.184,-63.4554],"direction":[-0.534257,0.206878,-0.819616],"extended":true,"handId":127,"id":1271,"length":50.7201,"mcpPosition":[-14.291,96.939,-11.4685],"pipPosition":[-26.5654,94.8713,-46.3693],"stabilizedTipPosition":[-47.4525,102.684,-70.902],"timeVisible":3.91977,"tipPosition":[-46.9715,104.146,-69.7808],"tipVelocity":[28.6608,-49.3087,-19.5391],"tool":false,"touchDistance":0.320918,"touchZone":"hovering","type":1,"width":16.957},{"bases":[[[-0.795448,-0.529306,0.295121],[0.56681,-0.822127,0.0532357],[0.214449,0.209624,0.953976]],[[-0.792772,-0.526709,0.30674],[0.523806,-0.846064,-0.0990116],[0.311672,0.0821784,0.94663]],[[-0.792772,-0.526709,0.30674],[0.38964,-0.82493,-0.409476],[0.468714,-0.205103,0.859209]],[[-0.792772,-0.526709,0.30674],[0.30357,-0.77759,-0.550636],[0.528543,-0.343412,0.776345]]],"btipPosition":[-59.7476,90.1477,-77.8011],"carpPosition":[-13.301,96.0935,54.9409],"dipPosition":[-51.1811,84.5818,-65.2184],"direction":[-0.468714,0.205103,-0.859209],"extended":true,"handId":127,"id":1272,"length":57.7915,"mcpPosition":[-26.7289,82.9678,-4.79266],"pipPosition":[-39.6856,79.5515,-44.1457],"stabilizedTipPosition":[-61.5987,90.8635,-73.5327],"timeVisible":3.91977,"tipPosition":[-61.5388,93.9767,-71.917],"tipVelocity":[8.84484,-25.9939,-8.48617],"tool":false,"touchDistance":0.309154,"touchZone":"hovering","type":2,"width":16.654},{"bases":[[[-0.79567,-0.429198,0.427432],[0.515078,-0.850741,0.104568],[0.318753,0.303362,0.89798]],[[-0.800883,-0.434204,0.412375],[0.360505,-0.899475,-0.246943],[0.478145,-0.0491088,0.876907]],[[-0.800883,-0.434204,0.412375],[0.112337,-0.78536,-0.60876],[0.58819,-0.441221,0.677759]],[[-0.800883,-0.434204,0.412375],[-0.0609162,-0.625998,-0.777442],[0.595715,-0.64776,0.474901]]],"btipPosition":[-81.7261,95.2856,-50.601],"carpPosition":[-21.7282,89.4675,57.5194],"dipPosition":[-72.1265,84.8472,-42.9483],"direction":[-0.58819,0.441221,-0.677759],"extended":true,"handId":127,"id":1273,"length":55.568,"mcpPosition":[-39.6479,72.413,7.03667],"pipPosition":[-58.0733,74.3055,-26.755],"stabilizedTipPosition":[-81.628,89.0917,-51.406],"timeVisible":3.91977,"tipPosition":[-79.8352,93.2178,-49.6134],"tipVelocity":[5.78086,18.6197,17.2237],"tool":false,"touchDistance":0.320879,"touchZone":"hovering","type":3,"width":15.8473},{"bases":[[[-0.827525,-0.244696,0.505298],[0.411175,-0.876975,0.248697],[0.382278,0.413569,0.826332]],[[-0.811895,-0.228287,0.537319],[0.0998672,-0.961119,-0.257443],[0.575198,-0.155356,0.803126]],[[-0.811895,-0.228287,0.537319],[-0.410117,-0.431998,-0.803232],[0.415488,-0.872504,0.257113]],[[-0.811895,-0.228287,0.537319],[-0.582481,0.378672,-0.719252],[-0.0392719,-0.896935,-0.440415]]],"btipPosition":[-77.4754,99.3006,-3.31581],"carpPosition":[-33.6149,88.0328,61.9693],"dipPosition":[-78.0592,85.9665,-9.86316],"direction":[-0.415488,0.872504,-0.257113],"extended":false,"handId":127,"id":1274,"length":43.5643,"mcpPosition":[-53.5089,66.5104,18.9666],"pipPosition":[-71.0504,71.2482,-5.52592],"stabilizedTipPosition":[-76.5971,94.6681,11.4421],"timeVisible":3.91977,"tipPosition":[-78.3304,97.616,-5.68987],"tipVelocity":[5.30424,22.209,7.53624],"tool":false,"touchDistance":0.286697,"touchZone":"hovering","type":4,"width":14.0768}],"r":[[0.993123,0.0000020523,0.117077],[0.0225564,0.981262,-0.191354],[-0.114884,0.192679,0.974513]],"s":1.0099,"t":[-74.0261,-17.0397,-50.3356],"timestamp":1131964765395},{"currentFrameRate":114.607,"devices":[],"gestures":[],"hands":[{"armBasis":[[-0.782345,-0.533386,0.321615],[-0.222589,-0.242832,-0.944186],[0.581714,-0.810267,0.0712526]],"armWidth":56.2653,"confidence":1,"direction":[-0.133263,-0.335339,-0.932625],"elbow":[127.527,-102.649,96.553],"grabAngle":1.24844,"grabStrength":0,"id":127,"palmNormal":[-0.701905,0.696283,-0.150064],"palmPosition":[-28.3201,91.4542,16.5276],"palmVelocity":[5.49158,-4.45993,-1.03723],"palmWidth":81.6617,"pinchDistance":54.9872,"pinchStrength":0.144436,"r":[[0.99309,-0.00209965,0.117335],[0.024754,0.981092,-0.191955],[-0.114713,0.193533,0.974364]],"s":1.01095,"sphereCenter":[-85.3402,118.29,-2.65421],"sphereRadius":64.6704,"stabilizedPalmPosition":[-29.4486,90.71,16.3466],"t":[-73.9826,-17.0935,-50.342],"timeVisible":3.92836,"type":"right","wrist":[-13.4333,93.6943,79.2871]}],"id":101797,"interactionBox":{"center":[0,200,0],"size":[235.247,235.247,147.751]},"pointables":[{"bases":[[[0.320244,-0.943578,0.0842886],[0.929018,0.330218,0.166976],[-0.185388,0.0248326,0.982352]],[[0.366814,-0.88124,-0.298099],[0.91824,0.394387,-0.0359841],[0.149277,-0.260526,0.953857]],[[0.366814,-0.88124,-0.298099],[0.773685,0.466912,-0.428258],[0.516584,-0.0735431,0.853072]],[[0.366814,-0.88124,-0.298099],[0.493315,0.455929,-0.740789],[0.788725,0.124676,0.60197]]],"btipPosition":[-50.2184,135.998,-22.403],"carpPosition":[-12.4193,124.681,57.5666],"dipPosition":[-34.2979,138.515,-10.2522],"direction":[-0.516584,0.0735431,-0.853072],"extended":false,"handId":127,"id":1270,"length":44.9491,"mcpPosition":[-12.4193,124.681,57.5666],"pipPosition":[-19.1069,136.352,14.8338],"stabilizedTipPosition":[-48.7487,134.828,-19.0564],"timeVisible":3.92836,"tipPosition":[-48.4755,132.697,-18.9283],"tipVelocity":[27.3789,-9.25416,-3.76985],"tool":false,"touchDistance":-0.284211,"touchZone":"touching","type":0,"width":17.7523},{"bases":[[[-0.712135,-0.681911,0.166917],[0.692079,-0.721812,0.00384819],[0.117858,0.11826,0.985963]],[[-0.692726,-0.662674,0.284593],[0.642072,-0.746383,-0.175088],[0.328442,0.0614415,0.942524]],[[-0.692726,-0.662674,0.284593],[0.489073,-0.721655,-0.489921],[0.530036,-0.200194,0.824005]],[[-0.692726,-0.662674,0.284593],[0.370746,-0.665687,-0.647618],[0.618609,-0.34311,0.706822]]],"btipPosition":[-46.5633,103.792,-73.999],"carpPosition":[-6.44626,104.648,53.619],"dipPosition":[-37.4476,98.7359,-63.5833],"direction":[-0.530036,0.200194,-0.824005],"extended":true,"handId":127,"id":1271,"length":50.7201,"mcpPosition":[-14.2281,96.8392,-11.4814],"pipPosition":[-26.3982,94.5626,-46.4058],"stabilizedTipPosition":[-47.4087,102.683,-70.9123],"timeVisible":3.92836,"tipPosition":[-46.797,104.063,-69.8643],"tipVelocity":[36.3839,-62.8242,-26.0767],"tool":false,"touchDistance":0.317184,"touchZone":"hovering","type":1,"width":16.957},{"bases":[[[-0.797143,-0.526554,0.295471],[0.56414,-0.823934,0.0536577],[0.215195,0.20946,0.953844]],[[-0.794212,-0.523723,0.308127],[0.521798,-0.84767,-0.0958243],[0.311376,0.0846753,0.946507]],[[-0.794212,-0.523723,0.308127],[0.388907,-0.827737,-0.404478],[0.466883,-0.201408,0.861078]],[[-0.794212,-0.523723,0.308127],[0.304592,-0.781911,-0.543911],[0.525787,-0.338128,0.780524]]],"btipPosition":[-59.6277,89.8121,-77.9138],"carpPosition":[-13.2363,96.0277,54.9284],"dipPosition":[-51.1059,84.3318,-65.2634],"direction":[-0.466883,0.201408,-0.861078],"extended":true,"handId":127,"id":1272,"length":57.7915,"mcpPosition":[-26.7109,82.9122,-4.79691],"pipPosition":[-39.6553,79.3921,-44.1448],"stabilizedTipPosition":[-61.5488,90.8341,-73.5514],"timeVisible":3.92836,"tipPosition":[-61.4041,93.8749,-71.9938],"tipVelocity":[12.7574,-36.7639,-11.3057],"tool":false,"touchDistance":0.307535,"touchZone":"hovering","type":2,"width":16.654},{"bases":[[[-0.797031,-0.426371,0.427725],[0.512318,-0.852351,0.10501],[0.319799,0.302828,0.897788]],[[-0.801999,-0.431117,0.413444],[0.357592,-0.900949,-0.245804],[0.478462,-0.0492903,0.876724]],[[-0.801999,-0.431117,0.413444],[0.110844,-0.78755,-0.6062],[0.586951,-0.440344,0.679401]],[[-0.801999,-0.431117,0.413444],[-0.0745559,-0.614497,-0.785388],[0.592654,-0.660705,0.460684]]],"btipPosition":[-81.6748,95.4733,-50.4016],"carpPosition":[-21.6848,89.4306,57.5112],"dipPosition":[-72.1245,84.8264,-42.9779],"direction":[-0.586951,0.440344,-0.679401],"extended":true,"handId":127,"id":1273,"length":55.568,"mcpPosition":[-39.6633,72.4062,7.0392],"pipPosition":[-58.1009,74.3056,-26.7454],"stabilizedTipPosition":[-81.6245,89.098,-51.4017],"timeVisible":3.92836,"tipPosition":[-79.7835,93.3067,-49.61],"tipVelocity":[4.65019,16.2661,17.0789],"tool":false,"touchDistance":0.323325,"touchZone":"hovering","type":3,"width":15.8473},{"bases":[[[-0.828281,-0.241723,0.50549],[0.408341,-0.878166,0.249161],[0.383677,0.412788,0.826074]],[[-0.811569,-0.224308,0.539483],[0.0943589,-0.961565,-0.257854],[0.576586,-0.158361,0.801542]],[[-0.811569,-0.224308,0.539483],[-0.418032,-0.422148,-0.804388],[0.408172,-0.878338,0.248835]],[[-0.811569,-0.224308,0.539483],[-0.582272,0.386549,-0.715219],[-0.0481074,-0.894576,-0.44432]]],"btipPosition":[-77.2966,99.5004,-3.06303],"carpPosition":[-33.5758,88.0369,61.9627],"dipPosition":[-78.0118,86.2014,-9.66843],"direct