{"frames":51,"data":[{"currentFrameRate":57.6067,"devices":[],"gestures":[],"hands":[{"armBasis":[[-0.739776,-0.667106,0.0877523],[0.570494,-0.691027,-0.443868],[0.356746,-0.278301,0.891785]],"armWidth":56.2653,"confidence":1,"direction":[-0.139177,-0.180505,-0.973677],"elbow":[132.644,20.8243,334.048],"grabAngle":1.21455,"grabStrength":0.248286,"id":125,"palmNormal":[-0.724946,0.688388,-0.0239937],"palmPosition":[36.2824,87.9701,50.4085],"palmVelocity":[-2.60449,-38.3441,-35.1283],"palmWidth":81.6617,"pinchDistance":31.5896,"pinchStrength":0.721293,"r":[[0.793701,-0.543897,0.272423],[0.586373,0.803248,-0.104692],[-0.161881,0.242836,0.956465]],"s":1.40651,"sphereCenter":[-33.9616,104.485,40.1457],"sphereRadius":72.1953,"stabilizedPalmPosition":[35.9648,99.4804,54.2489],"t":[-10.8135,-5.89774,-15.5565],"timeVisible":3.76376,"type":"right","wrist":[46.1972,88.2621,117.951]}],"id":101149,"interactionBox":{"center":[0,200,0],"size":[235.247,235.247,147.751]},"pointables":[{"bases":[[[0.349797,-0.933629,-0.0773264],[0.921434,0.327976,0.208304],[-0.169118,-0.144115,0.975003]],[[0.38829,-0.796341,-0.463759],[0.907525,0.41786,0.0423144],[0.16009,-0.437304,0.88495]],[[0.38829,-0.796341,-0.463759],[0.853791,0.500258,-0.144164],[0.346803,-0.339976,0.874153]],[[0.38829,-0.796341,-0.463759],[0.640839,0.594976,-0.485107],[0.662236,-0.108833,0.741349]]],"btipPosition":[21.146,146.23,15.8829],"carpPosition":[51.8836,114.444,96.1988],"dipPosition":[34.5133,144.033,30.8471],"direction":[-0.346803,0.339976,-0.874153],"extended":false,"handId":125,"id":1250,"length":44.9491,"mcpPosition":[51.8836,114.444,96.1988],"pipPosition":[44.7116,134.035,56.553],"stabilizedTipPosition":[23.1492,154.466,25.5062],"timeVisible":3.76376,"tipPosition":[27.4222,147.817,18.3229],"tipVelocity":[12.3854,-61.5347,-80.554],"tool":false,"touchDistance":-0.342638,"touchZone":"touching","type":0,"width":17.7523},{"bases":[[[-0.68839,-0.722858,0.0599639],[0.713375,-0.68967,-0.124302],[0.131208,-0.0427918,0.990431]],[[-0.680866,-0.724098,0.110019],[0.519041,-0.583021,-0.625046],[0.516738,-0.368469,0.772796]],[[-0.680866,-0.724098,0.110019],[0.0336264,-0.180962,-0.982915],[0.731636,-0.665534,0.147559]],[[-0.680866,-0.724098,0.110019],[-0.296371,0.135022,-0.94548],[0.669765,-0.676352,-0.306533]]],"btipPosition":[5.45374,135.864,-3.67974],"carpPosition":[58.3859,95.5451,88.9099],"dipPosition":[15.3233,125.898,-8.19679],"direction":[-0.731636,0.665534,-0.147559],"extended":false,"handId":125,"id":1251,"length":50.7201,"mcpPosition":[49.7225,98.3705,23.5145],"pipPosition":[30.5753,112.024,-5.12071],"stabilizedTipPosition":[5.53957,146.78,0.825609],"timeVisible":3.76376,"tipPosition":[8.86641,131.965,-10.1637],"tipVelocity":[13.9802,-67.2241,-59.2369],"tool":false,"touchDistance":0.193772,"touchZone":"hovering","type":1,"width":16.957},{"bases":[[[-0.775793,-0.593759,0.21353],[0.589432,-0.802721,-0.0906005],[0.2252,0.0555739,0.972726]],[[-0.754907,-0.587272,0.291938],[0.498201,-0.803004,-0.32708],[0.426512,-0.101471,0.898772]],[[-0.754907,-0.587272,0.291938],[0.202438,-0.632063,-0.748008],[0.623807,-0.505577,0.596035]],[[-0.754907,-0.587272,0.291938],[0.0378651,-0.483427,-0.874566],[0.654738,-0.649161,0.387179]]],"btipPosition":[-5.86201,110.271,-30.3126],"carpPosition":[51.8809,86.6117,88.8519],"dipPosition":[4.74976,99.7499,-24.0374],"direction":[-0.623807,0.505577,-0.596035],"extended":true,"handId":125,"id":1252,"length":57.7915,"mcpPosition":[37.7799,83.1319,27.9443],"pipPosition":[20.0491,87.3503,-9.41921],"stabilizedTipPosition":[-3.52884,112.425,-27.2053],"timeVisible":3.76376,"tipPosition":[-1.79231,106.694,-30.4043],"tipVelocity":[6.46821,-69.7012,-42.456],"tool":false,"touchDistance":-0.318069,"touchZone":"touching","type":2,"width":16.654},{"bases":[[[-0.776409,-0.516896,0.360565],[0.539377,-0.840911,-0.0440587],[0.325977,0.160273,0.931693]],[[-0.776047,-0.516718,0.361599],[0.522636,-0.847809,-0.089845],[0.352991,0.119261,0.927995]],[[-0.776047,-0.516718,0.361599],[0.197168,-0.743389,-0.639138],[0.599063,-0.424705,0.678785]],[[-0.776047,-0.516718,0.361599],[0.0269352,-0.599984,-0.799559],[0.6301,-0.610755,0.479533]]],"btipPosition":[-12.7154,85.791,-21.6784],"carpPosition":[43.6797,79.4077,90.4052],"dipPosition":[-2.56164,75.949,-13.9509],"direction":[-0.599063,0.424705,-0.678785],"extended":true,"handId":125,"id":1253,"length":55.568,"mcpPosition":[25.3539,70.3975,38.0272],"pipPosition":[11.7514,65.8018,2.26683],"stabilizedTipPosition":[-10.4464,87.7002,-18.945],"timeVisible":3.76376,"tipPosition":[-9.50949,80.2482,-21.249],"tipVelocity":[3.69794,-51.0219,-27.2383],"tool":false,"touchDistance":-0.289139,"touchZone":"touching","type":3,"width":15.8473},{"bases":[[[-0.811839,-0.348777,0.468265],[0.438717,-0.893585,0.0950459],[0.385285,0.282598,0.878461]],[[-0.83163,-0.36366,0.419694],[0.430837,-0.899355,0.0744299],[0.350387,0.242718,0.904609]],[[-0.83163,-0.36366,0.419694],[0.114252,-0.851632,-0.511537],[0.54345,-0.377459,0.749791]],[[-0.83163,-0.36366,0.419694],[-0.0807931,-0.668483,-0.739326],[0.549421,-0.648754,0.52655]]],"btipPosition":[-16.1571,70.8151,0.92702],"carpPosition":[31.9142,76.9118,94.7061],"dipPosition":[-7.98922,61.1706,8.75488],"direction":[-0.54345,0.377459,-0.749791],"extended":true,"handId":125,"id":1254,"length":43.5643,"mcpPosition":[11.8638,62.2052,48.9905],"pipPosition":[1.17824,54.8032,21.4031],"stabilizedTipPosition":[-15.8188,73.4993,4.6605],"timeVisible":3.76376,"tipPosition":[-16.7916,65.1595,3.48779],"tipVelocity":[17.9767,-44.2097,-34.1073],"tool":false,"touchDistance":-0.312413,"touchZone":"touching","type":4,"width":14.0768}],"r":[[0.793701,-0.543897,0.272423],[0.586373,0.803248,-0.104692],[-0.161881,0.242836,0.956465]],"s":1.40651,"t":[-10.8135,-5.89774,-15.5565],"timestamp":1131955746697},{"currentFrameRate":57.6094,"devices":[],"gestures":[],"hands":[{"armBasis":[[-0.746582,-0.658432,0.0953072],[0.561305,-0.700294,-0.44105],[0.357144,-0.275783,0.892408]],"armWidth":56.2653,"confidence":1,"direction":[-0.13692,-0.196288,-0.97094],"elbow":[132.469,21.7627,333.382],"grabAngle":1.22064,"grabStrength":0.252353,"id":125,"palmNormal":[-0.720146,0.692754,-0.0384951],"palmPosition":[36.1869,87.3097,49.591],"palmVelocity":[-5.50739,-38.0675,-47.1181],"palmWidth":81.6617,"pinchDistance":31.2395,"pinchStrength":0.730798,"r":[[0.791273,-0.544123,0.278958],[0.589403,0.800164,-0.111093],[-0.162764,0.252323,0.953856]],"s":1.40197,"sphereCenter":[-33.3803,104.285,38.67],"sphereRadius":71.7338,"stabilizedPalmPosition":[35.968,99.307,54.1826],"t":[-10.8876,-6.56882,-16.2314],"timeVisible":3.78111,"type":"right","wrist":[45.9255,88.5904,117.134]}],"id":101150,"interactionBox":{"center":[0,200,0],"size":[235.247,235.247,147.751]},"pointables":[{"bases":[[[0.343698,-0.937163,-0.0599813],[0.922898,0.32528,0.20604],[-0.173582,-0.126172,0.976703]],[[0.384494,-0.807149,-0.447968],[0.910136,0.412583,0.0377839],[0.154326,-0.422239,0.893251]],[[0.384494,-0.807149,-0.447968],[0.857751,0.491749,-0.149819],[0.341214,-0.32664,0.881407]],[[0.384494,-0.807149,-0.447968],[0.645254,0.582025,-0.494868],[0.660161,-0.0987791,0.744601]]],"btipPosition":[21.5311,144.977,14.0103],"carpPosition":[51.8043,114.462,94.977],"dipPosition":[34.8565,142.983,29.0401],"direction":[-0.341214,0.32664,-0.881407],"extended":false,"handId":125,"id":1250,"length":44.9491,"mcpPosition":[51.8043,114.462,94.977],"pipPosition":[44.8905,133.378,54.9594],"stabilizedTipPosition":[23.2129,154.028,25.1522],"timeVisible":3.78111,"tipPosition":[27.8303,146.642,16.4555],"tipVelocity":[21.6439,-69.5011,-107.067],"tool":false,"touchDistance":-0.36457,"touchZone":"touching","type":0,"width":17.7523},{"bases":[[[-0.693512,-0.717053,0.069832],[0.709097,-0.69651,-0.109799],[0.12737,-0.0266291,0.991498]],[[-0.686263,-0.717487,0.119395],[0.514891,-0.595156,-0.61699],[0.513741,-0.361942,0.777861]],[[-0.686263,-0.717487,0.119395],[0.031505,-0.193318,-0.98063],[0.726671,-0.669209,0.155271]],[[-0.686263,-0.717487,0.119395],[-0.298423,0.128047,-0.945805],[0.663315,-0.684702,-0.301989]]],"btipPosition":[5.83448,134.606,-5.03753],"carpPosition":[58.2036,95.3965,88.038],"dipPosition":[15.609,124.517,-9.48762],"direction":[-0.726671,0.669209,-0.155271],"extended":false,"handId":125,"id":1251,"length":50.7201,"mcpPosition":[49.7937,97.1548,22.5721],"pipPosition":[30.7575,110.566,-6.25077],"stabilizedTipPosition":[5.61871,146.329,0.611304],"timeVisible":3.78111,"tipPosition":[9.2579,130.486,-11.6839],"tipVelocity":[20.6861,-74.138,-77.3757],"tool":false,"touchDistance":0.171398,"touchZone":"hovering","type":1,"width":16.957},{"bases":[[[-0.780582,-0.584744,0.220833],[0.584266,-0.808124,-0.0746174],[0.222093,0.0707803,0.972453]],[[-0.760014,-0.577084,0.29892],[0.49221,-0.811448,-0.315091],[0.424392,-0.0923429,0.900758]],[[-0.760014,-0.577084,0.29892],[0.196922,-0.642802,-0.740289],[0.619355,-0.503766,0.602179]],[[-0.760014,-0.577084,0.29892],[0.0355825,-0.496201,-0.867478],[0.648932,-0.64866,0.397654]]],"btipPosition":[-5.61879,108.783,-31.441],"carpPosition":[51.6381,86.5076,88.1095],"dipPosition":[4.89887,98.2698,-24.996],"direction":[-0.619355,0.503766,-0.602179],"extended":true,"handId":125,"id":1252,"length":57.7915,"mcpPosition":[37.7317,82.0757,27.2189],"pipPosition":[20.089,85.9146,-10.2271],"stabilizedTipPosition":[-3.46907,111.324,-27.7054],"timeVisible":3.78111,"tipPosition":[-1.51038,104.931,-31.6316],"tipVelocity":[12.7718,-85.6762,-62.7874],"tool":false,"touchDistance":-0.330935,"touchZone":"touching","type":2,"width":16.654},{"bases":[[[-0.781199,-0.50536,0.366523],[0.533786,-0.845168,-0.0276115],[0.323727,0.174075,0.929999]],[[-0.781867,-0.505718,0.364601],[0.515644,-0.853268,-0.0777516],[0.350422,0.127213,0.927912]],[[-0.781867,-0.505718,0.364601],[0.189984,-0.750269,-0.633248],[0.593794,-0.425847,0.682688]],[[-0.781867,-0.505718,0.364601],[0.0246638,-0.609448,-0.792442],[0.622958,-0.610592,0.48898]]],"btipPosition":[-12.5461,84.7125,-22.4746],"carpPosition":[43.3825,79.387,89.756],"dipPosition":[-2.50749,74.8732,-14.595],"direction":[-0.593794,0.425847,-0.682688],"extended":true,"handId":125,"id":1253,"length":55.568,"mcpPosition":[25.1832,69.6008,37.4732],"pipPosition":[11.6796,64.6987,1.71603],"stabilizedTipPosition":[-10.4197,87.0291,-19.1645],"timeVisible":3.78111,"tipPosition":[-9.42706,78.7877,-22.0457],"tipVelocity":[8.22905,-62.1256,-43.8795],"tool":false,"touchDistance":-0.299978,"touchZone":"touching","type":3,"width":15.8473},{"bases":[[[-0.815868,-0.335176,0.471187],[0.432273,-0.89476,0.112005],[0.384058,0.295062,0.874893]],[[-0.83926,-0.353774,0.412901],[0.424765,-0.900647,0.0917011],[0.339436,0.252347,0.906148]],[[-0.83926,-0.353774,0.412901],[0.116577,-0.858802,-0.498868],[0.531086,-0.370545,0.762]],[[-0.83926,-0.353774,0.412901],[-0.0777718,-0.673472,-0.73511],[0.53814,-0.64906,0.537705]]],"btipPosition":[-15.7123,69.8939,0.0435675],"carpPosition":[31.585,77.0449,94.0557],"dipPosition":[-7.71211,60.2448,8.03726],"direction":[-0.531086,0.370545,-0.762],"extended":true,"handId":125,"id":1254,"length":43.5643,"mcpPosition":[11.5984,61.6897,48.5257],"pipPosition":[1.24678,53.994,20.8914],"stabilizedTipPosition":[-15.663,73.0333,4.4382],"timeVisible":3.78111,"tipPosition":[-16.7681,64.1809,2.83876],"tipVelocity":[23.4162,-53.1606,-48.7239],"tool":false,"touchDistance":-0.322185,"touchZone":"touching","type":4,"width":14.0768}],"r":[[0.791273,-0.544123,0.278958],[0.589403,0.800164,-0.111093],[-0.162764,0.252323,0.953856]],"s":1.40197,"t":[-10.8876,-6.56882,-16.2314],"timestamp":1131955764046},{"currentFrameRate":57.646,"devices":[],"gestures":[],"hands":[{"armBasis":[[-0.755548,-0.646846,0.103621],[0.550722,-0.712834,-0.434249],[0.354757,-0.271029,0.894813]],"armWidth":56.2653,"confidence":1,"direction":[-0.13567,-0.207553,-0.96877],"elbow":[131.599,23.3228,333.061],"grabAngle":1.2257,"grabStrength":0.253853,"id":125,"palmNormal":[-0.71044,0.701915,-0.0508885],"palmPosition":[36.0986,86.9605,48.6852],"palmVelocity":[-5.12438,-20.2686,-52.586],"palmWidth":81.6617,"pinchDistance":30.5616,"pinchStrength":0.749204,"r":[[0.787595,-0.545634,0.286317],[0.594099,0.795713,-0.117847],[-0.163525,0.262916,0.95086]],"s":1.39783,"sphereCenter":[-32.5874,104.815,37.0629],"sphereRadius":71.2419,"stabilizedPalmPosition":[35.969,99.2074,54.1382],"t":[-10.9689,-7.07893,-17.0217],"timeVisible":3.79833,"type":"right","wrist":[45.6348,88.9984,116.23]}],"id":101151,"interactionBox":{"center":[0,200,0],"size":[235.247,235.247,147.751]},"pointables":[{"bases":[[[0.331086,-0.942485,-0.0458676],[0.926422,0.31544,0.205525],[-0.179236,-0.110539,0.977576]],[[0.375185,-0.818888,-0.434348],[0.91513,0.401812,0.0329325],[0.147558,-0.409841,0.900143]],[[0.375185,-0.818888,-0.434348],[0.864703,0.478005,-0.154273],[0.333953,-0.317701,0.887435]],[[0.375185,-0.818888,-0.434348],[0.652875,0.566079,-0.503297],[0.65802,-0.0947454,0.747016]]],"btipPosition":[22.1893,144.126,12.2645],"carpPosition":[51.9026,114.51,93.7659],"dipPosition":[35.4715,142.214,27.343],"direction":[-0.333953,0.317701,-0.887435],"extended":false,"handId":125,"id":1250,"length":44.9491,"mcpPosition":[51.9026,114.51,93.7659],"pipPosition":[45.2919,132.871,53.4395],"stabilizedTipPosition":[23.2833,153.669,24.8256],"timeVisible":3.79833,"tipPosition":[28.6287,145.907,14.734],"tipVelocity":[37.6331,-48.3265,-100.699],"tool":false,"touchDistance":-0.382466,"touchZone":"touching","type":0,"width":17.7523},{"bases":[[[-0.703532,-0.706525,0.0765791],[0.69994,-0.707531,-0.0973866],[0.122988,-0.0149138,0.992296]],[[-0.696887,-0.706435,0.123685],[0.507416,-0.607547,-0.611078],[0.506831,-0.363093,0.781848]],[[-0.696887,-0.706435,0.123685],[0.026434,-0.197644,-0.979917],[0.716694,-0.679622,0.156409]],[[-0.696887,-0.706435,0.123685],[-0.303723,0.134476,-0.943222],[0.649693,-0.694885,-0.308275]]],"btipPosition":[6.65339,134.114,-6.09495],"carpPosition":[58.0684,95.2673,87.1121],"dipPosition":[16.2272,123.874,-10.6377],"direction":[-0.716694,0.679622,-0.156409],"extended":false,"handId":125,"id":1251,"length":50.7201,"mcpPosition":[49.9478,96.252,21.5935],"pipPosition":[31.1677,109.706,-7.3771],"stabilizedTipPosition":[5.69903,145.968,0.41895],"timeVisible":3.79833,"tipPosition":[9.96691,129.744,-13.0485],"tipVelocity":[44.8587,-30.621,-62.6217],"tool":false,"touchDistance":0.15342,"touchZone":"hovering","type":1,"width":16.957},{"bases":[[[-0.789393,-0.571006,0.22541],[0.573453,-0.816947,-0.0612286],[0.21911,0.0809288,0.972338]],[[-0.769561,-0.562804,0.301708],[0.481452,-0.821748,-0.30485],[0.419499,-0.0893428,0.903349]],[[-0.769561,-0.562804,0.301708],[0.189774,-0.652691,-0.733471],[0.609722,-0.507195,0.609092]],[[-0.769561,-0.562804,0.301708],[0.0333155,-0.507214,-0.861176],[0.637703,-0.652676,0.409082]]],"btipPosition":[-5.06681,108.135,-32.7299],"carpPosition":[51.3817,86.4705,87.2759],"dipPosition":[5.26887,97.5565,-26.0996],"direction":[-0.609722,0.507195,-0.609092],"extended":true,"handId":125,"id":1252,"length":57.7915,"mcpPosition":[37.662,81.4031,26.3925],"pipPosition":[20.2227,85.1172,-11.1612],"stabilizedTipPosition":[-3.37286,110.63,-28.1373],"timeVisible":3.79833,"tipPosition":[-1.0524,104.018,-32.8989],"tipVelocity":[29.6134,-38.495,-72.3479],"tool":false,"touchDistance":-0.344869,"touchZone":"touching","type":2,"width":16.654},{"bases":[[[-0.789514,-0.489653,0.370011],[0.522282,-0.852659,-0.0139404],[0.322319,0.182244,0.928923]],[[-0.791784,-0.490936,0.3634],[0.504149,-0.861171,-0.0649471],[0.344834,0.131784,0.929367]],[[-0.791784,-0.490936,0.3634],[0.182504,-0.757931,-0.626284],[0.582898,-0.42956,0.689716]],[[-0.791784,-0.490936,0.3634],[0.0227088,-0.618206,-0.785688],[0.610378,-0.613843,0.500635]]],"btipPosition":[-12.1482,84.3172,-23.5984],"carpPosition":[43.0229,79.486,88.9836],"dipPosition":[-2.31229,74.4254,-15.5309],"direction":[-0.582898,0.42956,-0.689716],"extended":true,"handId":125,"id":1253,"length":55.568,"mcpPosition":[24.9027,69.2405,36.7612],"pipPosition":[11.6145,64.1622,0.948021],"stabilizedTipPosition":[-10.3791,86.6494,-19.3608],"timeVisible":3.79833,"tipPosition":[-9.35024,78.179,-22.9932],"tipVelocity":[20.3926,-23.6498,-62.7269],"tool":false,"touchDistance":-0.314521,"touchZone":"touching","type":3,"width":15.8473},{"bases":[[[-0.822273,-0.317609,0.47222],[0.419536,-0.898965,0.125903],[0.384521,0.30164,0.872443]],[[-0.849672,-0.340093,0.402983],[0.413284,-0.904132,0.108361],[0.327497,0.258617,0.90877]],[[-0.849672,-0.340093,0.402983],[0.117876,-0.867382,-0.48348],[0.513968,-0.363297,0.777079]],[[-0.849672,-0.340093,0.402983],[-0.0750666,-0.678426,-0.730824],[0.521942,-0.651211,0.550909]]],"btipPosition":[-15.2505,69.5885,-1.15069],"carpPosition":[31.1771,77.3634,93.2645],"dipPosition":[-7.49118,59.9074,7.03931],"direction":[-0.513968,0.363297,-0.777079],"extended":true,"handId":125,"id":1254,"length":43.5643,"mcpPosition":[11.1664,61.6659,47.8621],"pipPosition":[1.17895,53.7789,20.1479],"stabilizedTipPosition":[-15.5596,72.7663,4.26378],"timeVisible":3.79833,"tipPosition":[-16.8334,64.0656,1.97281],"tipVelocity":[23.5895,-18.1549,-66.7077],"tool":false,"touchDistance":-0.335536,"touchZone":"touching","type":4,"width":14.0768}],"r":[[0.787595,-0.545634,0.286317],[0.594099,0.795713,-0.117847],[-0.163525,0.262916,0.95086]],"s":1.39783,"t":[-10.9689,-7.07893,-17.0217],"timestamp":1131955781272},{"currentFrameRate":57.6435,"devices":[],"gestures":[],"hands":[{"armBasis":[[-0.765061,-0.634016,0.112718],[0.538978,-0.726241,-0.426705],[0.352399,-0.265703,0.897339]],"armWidth":56.2653,"confidence":1,"direction":[-0.13729,-0.217348,-0.966391],"elbow":[130.971,24.8974,332.645],"grabAngle":1.23154,"grabStrength":0.253664,"id":125,"palmNormal":[-0.699267,0.712266,-0.0608526],"palmPosition":[36.0878,86.5626,47.6788],"palmVelocity":[-0.621046,-22.928,-57.9822],"palmWidth":81.6617,"pinchDistance":29.5197,"pinchStrength":0.777492,"r":[[0.782813,-0.548507,0.293842],[0.600372,0.7899,-0.124943],[-0.163574,0.274222,0.947653]],"s":1.39458,"sphereCenter":[-31.6345,105.19,35.4623],"sphereRadius":70.7076,"stabilizedPalmPosition":[35.9696,99.1469,54.1073],"t":[-11.0149,-7.53296,-17.9201],"timeVisible":3.81569,"type":"right","wrist":[45.5778,89.2824,115.202]}],"id":101152,"interactionBox":{"center":[0,200,0],"size":[235.247,235.247,147.751]},"pointables":[{"bases":[[[0.31635,-0.948046,-0.0336386],[0.930907,0.303416,0.203348],[-0.182576,-0.0956434,0.978529]],[[0.362959,-0.830771,-0.421995],[0.92052,0.389954,0.024049],[0.144579,-0.397184,0.906279]],[[0.362959,-0.830771,-0.421995],[0.871322,0.463103,-0.162274],[0.33024,-0.308795,0.891957]],[[0.362959,-0.830771,-0.421995],[0.658939,0.549049,-0.514144],[0.658832,-0.091456,0.74671]]],"btipPosition":[22.7594,143.136,10.543],"carpPosition":[52.2464,114.416,92.4462],"dipPosition":[36.058,141.29,25.6154],"direction":[-0.33024,0.308795,-0.891957],"extended":false,"handId":125,"id":1250,"length":44.9491,"mcpPosition":[52.2464,114.416,92.4462],"pipPosition":[45.7692,132.21,51.8448],"stabilizedTipPosition":[23.3596,153.34,24.5003],"timeVisible":3.81569,"tipPosition":[29.4795,145.116,13.0226],"tipVelocity":[33.0636,-56.1349,-99.2681],"tool":false,"touchDistance":-0.398397,"touchZone":"touching","type":0,"width":17.7523},{"bases":[[[-0.714645,-0.694429,0.0839668],[0.688927,-0.719547,-0.0873613],[0.121084,-0.00458533,0.992632]],[[-0.708549,-0.693945,0.128056],[0.497729,-0.620107,-0.606411],[0.500224,-0.365935,0.784773]],[[-0.708549,-0.693945,0.128056],[0.0165394,-0.197751,-0.980113],[0.705468,-0.69234,0.151593]],[[-0.708549,-0.693945,0.128056],[-0.321353,0.155751,-0.934063],[0.628244,-0.702981,-0.333358]]],"btipPosition":[7.62661,133.652,-6.82623],"carpPosition":[58.121,94.9983,86.0413],"dipPosition":[16.8844,123.293,-11.7386],"direction":[-0.705468,0.69234,-0.151593],"extended":false,"handId":125,"id":1251,"length":50.7201,"mcpPosition":[50.1261,95.301,20.5006],"pipPosition":[31.5908,108.86,-8.57839],"stabilizedTipPosition":[5.80036,145.6,0.209768],"timeVisible":3.81569,"tipPosition":[10.6819,129.104,-14.2776],"tipVelocity":[51.8858,-28.1579,-47.0323],"tool":false,"touchDistance":0.139815,"touchZone":"hovering","type":1,"width":16.957},{"bases":[[[-0.79862,-0.555756,0.230957],[0.560681,-0.826515,-0.0500938],[0.21873,0.0894875,0.971673]],[[-0.779296,-0.547163,0.305466],[0.469516,-0.832655,-0.293667],[0.415032,-0.0854326,0.905787]],[[-0.779296,-0.547163,0.305466],[0.182025,-0.664085,-0.72516],[0.599637,-0.509513,0.617117]],[[-0.779296,-0.547163,0.305466],[0.0307194,-0.520225,-0.853477],[0.625902,-0.655728,0.422218]]],"btipPosition":[-4.50338,107.382,-34.1742],"carpPosition":[51.297,86.3099,86.301],"dipPosition":[5.64103,96.7543,-27.331],"direction":[-0.599637,0.509513,-0.617117],"extended":true,"handId":125,"id":1252,"length":57.7915,"mcpPosition":[37.6011,80.7066,25.4593],"pipPosition":[20.3475,84.2581,-12.1958],"stabilizedTipPosition":[-3.26651,110.127,-28.532],"timeVisible":3.81569,"tipPosition":[-0.66881,103.207,-34.164],"tipVelocity":[29.9286,-44.0271,-80.3964],"tool":false,"touchDistance":-0.359646,"touchZone":"touching","type":2,"width":16.654},{"bases":[[[-0.797707,-0.472631,0.374545],[0.508877,-0.860836,-0.00246457],[0.323586,0.188631,0.927206]],[[-0.801884,-0.475066,0.362347],[0.492638,-0.868858,-0.0489219],[0.338069,0.139276,0.930758]],[[-0.801884,-0.475066,0.362347],[0.176273,-0.767571,-0.616249],[0.570886,-0.430288,0.699244]],[[-0.801884,-0.475066,0.362347],[0.0209078,-0.628398,-0.777611],[0.597114,-0.615977,0.513835]]],"btipPosition":[-11.654,83.7139,-24.9003],"carpPosition":[42.8269,79.4786,88.079],"dipPosition":[-2.03182,73.7877,-16.6201],"direction":[-0.570886,0.430288,-0.699244],"extended":true,"handId":125,"id":1253,"length":55.568,"mcpPosition":[24.6355,68.8741,35.9533],"pipPosition":[11.608,63.5071,0.0864073],"stabilizedTipPosition":[-10.3293,86.3727,-19.5536],"timeVisible":3.81569,"tipPosition":[-9.37554,77.7268,-23.9404],"tipVelocity":[25.6431,-35.2183,-72.1969],"tool":false,"touchDistance":-0.330198,"touchZone":"touching","type":3,"width":15.8473},{"bases":[[[-0.827936,-0.298847,0.474565],[0.405185,-0.903798,0.137747],[0.387746,0.306333,0.869375]],[[-0.86013,-0.325792,0.392474],[0.401206,-0.907259,0.126154],[0.314976,0.265972,0.91107]],[[-0.86013,-0.325792,0.392474],[0.121297,-0.878015,-0.463008],[0.495442,-0.350641,0.794725]],[[-0.86013,-0.325792,0.392474],[-0.0710728,-0.685389,-0.7247],[0.505099,-0.651231,0.566369]]],"btipPosition":[-14.7085,69.1382,-2.48943],"carpPosition":[30.9422,77.5947,92.3638],"dipPosition":[-7.19956,59.4568,5.93039],"direction":[-0.495442,0.350641,-0.794725],"extended":true,"handId":125,"id":1254,"length":43.5643,"mcpPosition":[10.7637,61.653,47.121],"pipPosition":[1.15806,53.5418,19.3366],"stabilizedTipPosition":[-15.4788,72.5828,4.11284],"timeVisible":3.81569,"tipPosition":[-16.889,64.0897,1.05894],"tipVelocity":[27.9107,-25.9519,-74.0887],"tool":false,"touchDistance":-0.349604,"touchZone":"touching","type":4,"width":14.0768}],"r":[[0.782813,-0.548507,0.293842],[0.600372,0.7899,-0.124943],[-0.163574,0.274222,0.947653]],"s":1.39458,"t":[-11.0149,-7.53296,-17.9201],"timestamp":1131955798628},{"currentFrameRate":57.6717,"devices":[],"gestures":[],"hands":[{"armBasis":[[-0.773711,-0.620947,0.12568],[0.524233,-0.738889,-0.423348],[0.35574,-0.261664,0.897207]],"armWidth":56.2653,"confidence":1,"direction":[-0.137526,-0.231381,-0.963094],"elbow":[131.773,26.3379,331.326],"grabAngle":1.23642,"grabStrength":0.253671,"id":125,"palmNormal":[-0.688834,0.721043,-0.0748659],"palmPosition":[36.1359,86.0992,46.4455],"palmVelocity":[2.78981,-26.8708,-71.5129],"palmWidth":81.6617,"pinchDistance":28.6062,"pinchStrength":0.802291,"r":[[0.777201,-0.551944,0.302186],[0.607689,0.782995,-0.132787],[-0.163319,0.286837,0.943955]],"s":1.39229,"sphereCenter":[-30.5805,105.336,33.3945],"sphereRadius":70.192,"stabilizedPalmPosition":[35.9701,99.1091,54.0851],"t":[-11.0138,-7.99168,-18.9859],"timeVisible":3.83294,"type":"right","wrist":[45.5702,89.7441,113.916]}],"id":101153,"interactionBox":{"center":[0,200,0],"size":[235.247,235.247,147.751]},"pointables":[{"bases":[[[0.302868,-0.952882,-0.0169308],[0.934543,0.293463,0.201267],[-0.186815,-0.0767797,0.97939]],[[0.35216,-0.84394,-0.404657],[0.925558,0.37824,0.0166376],[0.139017,-0.380393,0.914317]],[[0.35216,-0.84394,-0.404657],[0.878095,0.447558,-0.169235],[0.323932,-0.29573,0.898672]],[[0.35216,-0.84394,-0.404657],[0.666683,0.529644,-0.524416],[0.6569,-0.0850997,0.74916]]],"btipPosition":[23.5453,141.915,8.28678],"carpPosition":[52.5586,114.459,90.797],"dipPosition":[36.8049,140.197,23.4086],"direction":[-0.323932,0.29573,-0.898672],"extended":false,"handId":125,"id":1250,"length":44.9491,"mcpPosition":[52.5586,114.459,90.797],"pipPosition":[46.3306,131.5,49.8355],"stabilizedTipPosition":[23.4505,153.008,24.1424],"timeVisible":3.83294,"tipPosition":[30.3778,144.097,10.8261],"tipVelocity":[45.0487,-69.1384,-130.165],"tool":false,"touchDistance":-0.420563,"touchZone":"touching","type":0,"width":17.7523},{"bases":[[[-0.724741,-0.682693,0.0931696],[0.678829,-0.730635,-0.0732395],[0.118073,0.0101666,0.992953]],[[-0.719244,-0.68169,0.134118],[0.491023,-0.635337,-0.596023],[0.491513,-0.362831,0.791687]],[[-0.719244,-0.68169,0.134118],[0.00834325,-0.201503,-0.979452],[0.694708,-0.703346,0.150618]],[[-0.719244,-0.68169,0.134118],[-0.335889,0.172204,-0.926026],[0.608167,-0.711087,-0.352829]]],"btipPosition":[8.72134,132.77,-8.1045],"carpPosition":[58.174,94.8558,84.7332],"dipPosition":[17.6832,122.291,-13.3038],"direction":[-0.694708,0.703346,-0.150618],"extended":false,"handId":125,"id":1251,"length":50.7201,"mcpPosition":[50.3779,94.1845,19.1713],"pipPosition":[32.1654,107.629,-10.1639],"stabilizedTipPosition":[5.92406,145.222,-0.026358],"timeVisible":3.83294,"tipPosition":[11.4887,128.077,-15.958],"tipVelocity":[59.5315,-52.7714,-77.9462],"tool":false,"touchDistance":0.117411,"touchZone":"hovering","type":1,"width":16.957},{"bases":[[[-0.80716,-0.540418,0.237576],[0.548958,-0.835133,-0.0346158],[0.217114,0.102479,0.970752]],[[-0.78829,-0.531048,0.310783],[0.460029,-0.844087,-0.27548],[0.408622,-0.0741892,0.909684]],[[-0.78829,-0.531048,0.310783],[0.177308,-0.679715,-0.711723],[0.589203,-0.50594,0.629971]],[[-0.78829,-0.531048,0.310783],[0.031031,-0.538757,-0.841889],[0.614521,-0.654009,0.441176]]],"btipPosition":[-3.76663,105.947,-36.0871],"carpPosition":[51.2257,86.271,85.1149],"dipPosition":[6.1933,95.3469,-28.9367],"direction":[-0.589203,0.50594,-0.629971],"extended":true,"handId":125,"id":1252,"length":57.7915,"mcpPosition":[37.631,79.8542,24.3309],"pipPosition":[20.6439,82.9384,-13.4862],"stabilizedTipPosition":[-3.10936,109.546,-29.0507],"timeVisible":3.83294,"tipPosition":[-0.163179,101.936,-35.7524],"tipVelocity":[40.2595,-82.8486,-106.822],"tool":false,"touchDistance":-0.379648,"touchZone":"touching","type":2,"width":16.654},{"bases":[[[-0.805483,-0.454943,0.37977],[0.496529,-0.867917,0.0134095],[0.323508,0.199368,0.924984]],[[-0.811502,-0.45866,0.362071],[0.482824,-0.875311,-0.0266743],[0.329159,0.15317,0.931769]],[[-0.811502,-0.45866,0.362071],[0.17207,-0.779701,-0.602045],[0.558441,-0.426259,0.711651]],[[-0.811502,-0.45866,0.362071],[0.0206801,-0.641767,-0.766621],[0.583983,-0.614627,0.530281]]],"btipPosition":[-10.9705,82.5697,-26.4761],"carpPosition":[42.6537,79.5915,86.9788],"dipPosition":[-1.55993,72.6653,-17.9309],"direction":[-0.558441,0.426259,-0.711651],"extended":true,"handId":125,"id":1253,"length":55.568,"mcpPosition":[24.4667,68.3834,34.9779],"pipPosition":[11.7825,62.481,-0.927911],"stabilizedTipPosition":[-10.247,86.0443,-19.8213],"timeVisible":3.83294,"tipPosition":[-9.22256,76.8457,-25.1401],"tipVelocity":[36.8092,-66.0527,-87.8354],"tool":false,"touchDistance":-0.348234,"touchZone":"touching","type":3,"width":15.8473},{"bases":[[[-0.833521,-0.27911,0.476803],[0.391819,-0.907065,0.153981],[0.389514,0.315167,0.865418]],[[-0.870571,-0.31138,0.380985],[0.390505,-0.908304,0.149967],[0.299353,0.279333,0.912338]],[[-0.870571,-0.31138,0.380985],[0.12713,-0.890343,-0.437182],[0.475337,-0.332163,0.814692]],[[-0.870571,-0.31138,0.380985],[-0.0647376,-0.695075,-0.716016],[0.487766,-0.648007,0.584954]]],"btipPosition":[-13.9388,68.265,-4.04291],"carpPosition":[30.7307,77.9484,91.2562],"dipPosition":[-6.68746,58.6315,4.65321],"direction":[-0.475337,0.332163,-0.814692],"extended":true,"handId":125,"id":1254,"length":43.5643,"mcpPosition":[10.4602,61.5469,46.2193],"pipPosition":[1.33099,53.0282,18.3962],"stabilizedTipPosition":[-15.3818,72.3853,3.92675],"timeVisible":3.83294,"tipPosition":[-16.7311,63.7598,-0.090644],"tipVelocity":[41.1983,-49.9938,-86.3928],"tool":false,"touchDistance":-0.365326,"touchZone":"touching","type":4,"width":14.0768}],"r":[[0.777201,-0.551944,0.302186],[0.607689,0.782995,-0.132787],[-0.163319,0.286837,0.943955]],"s":1.39229,"t":[-11.0138,-7.99168,-18.9859],"timestamp":1131955815874},{"currentFrameRate":57.6658,"devices":[],"gestures":[],"hands":[{"armBasis":[[-0.782685,-0.606834,0.138407],[0.507739,-0.75111,-0.421942],[0.360008,-0.259973,0.895996]],"armWidth":56.2653,"confidence":1,"direction":[-0.13404,-0.23574,-0.962528],"elbow":[132.722,27.2229,329.995],"grabAngle":1.22794,"grabStrength":0.249965,"id":125,"palmNormal":[-0.672949,0.734648,-0.0862145],"palmPosition":[36.377,86.2395,45.403],"palmVelocity":[13.886,8.08229,-60.0478],"palmWidth":81.6617,"pinchDistance":29.1333,"pinchStrength":0.787983,"r":[[0.769816,-0.55734,0.311056],[0.616988,0.774587,-0.139073],[-0.163429,0.298978,0.940161]],"s":1.39076,"sphereCenter":[-29.6609,107.093,31.3963],"sphereRadius":70.318,"stabilizedPalmPosition":[35.9707,99.0886,54.0713],"t":[-10.8927,-8.15088,-20.04],"timeVisible":3.8503,"type":"right","wrist":[45.4855,90.2196,112.878]}],"id":101154,"interactionBox":{"center":[0,200,0],"size":[235.247,235.247,147.751]},"pointables":[{"bases":[[[0.283027,-0.959085,-0.00724608],[0.938705,0.275447,0.207273],[-0.196797,-0.0654659,0.978256]],[[0.337702,-0.855517,-0.39249],[0.933718,0.35714,0.0249147],[0.118859,-0.374889,0.919419]],[[0.337702,-0.855517,-0.39249],[0.891415,0.424576,-0.158475],[0.30222,-0.296355,0.906001]],[[0.337702,-0.855517,-0.39249],[0.690061,0.508616,-0.514903],[0.640135,-0.0969589,0.762119]]],"btipPosition":[25.8731,142.052,6.47032],"carpPosition":[53.0064,114.585,89.6862],"dipPosition":[38.7943,140.095,21.8537],"direction":[-0.30222,0.296355,-0.906001],"extended":false,"handId":125,"id":1250,"length":44.9491,"mcpPosition":[53.0064,114.585,89.6862],"pipPosition":[47.6815,131.38,48.4962],"stabilizedTipPosition":[23.7454,152.384,23.3697],"timeVisible":3.8503,"tipPosition":[32.0121,143.978,9.33452],"tipVelocity":[129.599,4.7639,-101.163],"tool":false,"touchDistance":-0.433184,"touchZone":"touching","type":0,"width":17.7523},{"bases":[[[-0.739622,-0.666726,0.0918532],[0.66402,-0.745148,-0.0618981],[0.109713,0.0152112,0.993847]],[[-0.734555,-0.665558,0.132143],[0.488041,-0.653508,-0.57857],[0.471429,-0.3605,0.804857]],[[-0.734555,-0.665558,0.132143],[0.0173974,-0.213153,-0.976864],[0.678326,-0.715261,0.168151]],[[-0.734555,-0.665558,0.132143],[-0.315505,0.162595,-0.93489],[0.600737,-0.72842,-0.329422]]],"btipPosition":[10.5575,132.823,-10.2785],"carpPosition":[58.263,94.8244,83.8166],"dipPosition":[19.41,122.089,-15.1329],"direction":[-0.678326,0.715262,-0.168151],"extended":false,"handId":125,"id":1251,"length":50.7201,"mcpPosition":[51.0189,93.82,18.1957],"pipPosition":[33.5506,107.178,-11.6275],"stabilizedTipPosition":[6.09685,144.837,-0.320892],"timeVisible":3.8503,"tipPosition":[13.129,128.328,-17.2905],"tipVelocity":[104.315,-0.332466,-120.656],"tool":false,"touchDistance":0.0824987,"touchZone":"hovering","type":1,"width":16.957},{"bases":[[[-0.820289,-0.521677,0.234478],[0.531667,-0.846624,-0.0236433],[0.210849,0.10527,0.971834]],[[-0.802231,-0.512348,0.306471],[0.447321,-0.855811,-0.25979],[0.395384,-0.0713206,0.915743]],[[-0.802231,-0.512348,0.306471],[0.174702,-0.692333,-0.700111],[0.57088,-0.50811,0.644919]],[[-0.802231,-0.512348,0.306471],[0.0353839,-0.553242,-0.832269],[0.595964,-0.656828,0.461957]]],"btipPosition":[-2.16572,105.87,-38.0243],"carpPosition":[51.1339,86.3893,84.2008],"dipPosition":[7.49345,95.2244,-30.537],"direction":[-0.57088,0.50811,-0.644919],"extended":true,"handId":125,"id":1252,"length":57.7915,"mcpPosition":[37.9315,79.7978,23.3491],"pipPosition":[21.4947,82.7627,-14.7199],"stabilizedTipPosition":[-2.84591,109.036,-29.6542],"timeVisible":3.8503,"tipPosition":[1.08494,102.252,-37.1896],"tipVelocity":[88.2287,-5.03113,-107.12],"tool":false,"touchDistance":-0.397912,"touchZone":"touching","type":2,"width":16.654},{"bases":[[[-0.818049,-0.435183,0.376047],[0.478152,-0.877944,0.0241615],[0.319633,0.199573,0.926286]],[[-0.825412,-0.439802,0.353933],[0.465987,-0.884702,-0.0126064],[0.31867,0.154523,0.935186]],[[-0.825412,-0.439802,0.353933],[0.164708,-0.787289,-0.594177],[0.539968,-0.432146,0.722277]],[[-0.825412,-0.439802,0.353933],[0.0202055,-0.649566,-0.760037],[0.564168,-0.620192,0.545046]]],"btipPosition":[-9.8331,83.049,-28.1128],"carpPosition":[42.4084,79.9041,86.0387],"dipPosition":[-0.7418,73.0549,-19.3297],"direction":[-0.539968,0.432146,-0.722277],"extended":true,"handId":125,"id":1253,"length":55.568,"mcpPosition":[24.4393,68.6844,33.9647],"pipPosition":[12.1593,62.7299,-2.07281],"stabilizedTipPosition":[-10.1281,85.7929,-20.119],"timeVisible":3.8503,"tipPosition":[-8.52716,77.4764,-26.4965],"tipVelocity":[61.2868,26.4159,-91.1239],"tool":false,"touchDistance":-0.365474,"touchZone":"touching","type":3,"width":15.8473},{"bases":[[[-0.843241,-0.258076,0.471531],[0.371443,-0.91384,0.164096],[0.388554,0.313519,0.866448]],[[-0.883113,-0.293184,0.36627],[0.371671,-0.913615,0.164827],[0.286306,0.281693,0.915794]],[[-0.883113,-0.293184,0.36627],[0.121466,-0.896956,-0.425107],[0.453163,-0.330929,0.827726]],[[-0.883113,-0.293184,0.36627],[-0.0642168,-0.697809,-0.713399],[0.464744,-0.653533,0.597417]]],"btipPosition":[-13.088,68.9338,-5.63964],"carpPosition":[30.4174,78.542,90.2235],"dipPosition":[-6.17892,59.2181,3.24176],"direction":[-0.453163,0.330929,-0.827726],"extended":true,"handId":125,"id":1254,"length":43.5643,"mcpPosition":[10.1968,62.2263,45.1331],"pipPosition":[1.46548,53.6357,17.2047],"stabilizedTipPosition":[-15.2813,72.2382,3.73206],"timeVisible":3.8503,"tipPosition":[-16.3509,64.7328,-1.51085],"tipVelocity":[44.4723,37.4345,-89.5178],"tool":false,"touchDistance":-0.380439,"touchZone":"touching","type":4,"width":14.0768}],"r":[[0.769816,-0.55734,0.311056],[0.616988,0.774587,-0.139073],[-0.163429,0.298978,0.940161]],"s":1.39076,"t":[-10.8927,-8.15088,-20.04],"timestamp":1131955833235},{"currentFrameRate":57.6545,"devices":[],"gestures":[],"hands":[{"armBasis":[[-0.788787,-0.596535,0.148193],[0.496641,-0.76058,-0.418169],[0.362165,-0.256248,0.896199]],"armWidth":56.2653,"confidence":1,"direction":[-0.13129,-0.232803,-0.963621],"elbow":[133.192,28.0762,328.837],"grabAngle":1.21875,"grabStrength":0.246052,"id":125,"palmNormal":[-0.658149,0.747381,-0.0908905],"palmPosition":[36.6186,86.2786,44.1617],"palmVelocity":[13.898,2.24857,-71.4152],"palmWidth":81.6617,"pinchDistance":31.026,"pinchStrength":0.736596,"r":[[0.761215,-0.564459,0.319277],[0.627513,0.765362,-0.143],[-0.163644,0.309204,0.93681]],"s":1.38863,"sphereCenter":[-29.2568,109.187,29.553],"sphereRadius":71.0018,"stabilizedPalmPosition":[35.9713,99.0779,54.063],"t":[-10.7114,-8.21094,-21.1878],"timeVisible":3.86768,"type":"right","wrist":[45.4324,90.1701,111.67]}],"id":101155,"interactionBox":{"center":[0,200,0],"size":[235.247,235.247,147.751]},"pointables":[{"bases":[[[0.26473,-0.964306,-0.00559938],[0.942207,0.257417,0.214436],[-0.205341,-0.0620433,0.976722]],[[0.323895,-0.863521,-0.386554],[0.941592,0.334029,0.0427789],[0.0921798,-0.377832,0.921274]],[[0.323895,-0.863521,-0.386554],[0.904952,0.401947,-0.139644],[0.27596,-0.304583,0.911634]],[[0.323895,-0.863521,-0.386554],[0.716625,0.49068,-0.495663],[0.617689,-0.116471,0.77775]]],"btipPosition":[28.7402,142.521,4.80205],"carpPosition":[53.453,114.287,88.5822],"dipPosition":[41.2083,140.17,20.501],"direction":[-0.27596,0.304583,-0.911633],"extended":false,"handId":125,"id":1250,"length":44.9491,"mcpPosition":[53.453,114.287,88.5822],"pipPosition":[49.3234,131.213,47.309],"stabilizedTipPosition":[24.6543,151.181,21.6406],"timeVisible":3.86768,"tipPosition":[33.4677,143.936,8.11538],"tipVelocity":[158.954,21.7591,-91.8025],"tool":false,"touchDistance":-0.442135,"touchZone":"touching","type":0,"width":17.7523},{"bases":[[[-0.752871,-0.652528,0.0859802],[0.650133,-0.757657,-0.0572899],[0.102527,0.0127667,0.994648]],[[-0.74753,-0.651303,0.130394],[0.490354,-0.673533,-0.553088],[0.448053,-0.349511,0.822856]],[[-0.74753,-0.651303,0.130394],[0.0436057,-0.244005,-0.968793],[0.662795,-0.718516,0.210802]],[[-0.74753,-0.651303,0.130394],[-0.29051,0.144045,-0.945968],[0.597329,-0.74502,-0.296888]]],"btipPosition":[12.3848,132.496,-13.4411],"carpPosition":[58.3756,94.4309,82.7424],"dipPosition":[21.187,121.517,-17.816],"direction":[-0.662795,0.718516,-0.210802],"extended":false,"handId":125,"id":1251,"length":50.7201,"mcpPosition":[51.6061,93.588,17.0685],"pipPosition":[35.0039,106.539,-13.4216],"stabilizedTipPosition":[6.28119,144.507,-0.634163],"timeVisible":3.86768,"tipPosition":[14.6208,128.957,-18.1952],"tipVelocity":[104.461,-22.0375,-175.602],"tool":false,"touchDistance":0.0316268,"touchZone":"hovering","type":1,"width":16.957},{"bases":[[[-0.831824,-0.506017,0.228069],[0.515585,-0.856603,-0.0200779],[0.205524,0.100887,0.973438]],[[-0.814115,-0.497049,0.300264],[0.433885,-0.864317,-0.254362],[0.385954,-0.0767998,0.919316]],[[-0.814115,-0.497049,0.300264],[0.169481,-0.697932,-0.695821],[0.555422,-0.515589,0.652437]],[[-0.814115,-0.497049,0.300264],[0.0366428,-0.56001,-0.827675],[0.579546,-0.66282,0.474126]]],"btipPosition":[-0.844686,106.397,-39.7867],"carpPosition":[51.0842,86.1332,83.069],"dipPosition":[8.5484,95.654,-32.1022],"direction":[-0.555422,0.515589,-0.652437],"extended":true,"handId":125,"id":1252,"length":57.7915,"mcpPosition":[38.2153,79.8161,22.1168],"pipPosition":[22.1705,83.0088,-16.1007],"stabilizedTipPosition":[-2.5388,108.659,-30.2715],"timeVisible":3.86768,"tipPosition":[2.23781,103.012,-38.6703],"tipVelocity":[72.4792,29.0162,-98.7829],"tool":false,"touchDistance":-0.41221,"touchZone":"touching","type":2,"width":16.654},{"bases":[[[-0.828998,-0.419631,0.369693],[0.461126,-0.886914,0.0273092],[0.316426,0.193114,0.928753]],[[-0.83681,-0.424427,0.345847],[0.449264,-0.893351,-0.00929275],[0.312907,0.1476,0.938245]],[[-0.83681,-0.424427,0.345847],[0.153672,-0.788381,-0.595685],[0.525484,-0.445329,0.724947]],[[-0.83681,-0.424427,0.345847],[0.01678,-0.651278,-0.758654],[0.547236,-0.629046,0.552118]]],"btipPosition":[-8.99706,84.0474,-29.7476],"carpPosition":[42.2232,79.815,84.8383],"dipPosition":[-0.178629,73.9106,-20.8505],"direction":[-0.525484,0.445329,-0.724947],"extended":true,"handId":125,"id":1253,"length":55.568,"mcpPosition":[24.4343,68.9585,32.6255],"pipPosition":[12.3764,63.2707,-3.52981],"stabilizedTipPosition":[-9.98858,85.6129,-20.4539],"timeVisible":3.86768,"tipPosition":[-7.89699,78.424,-28.0737],"tipVelocity":[44.4871,55.5522,-92.541],"tool":false,"touchDistance":-0.381388,"touchZone":"touching","type":3,"width":15.8473},{"bases":[[[-0.851523,-0.242109,0.465073],[0.352705,-0.920816,0.166423],[0.387954,0.305746,0.869489]],[[-0.892877,-0.277977,0.354259],[0.353606,-0.919929,0.169391],[0.278806,0.276513,0.919678]],[[-0.892877,-0.277977,0.354259],[0.106099,-0.894436,-0.434427],[0.437623,-0.350303,0.828115]],[[-0.892877,-0.277977,0.354259],[-0.0707023,-0.690416,-0.719949],[0.444715,-0.667873,0.596803]]],"btipPosition":[-12.5082,70.1747,-7.20486],"carpPosition":[30.1772,78.6805,88.9325],"dipPosition":[-5.89696,60.2458,1.66742],"direction":[-0.437623,0.350303,-0.828115],"extended":true,"handId":125,"id":1254,"length":43.5643,"mcpPosition":[9.9879,62.7693,43.6838],"pipPosition":[1.48529,54.3366,15.6369],"stabilizedTipPosition":[-15.1583,72.1136,3.47709],"timeVisi