{"frames":49,"data":[{"currentFrameRate":57.5618,"devices":[],"gestures":[],"hands":[{"armBasis":[[-0.827314,-0.4937,0.267977],[0.39821,-0.85191,-0.340116],[0.396208,-0.174672,0.901393]],"armWidth":56.2653,"confidence":1,"direction":[-0.0613434,-0.265892,-0.962049],"elbow":[118.163,71.1295,314.564],"grabAngle":1.021,"grabStrength":0.067906,"id":126,"palmNormal":[-0.507614,0.838217,-0.1993],"palmPosition":[18.4753,106.156,28.6609],"palmVelocity":[14.6832,36.7218,-21.42],"palmWidth":81.6617,"pinchDistance":50.3144,"pinchStrength":0.17527,"r":[[0.204144,-0.682237,0.702052],[0.839294,0.491121,0.233208],[-0.503896,0.54162,0.672857]],"s":1.47184,"sphereCenter":[-40.8103,152.324,6.84522],"sphereRadius":76.1187,"stabilizedPalmPosition":[14.8734,109.447,35.5147],"t":[3.64931,23.4647,6.22933],"timeVisible":1.28376,"type":"right","wrist":[22.1544,113.456,96.1385]}],"id":101329,"interactionBox":{"center":[0,200,0],"size":[235.247,235.247,147.751]},"pointables":[{"bases":[[[0.096234,-0.993199,0.0655348],[0.942591,0.112087,0.314578],[-0.319784,0.0314993,0.946967]],[[0.211974,-0.928711,-0.304241],[0.975587,0.1828,0.121715],[-0.057423,-0.322614,0.944787]],[[0.211974,-0.928711,-0.304241],[0.94976,0.269121,-0.159781],[0.230268,-0.255087,0.939099]],[[0.211974,-0.928711,-0.304241],[0.853387,0.32761,-0.405466],[0.476233,-0.173687,0.861995]]],"btipPosition":[20.9816,159.119,-13.7543],"carpPosition":[34.7932,133.658,73.5874],"dipPosition":[30.5943,155.613,3.64512],"direction":[-0.230268,0.255087,-0.939099],"extended":false,"handId":126,"id":1260,"length":44.9491,"mcpPosition":[34.7932,133.658,73.5874],"pipPosition":[37.3657,148.111,31.2609],"stabilizedTipPosition":[16.7503,158.6,-3.69071],"timeVisible":1.28376,"tipPosition":[17.1488,156.761,-7.73411],"tipVelocity":[-0.569513,16.1982,-41.3652],"tool":false,"touchDistance":0.120778,"touchZone":"hovering","type":0,"width":17.7523},{"bases":[[[-0.857498,-0.514008,0.0222135],[0.514432,-0.855967,0.0517677],[-0.00759504,0.055818,0.998412]],[[-0.856967,-0.510966,0.0672487],[0.483018,-0.841806,-0.24095],[0.179727,-0.174003,0.968205]],[[-0.856967,-0.510966,0.0672487],[0.360184,-0.687126,-0.630971],[0.368613,-0.516499,0.772886]],[[-0.856967,-0.510966,0.0672487],[0.246119,-0.520395,-0.817689],[0.452807,-0.684181,0.571719]]],"btipPosition":[16.3764,136.56,-57.14],"carpPosition":[36.8913,112.949,69.195],"dipPosition":[23.0489,126.478,-48.7152],"direction":[-0.368613,0.516499,-0.772886],"extended":true,"handId":126,"id":1261,"length":50.7201,"mcpPosition":[37.3928,109.263,3.27264],"pipPosition":[30.7332,115.711,-32.6033],"stabilizedTipPosition":[14.7777,135.203,-50.2502],"timeVisible":1.28376,"tipPosition":[15.2147,132.656,-54.0216],"tipVelocity":[18.8411,-12.9449,-40.1601],"tool":false,"touchDistance":0.204472,"touchZone":"hovering","type":1,"width":16.957},{"bases":[[[-0.92569,-0.348238,0.147746],[0.361764,-0.92911,0.0766853],[0.110567,0.124436,0.986048]],[[-0.914668,-0.337823,0.221941],[0.302202,-0.936182,-0.179548],[0.268433,-0.0971555,0.958387]],[[-0.914668,-0.337823,0.221941],[0.158208,-0.804484,-0.572518],[0.371958,-0.488551,0.789282]],[[-0.914668,-0.337823,0.221941],[0.0783347,-0.68682,-0.722594],[0.396542,-0.643548,0.654676]]],"btipPosition":[-5.32489,124.652,-62.5629],"carpPosition":[28.3071,105.992,68.9891],"dipPosition":[1.10213,114.222,-51.9521],"direction":[-0.371958,0.488551,-0.789282],"extended":true,"handId":126,"id":1262,"length":57.7915,"mcpPosition":[21.3839,98.2008,7.24734],"pipPosition":[10.2247,102.24,-32.5944],"stabilizedTipPosition":[-6.31238,122.195,-55.9672],"timeVisible":1.28376,"tipPosition":[-3.80721,122.949,-58.3906],"tipVelocity":[21.1044,-13.6328,-33.3377],"tool":false,"touchDistance":-0.340095,"touchZone":"touching","type":2,"width":16.654},{"bases":[[[-0.923949,-0.255093,0.285036],[0.298044,-0.947176,0.118439],[0.239766,0.194385,0.951171]],[[-0.919402,-0.251489,0.302412],[0.225536,-0.967002,-0.11849],[0.322232,-0.040735,0.945784]],[[-0.919402,-0.251489,0.302412],[0.044938,-0.831003,-0.55445],[0.390743,-0.496173,0.775327]],[[-0.919402,-0.251489,0.302412],[-0.0289403,-0.723533,-0.689683],[0.392253,-0.642848,0.657939]]],"btipPosition":[-23.1914,114.185,-49.0996],"carpPosition":[18.3618,101.329,69.9461],"dipPosition":[-16.8705,103.826,-38.4972],"direction":[-0.390743,0.496173,-0.775327],"extended":true,"handId":126,"id":1263,"length":55.568,"mcpPosition":[4.88254,90.4013,16.473],"pipPosition":[-7.5347,91.9711,-19.9729],"stabilizedTipPosition":[-23.9631,111.268,-42.0739],"timeVisible":1.28376,"tipPosition":[-18.3217,113.276,-46.2516],"tipVelocity":[18.7503,-3.14119,-26.9225],"tool":false,"touchDistance":-0.335885,"touchZone":"touching","type":3,"width":15.8473},{"bases":[[[-0.926448,-0.0708495,0.369694],[0.170712,-0.954402,0.244896],[0.335486,0.289995,0.896299]],[[-0.888196,-0.0414532,0.457592],[-0.0482901,-0.981984,-0.18269],[0.456921,-0.184362,0.870192]],[[-0.888196,-0.0414532,0.457592],[-0.275897,-0.748265,-0.603308],[0.367409,-0.662104,0.653169]],[[-0.888196,-0.0414532,0.457592],[-0.343327,-0.601975,-0.720939],[0.305344,-0.797438,0.520439]]],"btipPosition":[-36.2107,115.987,-19.32],"carpPosition":[5.91977,102.432,72.617],"dipPosition":[-31.6714,104.132,-11.583],"direction":[-0.367409,0.662104,-0.653168],"extended":false,"handId":126,"id":1264,"length":43.5643,"mcpPosition":[-11.5391,87.3408,25.9731],"pipPosition":[-25.4736,92.9632,-0.564674],"stabilizedTipPosition":[-38.0878,111.471,-13.7248],"timeVisible":1.28376,"tipPosition":[-33.4414,110.12,-19.8401],"tipVelocity":[22.1718,17.3292,-26.2426],"tool":false,"touchDistance":0.187768,"touchZone":"hovering","type":4,"width":14.0768}],"r":[[0.204144,-0.682237,0.702052],[0.839294,0.491121,0.233208],[-0.503896,0.54162,0.672857]],"s":1.47184,"t":[3.64931,23.4647,6.22933],"timestamp":1131959128845},{"currentFrameRate":57.6158,"devices":[],"gestures":[],"hands":[{"armBasis":[[-0.831218,-0.490015,0.262605],[0.393632,-0.852305,-0.344427],[0.392594,-0.182924,0.901337]],"armWidth":56.2653,"confidence":1,"direction":[-0.0605981,-0.273938,-0.959836],"elbow":[117.624,70.6457,314.251],"grabAngle":1.02093,"grabStrength":0.0701984,"id":126,"palmNormal":[-0.506662,0.836955,-0.20688],"palmPosition":[18.892,107.262,28.4091],"palmVelocity":[24.2608,64.3609,-14.6587],"palmWidth":81.6617,"pinchDistance":50.7115,"pinchStrength":0.165274,"r":[[0.202817,-0.679902,0.704697],[0.840081,0.49057,0.231528],[-0.50312,0.545044,0.670669]],"s":1.47215,"sphereCenter":[-40.3126,153.036,6.03548],"sphereRadius":76.0691,"stabilizedPalmPosition":[14.9146,109.424,35.4419],"t":[3.96937,24.2571,5.902],"timeVisible":1.30094,"type":"right","wrist":[22.4908,114.972,95.8391]}],"id":101330,"interactionBox":{"center":[0,200,0],"size":[235.247,235.247,147.751]},"pointables":[{"bases":[[[0.0952809,-0.992696,0.0740031],[0.942368,0.113902,0.314592],[-0.320723,0.0397636,0.946338]],[[0.211437,-0.931455,-0.296118],[0.975588,0.182732,0.121805],[-0.0593457,-0.314643,0.947353]],[[0.211437,-0.931455,-0.296118],[0.948767,0.268384,-0.166769],[0.234811,-0.245686,0.94048]],[[0.211437,-0.931455,-0.296118],[0.847851,0.32552,-0.418551],[0.486254,-0.162567,0.858562]]],"btipPosition":[21.1272,159.729,-14.309],"carpPosition":[35.1886,135.127,73.1189],"dipPosition":[30.9422,156.448,3.02113],"direction":[-0.234811,0.245686,-0.94048],"extended":false,"handId":126,"id":1260,"length":44.9491,"mcpPosition":[35.1886,135.127,73.1189],"pipPosition":[37.8473,149.223,30.6775],"stabilizedTipPosition":[16.838,158.605,-3.77842],"timeVisible":1.30094,"tipPosition":[17.7792,157.592,-8.45623],"tipVelocity":[11.1864,38.5665,-33.2212],"tool":false,"touchDistance":0.111268,"touchZone":"hovering","type":0,"width":17.7523},{"bases":[[[-0.857978,-0.513045,0.0256632],[0.513615,-0.855955,0.05951],[-0.00856479,0.0642392,0.997898]],[[-0.8574,-0.509369,0.0735477],[0.483228,-0.845957,-0.225495],[0.177078,-0.157799,0.971464]],[[-0.8574,-0.509369,0.0735477],[0.361,-0.6971,-0.619459],[0.366803,-0.504574,0.781576]],[[-0.8574,-0.509369,0.0735477],[0.245559,-0.53049,-0.811345],[0.45229,-0.677587,0.579922]]],"btipPosition":[16.9653,136.488,-57.8204],"carpPosition":[37.2727,114.379,68.9035],"dipPosition":[23.6302,126.504,-49.2747],"direction":[-0.366803,0.504574,-0.781576],"extended":true,"handId":126,"id":1261,"length":50.7201,"mcpPosition":[37.8382,110.138,3.01503],"pipPosition":[31.2767,115.985,-32.9817],"stabilizedTipPosition":[14.7964,135.198,-50.2784],"timeVisible":1.30094,"tipPosition":[15.8257,133.102,-54.5396],"tipVelocity":[34.1818,-2.86303,-37.9921],"tool":false,"touchDistance":0.193596,"touchZone":"hovering","type":1,"width":16.957},{"bases":[[[-0.92615,-0.346162,0.149723],[0.360857,-0.92875,0.0848861],[0.109671,0.132646,0.985077]],[[-0.915236,-0.335168,0.223619],[0.303755,-0.938601,-0.163588],[0.264719,-0.0817959,0.96085]],[[-0.915236,-0.335168,0.223619],[0.159232,-0.810699,-0.563393],[0.370119,-0.48003,0.795351]],[[-0.915236,-0.335168,0.223619],[0.0783047,-0.692379,-0.717272],[0.395236,-0.638963,0.659936]]],"btipPosition":[-4.67273,124.653,-63.0804],"carpPosition":[28.6825,107.429,68.7474],"dipPosition":[1.73311,114.297,-52.3844],"direction":[-0.370119,0.48003,-0.795351],"extended":true,"handId":126,"id":1262,"length":57.7915,"mcpPosition":[21.8154,99.1235,7.06637],"pipPosition":[10.8105,102.524,-32.8778],"stabilizedTipPosition":[-6.25861,122.196,-56.0475],"timeVisible":1.30094,"tipPosition":[-3.28436,123.312,-58.8501],"tipVelocity":[37.6834,1.049,-28.9855],"tool":false,"touchDistance":-0.341887,"touchZone":"touching","type":2,"width":16.654},{"bases":[[[-0.924467,-0.251865,0.286226],[0.297078,-0.946407,0.126725],[0.238968,0.202184,0.949745]],[[-0.920074,-0.248232,0.303058],[0.227011,-0.968329,-0.103949],[0.319264,-0.026843,0.947286]],[[-0.920074,-0.248232,0.303058],[0.0456434,-0.836273,-0.54641],[0.389076,-0.488905,0.780763]],[[-0.920074,-0.248232,0.303058],[-0.0288051,-0.72865,-0.68428],[0.390684,-0.638318,0.663262]]],"btipPosition":[-22.5968,114.418,-49.5057],"carpPosition":[18.732,102.783,69.7333],"dipPosition":[-16.3011,104.132,-38.8175],"direction":[-0.389076,0.488905,-0.780763],"extended":true,"handId":126,"id":1263,"length":55.568,"mcpPosition":[5.29767,91.4167,16.3404],"pipPosition":[-7.00518,92.4511,-20.1633],"stabilizedTipPosition":[-23.933,111.277,-42.1272],"timeVisible":1.30094,"tipPosition":[-17.8823,113.751,-46.6067],"tipVelocity":[34.2803,14.5654,-22.4914],"tool":false,"touchDistance":-0.336425,"touchZone":"touching","type":3,"width":15.8473},{"bases":[[[-0.926888,-0.066912,0.369325],[0.16961,-0.952454,0.253108],[0.334829,0.297244,0.894168]],[[-0.890691,-0.0382306,0.452998],[-0.0446785,-0.984272,-0.170915],[0.452408,-0.172472,0.874975]],[[-0.890691,-0.0382306,0.452998],[-0.273361,-0.751145,-0.600878],[0.36324,-0.659029,0.658588]],[[-0.890691,-0.0382306,0.452998],[-0.339385,-0.607063,-0.718535],[0.302468,-0.793734,0.52773]]],"btipPosition":[-35.5573,116.628,-19.7896],"carpPosition":[6.2883,103.92,72.3821],"dipPosition":[-31.0607,104.828,-11.9442],"direction":[-0.36324,0.659029,-0.658588],"extended":false,"handId":126,"id":1264,"length":43.5643,"mcpPosition":[-11.1364,88.4509,25.8491],"pipPosition":[-24.9332,93.7106,-0.834501],"stabilizedTipPosition":[-38.0226,111.516,-13.8028],"timeVisible":1.30094,"tipPosition":[-32.994,110.907,-20.1452],"tipVelocity":[37.4679,38.0263,-25.8898],"tool":false,"touchDistance":0.180356,"touchZone":"hovering","type":4,"width":14.0768}],"r":[[0.202817,-0.679902,0.704697],[0.840081,0.49057,0.231528],[-0.50312,0.545044,0.670669]],"s":1.47215,"t":[3.96937,24.2571,5.902],"timestamp":1131959146022},{"currentFrameRate":57.6462,"devices":[],"gestures":[],"hands":[{"armBasis":[[-0.838085,-0.482698,0.254195],[0.385295,-0.853597,-0.350599],[0.386213,-0.195892,0.901369]],"armWidth":56.2653,"confidence":1,"direction":[-0.0613121,-0.285604,-0.956384],"elbow":[116.552,69.9149,313.783],"grabAngle":1.02024,"grabStrength":0.0746435,"id":126,"palmNormal":[-0.504312,0.835747,-0.217248],"palmPosition":[19.3956,109.082,28.0094],"palmVelocity":[29.1999,105.52,-23.1755],"palmWidth":81.6617,"pinchDistance":51.3857,"pinchStrength":0.146628,"r":[[0.20137,-0.67639,0.708482],[0.84098,0.490222,0.228987],[-0.502198,0.549708,0.667546]],"s":1.47283,"sphereCenter":[-39.6369,154.623,4.80663],"sphereRadius":76.2013,"stabilizedPalmPosition":[15.0247,109.416,35.2593],"t":[4.3812,25.5633,5.53849],"timeVisible":1.31819,"type":"right","wrist":[22.9647,117.383,95.3635]}],"id":101331,"interactionBox":{"center":[0,200,0],"size":[235.247,235.247,147.751]},"pointables":[{"bases":[[[0.0925041,-0.991968,0.0862685],[0.942666,0.115148,0.313243],[-0.320661,0.0523461,0.945747]],[[0.208588,-0.935964,-0.28366],[0.975381,0.177859,0.130379],[-0.0715787,-0.303872,0.95002]],[[0.208588,-0.935964,-0.28366],[0.948674,0.264133,-0.173927],[0.237713,-0.232822,0.94302]],[[0.208588,-0.935964,-0.28366],[0.841515,0.319553,-0.43559],[0.498341,-0.147845,0.854282]]],"btipPosition":[21.9249,160.896,-15.1627],"carpPosition":[35.7675,137.452,72.373],"dipPosition":[31.9839,157.912,2.08106],"direction":[-0.237713,0.232822,-0.94302],"extended":false,"handId":126,"id":1260,"length":44.9491,"mcpPosition":[35.7675,137.452,72.373],"pipPosition":[38.9743,151.065,29.8121],"stabilizedTipPosition":[16.9866,158.637,-3.92741],"timeVisible":1.31819,"tipPosition":[18.5304,158.978,-9.50605],"tipVelocity":[49.5082,71.5959,-50.6521],"tool":false,"touchDistance":0.0967086,"touchZone":"hovering","type":0,"width":17.7523},{"bases":[[[-0.859409,-0.510291,0.0319238],[0.511219,-0.856585,0.0701239],[-0.00843815,0.0765852,0.997027]],[[-0.858636,-0.505481,0.0850445],[0.481875,-0.85257,-0.202289],[0.17476,-0.132712,0.975626]],[[-0.858636,-0.505481,0.0850445],[0.359797,-0.712516,-0.602384],[0.36509,-0.48663,0.793663]],[[-0.858636,-0.505481,0.0850445],[0.242373,-0.546567,-0.801573],[0.451663,-0.667647,0.591817]]],"btipPosition":[17.6091,136.491,-58.8335],"carpPosition":[37.7939,116.648,68.4144],"dipPosition":[24.2647,126.653,-50.1125],"direction":[-0.36509,0.48663,-0.793663],"extended":true,"handId":126,"id":1261,"length":50.7201,"mcpPosition":[38.3511,111.591,2.58341],"pipPosition":[31.8755,116.508,-33.5675],"stabilizedTipPosition":[14.8146,135.194,-50.3059],"timeVisible":1.31819,"tipPosition":[16.543,133.92,-55.3314],"tipVelocity":[37.2051,2.11961,-56.4061],"tool":false,"touchDistance":0.177383,"touchZone":"hovering","type":1,"width":16.957},{"bases":[[[-0.927122,-0.341699,0.153907],[0.358257,-0.928635,0.096384],[0.109989,0.144498,0.983373]],[[-0.916377,-0.330009,0.226601],[0.304894,-0.942169,-0.139129],[0.25941,-0.0584049,0.964]],[[-0.916377,-0.330009,0.226601],[0.159082,-0.81964,-0.550348],[0.367351,-0.468278,0.803598]],[[-0.916377,-0.330009,0.226601],[0.0764518,-0.699906,-0.710132],[0.392949,-0.633424,0.666607]]],"btipPosition":[-3.86512,124.851,-63.8189],"carpPosition":[29.1843,109.72,68.3434],"dipPosition":[2.50366,114.585,-53.0148],"direction":[-0.367351,0.468278,-0.803598],"extended":true,"handId":126,"id":1262,"length":57.7915,"mcpPosition":[22.2973,100.672,6.7691],"pipPosition":[11.5132,103.1,-33.306],"stabilizedTipPosition":[-6.17446,122.203,-56.1628],"timeVisible":1.31819,"tipPosition":[-2.71783,124.049,-59.52],"tipVelocity":[46.3347,12.6911,-41.3841],"tool":false,"touchDistance":-0.346738,"touchZone":"touching","type":2,"width":16.654},{"bases":[[[-0.925182,-0.245728,0.289234],[0.294426,-0.945595,0.138432],[0.239482,0.213233,0.947196]],[[-0.921069,-0.242146,0.304953],[0.227996,-0.970223,-0.0817682],[0.315673,-0.00578617,0.948851]],[[-0.921069,-0.242146,0.304953],[0.044812,-0.84385,-0.534704],[0.386811,-0.478834,0.788096]],[[-0.921069,-0.242146,0.304953],[-0.0308196,-0.735351,-0.676986],[0.388177,-0.632949,0.669846]]],"btipPosition":[-21.9039,114.99,-50.0515],"carpPosition":[19.2209,105.114,69.3858],"dipPosition":[-15.6486,104.79,-39.2573],"direction":[-0.386811,0.478834,-0.788096],"extended":true,"handId":126,"id":1263,"length":55.568,"mcpPosition":[5.75769,93.1266,16.1362],"pipPosition":[-6.40678,93.3496,-20.4278],"stabilizedTipPosition":[-23.8659,111.303,-42.2325],"timeVisible":1.31819,"tipPosition":[-17.4464,114.685,-47.0981],"tipVelocity":[39.6387,34.2836,-30.2338],"tool":false,"touchDistance":-0.338937,"touchZone":"touching","type":3,"width":15.8473},{"bases":[[[-0.927091,-0.0597564,0.370042],[0.166936,-0.949725,0.264869],[0.335611,0.307331,0.890457]],[[-0.893638,-0.0322381,0.447629],[-0.040147,-0.987675,-0.151281],[0.446989,-0.153161,0.88133]],[[-0.893638,-0.0322381,0.447629],[-0.270851,-0.756549,-0.595208],[0.357842,-0.653141,0.66735]],[[-0.893638,-0.0322381,0.447629],[-0.334757,-0.61644,-0.712699],[0.298912,-0.786742,0.540082]]],"btipPosition":[-34.7969,117.709,-20.4846],"carpPosition":[6.78027,106.318,72.0192],"dipPosition":[-30.3531,106.013,-12.4556],"direction":[-0.357842,0.653141,-0.66735],"extended":false,"handId":126,"id":1264,"length":43.5643,"mcpPosition":[-10.6851,90.3244,25.6794],"pipPosition":[-24.3167,94.9953,-1.19806],"stabilizedTipPosition":[-37.9142,111.606,-13.9262],"timeVisible":1.31819,"tipPosition":[-32.5117,112.344,-20.5393],"tipVelocity":[43.3903,64.0885,-37.849],"tool":false,"touchDistance":0.169477,"touchZone":"hovering","type":4,"width":14.0768}],"r":[[0.20137,-0.67639,0.708482],[0.84098,0.490222,0.228987],[-0.502198,0.549708,0.667546]],"s":1.47283,"t":[4.3812,25.5633,5.53849],"timestamp":1131959163268},{"currentFrameRate":57.6292,"devices":[],"gestures":[],"hands":[{"armBasis":[[-0.843402,-0.48089,0.239619],[0.382377,-0.850539,-0.361069],[0.37744,-0.212902,0.901228]],"armWidth":56.2653,"confidence":1,"direction":[-0.057889,-0.289525,-0.955418],"elbow":[114.805,68.4546,313.004],"grabAngle":1.01925,"grabStrength":0.0793706,"id":126,"palmNormal":[-0.505087,0.833995,-0.222126],"palmPosition":[20.0497,111.682,27.2649],"palmVelocity":[37.5705,149.373,-42.7651],"palmWidth":81.6617,"pinchDistance":52.3333,"pinchStrength":0.119126,"r":[[0.200015,-0.672924,0.712157],[0.841391,0.490406,0.227077],[-0.502052,0.553783,0.66428]],"s":1.47518,"sphereCenter":[-39.0426,157.209,3.27608],"sphereRadius":76.7037,"stabilizedPalmPosition":[15.3092,109.544,34.8066],"t":[4.91414,27.5165,4.98449],"timeVisible":1.3356,"type":"right","wrist":[23.344,120.045,94.6186]}],"id":101332,"interactionBox":{"center":[0,200,0],"size":[235.247,235.247,147.751]},"pointables":[{"bases":[[[0.0939528,-0.991453,0.0905147],[0.941502,0.118037,0.31566],[-0.323646,0.0555626,0.944545]],[[0.210695,-0.937197,-0.277974],[0.97284,0.173139,0.153638],[-0.0958608,-0.302795,0.948222]],[[0.210695,-0.937197,-0.277974],[0.950331,0.263009,-0.166424],[0.229081,-0.229103,0.946062]],[[0.210695,-0.937197,-0.277974],[0.841286,0.318655,-0.436688],[0.497841,-0.141848,0.85559]]],"btipPosition":[23.7457,163.423,-16.0064],"carpPosition":[36.2366,140.257,71.5646],"dipPosition":[33.7947,160.56,1.26372],"direction":[-0.229081,0.229103,-0.946062],"extended":false,"handId":126,"id":1260,"length":44.9491,"mcpPosition":[36.2366,140.257,71.5646],"pipPosition":[40.5312,153.822,29.0842],"stabilizedTipPosition":[17.4651,158.855,-4.35501],"timeVisible":1.3356,"tipPosition":[19.7044,161.523,-10.5657],"tipVelocity":[104.458,146.758,-48.1161],"tool":false,"touchDistance":0.101189,"touchZone":"hovering","type":0,"width":17.7523},{"bases":[[[-0.85862,-0.511654,0.0313364],[0.512481,-0.855407,0.0751088],[-0.0116243,0.0805493,0.996683]],[[-0.857813,-0.506018,0.0900133],[0.485624,-0.85534,-0.180455],[0.168305,-0.111084,0.979456]],[[-0.857813,-0.506018,0.0900133],[0.364933,-0.722991,-0.586607],[0.361913,-0.470351,0.804854]],[[-0.857813,-0.506018,0.0900133],[0.245274,-0.556947,-0.793506],[0.451661,-0.658601,0.601869]]],"btipPosition":[18.642,137.749,-60.0531],"carpPosition":[38.3111,119.441,67.6953],"dipPosition":[25.2976,128.044,-51.184],"direction":[-0.361913,0.470351,-0.804854],"extended":true,"handId":126,"id":1261,"length":50.7201,"mcpPosition":[39.0786,114.123,1.88714],"pipPosition":[32.8422,118.239,-34.4057],"stabilizedTipPosition":[14.8591,135.196,-50.3699],"timeVisible":1.3356,"tipPosition":[17.5916,136.138,-56.3035],"tipVelocity":[59.3314,74.0122,-68.0983],"tool":false,"touchDistance":0.157624,"touchZone":"hovering","type":1,"width":16.957},{"bases":[[[-0.926997,-0.342694,0.152437],[0.359564,-0.927618,0.101189],[0.106727,0.148613,0.983119]],[[-0.916834,-0.331032,0.223234],[0.311764,-0.942841,-0.1177],[0.249436,-0.038315,0.967633]],[[-0.916834,-0.331032,0.223234],[0.165861,-0.824354,-0.541231],[0.363188,-0.459193,0.810701]],[[-0.916834,-0.331032,0.223234],[0.0804649,-0.700827,-0.708779],[0.391077,-0.63187,0.669178]]],"btipPosition":[-2.58442,126.289,-64.8876],"carpPosition":[29.7137,112.498,67.6257],"dipPosition":[3.75401,116.048,-54.0418],"direction":[-0.363188,0.459193,-0.810701],"extended":true,"handId":126,"id":1262,"length":57.7915,"mcpPosition":[23.031,103.193,6.06735],"pipPosition":[12.6615,104.786,-34.1588],"stabilizedTipPosition":[-5.91313,122.292,-56.4854],"timeVisible":1.3356,"tipPosition":[-1.78287,126.132,-60.5017],"tipVelocity":[73.1643,82.9124,-60.8356],"tool":false,"touchDistance":-0.356283,"touchZone":"touching","type":2,"width":16.654},{"bases":[[[-0.925638,-0.24618,0.287385],[0.295634,-0.944521,0.14311],[0.236211,0.217428,0.947064]],[[-0.922063,-0.242955,0.301285],[0.234598,-0.96997,-0.0642073],[0.307837,0.0114779,0.95137]],[[-0.922063,-0.242955,0.301285],[0.0506358,-0.847467,-0.528427],[0.383714,-0.471987,0.793721]],[[-0.922063,-0.242955,0.301285],[-0.0271852,-0.735857,-0.676591],[0.386084,-0.63205,0.671902]]],"btipPosition":[-20.7761,116.676,-51.0383],"carpPosition":[19.7551,107.88,68.6561],"dipPosition":[-14.5546,106.491,-40.211],"direction":[-0.383714,0.471987,-0.79372],"extended":true,"handId":126,"id":1263,"length":55.568,"mcpPosition":[6.47577,95.6561,15.414],"pipPosition":[-5.38676,95.2138,-21.2472],"stabilizedTipPosition":[-23.6209,111.468,-42.5748],"timeVisible":1.3356,"tipPosition":[-16.6791,116.822,-47.9987],"tipVelocity":[64.3345,97.0448,-56.2488],"tool":false,"touchDistance":-0.348065,"touchZone":"touching","type":3,"width":15.8473},{"bases":[[[-0.928116,-0.0598916,0.367443],[0.167764,-0.948368,0.269171],[0.33235,0.311466,0.890243]],[[-0.898078,-0.0344139,0.438487],[-0.0281909,-0.990381,-0.135467],[0.438931,-0.134021,0.888469]],[[-0.898078,-0.0344139,0.438487],[-0.261584,-0.75967,-0.595378],[0.353595,-0.649397,0.673241]],[[-0.898078,-0.0344139,0.438487],[-0.324756,-0.62046,-0.713837],[0.29663,-0.783482,0.546046]]],"btipPosition":[-33.7518,119.553,-21.6518],"carpPosition":[7.30438,109.072,71.2467],"dipPosition":[-29.342,107.905,-13.5341],"direction":[-0.353595,0.649397,-0.673241],"extended":false,"handId":126,"id":1264,"length":43.5643,"mcpPosition":[-9.99132,92.8634,24.918],"pipPosition":[-23.3772,96.9506,-2.17721],"stabilizedTipPosition":[-37.6918,111.832,-14.1778],"timeVisible":1.3356,"tipPosition":[-31.7521,114.742,-21.393],"tipVelocity":[59.5831,106.543,-65.8747],"tool":false,"touchDistance":0.150871,"touchZone":"hovering","type":4,"width":14.0768}],"r":[[0.200015,-0.672924,0.712157],[0.841391,0.490406,0.227077],[-0.502052,0.553783,0.66428]],"s":1.47518,"t":[4.91414,27.5165,4.98449],"timestamp":1131959180677},{"currentFrameRate":57.6298,"devices":[],"gestures":[],"hands":[{"armBasis":[[-0.85027,-0.476532,0.223513],[0.37587,-0.84699,-0.375938],[0.368459,-0.235637,0.899285]],"armWidth":56.2653,"confidence":1,"direction":[-0.0554375,-0.280799,-0.958164],"elbow":[113.162,65.9634,311.66],"grabAngle":1.01616,"grabStrength":0.0838545,"id":126,"palmNormal":[-0.499473,0.838737,-0.216901],"palmPosition":[20.8562,115.439,26.2969],"palmVelocity":[46.4871,216.519,-55.7916],"palmWidth":81.6617,"pinchDistance":53.697,"pinchStrength":0.0780619,"r":[[0.197577,-0.671615,0.71407],[0.842078,0.489203,0.227122],[-0.501864,0.556429,0.662208]],"s":1.48043,"sphereCenter":[-37.9027,162.227,1.81295],"sphereRadius":77.6558,"stabilizedPalmPosition":[16.0245,110.304,33.7092],"t":[5.58389,30.3715,4.2235],"timeVisible":1.35294,"type":"right","wrist":[23.8768,123.063,93.7462]}],"id":101333,"interactionBox":{"center":[0,200,0],"size":[235.247,235.247,147.751]},"pointables":[{"bases":[[[0.0880306,-0.992722,0.0821803],[0.940794,0.10997,0.320644],[-0.327348,0.0490883,0.943628]],[[0.205891,-0.936819,-0.282804],[0.968921,0.154668,0.193054],[-0.137116,-0.313763,0.939549]],[[0.205891,-0.936819,-0.282804],[0.957597,0.252399,-0.138935],[0.201537,-0.242207,0.949062]],[[0.205891,-0.936819,-0.282804],[0.855147,0.312744,-0.41342],[0.475745,-0.15672,0.865509]]],"btipPosition":[27.6271,167.875,-16.5568],"carpPosition":[37.0137,143.533,70.9141],"dipPosition":[37.23,164.712,0.913572],"direction":[-0.201537,0.242207,-0.949062],"extended":false,"handId":126,"id":1260,"length":44.9491,"mcpPosition":[37.0137,143.533,70.9141],"pipPosition":[43.1565,157.589,28.8223],"stabilizedTipPosition":[19.7136,160.362,-5.84247],"timeVisible":1.35294,"tipPosition":[22.2758,165.84,-11.3101],"tipVelocity":[217.798,252.631,-29.0677],"tool":false,"touchDistance":0.14866,"touchZone":"hovering","type":0,"width":17.7523},{"bases":[[[-0.861588,-0.507076,0.0232201],[0.507374,-0.8589,0.0697332],[-0.0154163,0.0718626,0.997295]],[[-0.860734,-0.501245,0.0888242],[0.483853,-0.859793,-0.163227],[0.158187,-0.097517,0.982582]],[[-0.860734,-0.501245,0.0888242],[0.366768,-0.731637,-0.574621],[0.353013,-0.462018,0.813585]],[[-0.860734,-0.501245,0.0888242],[0.246134,-0.562527,-0.789292],[0.445595,-0.657508,0.607559]]],"btipPosition":[20.2195,140.929,-61.3],"carpPosition":[38.9884,122.74,66.8705],"dipPosition":[26.7858,131.24,-52.3471],"direction":[-0.353013,0.462018,-0.813585],"extended":true,"handId":126,"id":1261,"length":50.7201,"mcpPosition":[40.0063,117.995,1.02189],"pipPosition":[34.1448,121.608,-35.3867],"stabilizedTipPosition":[15.09,135.314,-50.668],"timeVisible":1.35294,"tipPosition":[19.1413,140.469,-57.2551],"tipVelocity":[89.7407,183.485,-70.7592],"tool":false,"touchDistance":0.155133,"touchZone":"hovering","type":1,"width":16.957},{"bases":[[[-0.929536,-0.338804,0.145515],[0.353946,-0.930476,0.0945334],[0.103369,0.139376,0.984829]],[[-0.919959,-0.328158,0.214446],[0.312562,-0.944189,-0.103983],[0.2366,-0.0286322,0.971185]],[[-0.919959,-0.328158,0.214446],[0.169009,-0.8256,-0.538349],[0.35371,-0.459016,0.81498]],[[-0.919959,-0.328158,0.214446],[0.080921,-0.694222,-0.715197],[0.383571,-0.640599,0.665211]]],"btipPosition":[-0.847378,129.95,-66.1051],"carpPosition":[30.3528,115.846,66.7037],"dipPosition":[5.36941,119.567,-55.3236],"direction":[-0.35371,0.459016,-0.81498],"extended":true,"handId":126,"id":1262,"length":57.7915,"mcpPosition":[23.8803,107.119,5.03821],"pipPosition":[14.0444,108.31,-35.3356],"stabilizedTipPosition":[-4.53015,123.414,-58.0055],"timeVisible":1.35294,"tipPosition":[-0.440869,130.546,-61.5907],"tipVelocity":[98.5053,209.131,-71.0242],"tool":false,"touchDistance":-0.367472,"touchZone":"touching","type":2,"width":16.654},{"bases":[[[-0.928212,-0.243487,0.281311],[0.289745,-0.947387,0.136034],[0.233388,0.207777,0.949926]],[[-0.925263,-0.240907,0.293005],[0.234197,-0.970438,-0.0583308],[0.298395,0.0146494,0.95433]],[[-0.925263,-0.240907,0.293005],[0.0510737,-0.844523,-0.533079],[0.375871,-0.478273,0.79371]],[[-0.925263,-0.240907,0.293005],[-0.0294465,-0.724488,-0.688658],[0.378181,-0.645818,0.663249]]],"btipPosition":[-19.3297,120.863,-52.1783],"carpPosition":[20.3643,111.275,67.6515],"dipPosition":[-13.2355,110.456,-41.4904],"direction":[-0.375871,0.478273,-0.79371],"extended":true,"handId":126,"id":1263,"length":55.568,"mcpPosition":[7.24363,99.5939,14.2484],"pipPosition":[-4.25504,99.0293,-22.5268],"stabilizedTipPosition":[-22.1743,113.247,-44.3904],"timeVisible":1.35294,"tipPosition":[-15.6127,121.333,-49.0967],"tipVelocity":[81.6808,238.42,-67.5509],"tool":false,"touchDistance":-0.359172,"touchZone":"touching","type":3,"width":15.8473},{"bases":[[[-0.929991,-0.0578978,0.362994],[0.16132,-0.951622,0.261518],[0.330292,0.301768,0.89434]],[[-0.90382,-0.0360389,0.426392],[-0.0212789,-0.991429,-0.128901],[0.427383,-0.125577,0.895307]],[[-0.90382,-0.0360389,0.426392],[-0.254384,-0.756004,-0.603114],[0.344089,-0.653574,0.674124]],[[-0.90382,-0.0360389,0.426392],[-0.315123,-0.618064,-0.720204],[0.289493,-0.785301,0.547263]]],"btipPosition":[-32.4209,123.34,-23.1532],"carpPosition":[7.90949,112.515,70.2],"dipPosition":[-28.1172,111.665,-15.0174],"direction":[-0.344089,0.653574,-0.674124],"extended":false,"handId":126,"id":1264,"length":43.5643,"mcpPosition":[-9.27909,96.8104,23.6581],"pipPosition":[-22.3127,100.64,-3.6456],"stabilizedTipPosition":[-36.9703,112.849,-14.9966],"timeVisible":1.35294,"tipPosition":[-30.7572,119.292,-22.4834],"tipVelocity":[75.3013,217.913,-86.2945],"tool":false,"touchDistance":0.149521,"touchZone":"hovering","type":4,"width":14.0768}],"r":[[0.197577,-0.671615,0.71407],[0.842078,0.489203,0.227122],[-0.501864,0.556429,0.662208]],"s":1.48043,"t":[5.58389,30.3715,4.2235],"timestamp":1131959198027},{"currentFrameRate":57.6555,"devices":[],"gestures":[],"hands":[{"armBasis":[[-0.862078,-0.466581,0.197797],[0.365927,-0.843129,-0.393993],[0.350598,-0.267274,0.897578]],"armWidth":56.2653,"confidence":1,"direction":[-0.0489954,-0.263824,-0.963326],"elbow":[109.005,62.6584,308.882],"grabAngle":0.99947,"grabStrength":0.0759956,"id":126,"palmNormal":[-0.486061,0.848871,-0.207757],"palmPosition":[21.6887,121.098,23.7737],"palmVelocity":[48.2373,327.916,-146.198],"palmWidth":81.6617,"pinchDistance":56.6073,"pinchStrength":0,"r":[[0.19235,-0.673505,0.713717],[0.843446,0.485218,0.230568],[-0.501597,0.557632,0.661397]],"s":1.49547,"sphereCenter":[-36.3933,172.104,-1.52999],"sphereRadius":80.3398,"stabilizedPalmPosition":[17.5728,113.255,30.9935],"t":[6.33503,34.6287,2.58138],"timeVisible":1.3702,"type":"right","wrist":[24.0483,127.424,91.381]}],"id":101334,"interactionBox":{"center":[0,200,0],"size":[235.247,235.247,147.751]},"pointables":[{"bases":[[[0.074073,-0.995054,0.0661848],[0.938718,0.0919744,0.332189],[-0.336634,0.0375226,0.940888]],[[0.196121,-0.935053,-0.295319],[0.956343,0.115848,0.268304],[-0.216666,-0.335046,0.916951]],[[0.196121,-0.935053,-0.295319],[0.97615,0.214765,-0.0317362],[0.093099,-0.282051,0.954872]],[[0.196121,-0.935053,-0.295319],[0.910844,0.28526,-0.298312],[0.36318,-0.210484,0.907633]]],"btipPosition":[37.3803,175.77,-18.4524],"carpPosition":[37.7422,148.217,69.0273],"dipPosition":[44.7111,171.521,-0.131758],"direction":[-0.093099,0.282051,-0.954872],"extended":false,"handId":126,"id":1260,"length":44.9491,"mcpPosition":[37.7422,148.217,69.0273],"pipPosition":[47.4488,163.227,27.9478],"stabilizedTipPosition":[32.7486,170.082,-11.4977],"timeVisible":1.3702,"tipPosition":[29.4408,173.055,-13.4083],"tipVelocity":[534.829,442.965,-98.5014],"tool":false,"touchDistance":0.245452,"touchZone":"hovering","type":0,"width":17.7523},{"bases":[[[-0.86839,-0.495849,0.00567013],[0.49525,-0.866651,0.0603574],[-0.0250141,0.0552219,0.998161]],[[-0.867799,-0.490262,0.081041],[0.475442,-0.866606,-0.151487],[0.144499,-0.0929302,0.985131]],[[-0.867799,-0.490262,0.081041],[0.366738,-0.741933,-0.561284],[0.335303,-0.457361,0.823646]],[[-0.867799,-0.490262,0.081041],[0.250744,-0.572832,-0.780379],[0.429013,-0.656892,0.620033]]],"btipPosition":[22.471,146.483,-64.0645],"carpPosition":[39.4854,127.471,64.6512],"dipPosition":[28.7929,136.803,-54.9278],"direction":[-0.335303,0.457361,-0.823646],"extended":true,"handId":126,"id":1261,"length":50.7201,"mcpPosition":[41.1371,123.825,-1.25462],"pipPosition":[35.7828,127.268,-37.7577],"stabilizedTipPosition":[16.1407,136.378,-52.0112],"timeVisible":1.3702,"tipPosition":[21.4655,147.221,-59.6187],"tipVelocity":[127.196,321.905,-157.729],"tool":false,"touchDistance":0.156287,"touchZone":"hovering","type":1,"width":16.957},{"bases":[[[-0.935405,-0.328773,0.1301],[0.34064,-0.936581,0.0823468],[0.0947758,0.121345,0.988075]],[[-0.925749,-0.318823,0.203327],[0.305085,-0.94742,-0.096529],[0.223411,-0.0273296,0.974341]],[[-0.925749,-0.318823,0.203327],[0.167145,-0.827331,-0.53627],[0.339194,-0.462466,0.81919]],[[-0.925749,-0.318823,0.203327],[0.0797345,-0.690195,-0.719217],[0.369638,-0.649602,0.664369]]],"btipPosition":[1.23007,136.106,-68.9551],"carpPosition":[30.762,120.697,64.2777],"dipPosition":[7.22103,125.578,-58.1873],"direction":[-0.339194,0.462466,-0.81919],"extended":true,"handId":126,"id":1262,"length":57.7915,"mcpPosition":[24.8276,113.099,2.40895],"pipPosition":[15.54,114.235,-38.0961],"stabilizedTipPosition":[-1.12468,128.314,-62.0479],"timeVisible":1.3702,"tipPosition":[1.61541,137.605,-64.2656],"tipVelocity":[117.36,354.749,-165.316],"tool":false,"touchDistance":-0.401856,"touchZone":"touching","type":2,"width":16.654},{"bases":[[[-0.934262,-0.235788,0.267505],[0.275786,-0.953331,0.122887],[0.226046,0.188583,0.955688]],[[-0.929979,-0.232305,0.284911],[0.223446,-0.972633,-0.0636954],[0.291911,0.00442683,0.956435]],[[-0.929979,-0.232305,0.284911],[0.0432715,-0.838816,-0.542693],[0.365058,-0.492364,0.790133]],[[-0.929979,-0.232305,0.284911],[-0.0383612,-0.709472,-0.703688],[0.365607,-0.665345,0.650883]]],"btipPosition":[-17.8657,127.957,-54.906],"carpPosition":[20.7047,116.244,65.0441],"dipPosition":[-11.9741,117.235,-44.4173],"direction":[-0.365058,0.492364,-0.790133],"extended":true,"handId":126,"id":1263,"length":55.568,"mcpPosition":[7.99681,105.642,11.3171],"pipPosition":[-3.25201,105.471,-25.5392],"stabilizedTipPosition":[-19.2659,119.534,-48.5515],"timeVisible":1.3702,"tipPosition":[-13.9879,128.641,-51.9027],"tipVelocity":[82.1252,406.807,-160.702],"tool":false,"touchDistance":-0.393191,"touchZone":"touching","type":3,"width":15.8473},{"bases":[[[-0.93446,-0.0515955,0.352311],[0.145997,-0.957968,0.246945],[0.324762,0.282196,0.902715]],[[-0.908216,-0.0308267,0.417364],[-0.0252161,-0.991441,-0.1281],[0.41774,-0.126867,0.899665]],[[-0.908216,-0.0308267,0.417364],[-0.251444,-0.757017,-0.603076],[0.334542,-0.652667,0.679784]],[[-0.908216,-0.0308267,0.417364],[-0.305813,-0.631922,-0.712147],[0.285695,-0.774419,0.564495]]],"btipPosition":[-31.29,129.313,-26.7893],"carpPosition":[8.24106,117.607,67.4843],"dipPosition":[-27.0427,117.8,-18.3974],"direction":[-0.334542,0.652667,-0.679784],"extended":false,"handId":126,"id":1264,"length":43.5643,"mcpPosition":[-8.65972,102.921,20.5065],"pipPosition":[-21.3993,106.79,-6.93008],"stabilizedTipPosition":[-35.2414,116.437,-17.5579],"timeVisible":1.3702,"tipPosition":[-29.4307,126.48,-25.4153],"tipVelocity":[64.7745,348.231,-207.267],"tool":false,"touchDistance":0.135478,"touchZone":"hovering","type":4,"width":14.0768}],"r":[[0.19235,-0.673505,0.713717],[0.843446,0.485218,0.230568],[-0.501597,0.557632,0.661397]],"s":1.49547,"t":[6.33503,34.6287,2.58138],"timestamp":1131959215286},{"currentFrameRate":57.649,"devices":[],"gestures":[],"hands":[{"armBasis":[[-0.871267,-0.464447,0.158689],[0.362069,-0.826495,-0.431059],[0.33136,-0.318111,0.88826]],"armWidth":56.2653,"confidence":1,"direction":[-0.0410884,-0.263524,-0.963777],"elbow":[104.786,56.797,302.415],"grabAngle":0.997824,"grabStrength":0.0826034,"id":126,"palmNormal":[-0.493043,0.844319,-0.209841],"palmPosition":[22.7133,128.135,19.5268],"palmVelocity":[58.9927,405.19,-244.522],"palmWidth":81.6617,"pinchDistance":59.5339,"pinchStrength":0,"r":[[0.188666,-0.674742,0.713532],[0.843331,0.483612,0.234335],[-0.503189,0.557533,0.660272]],"s":1.51611,"sphereCenter":[-33.9166,180.922,-7.15267],"sphereRadius":81.1941,"stabilizedPalmPosition":[19.8652,119.891,25.8798],"t":[7.22289,40.276,-0.363101],"timeVisible":1.38757,"type":"right","wrist":[24.4913,133.882,87.1722]}],"id":101335,"interactionBox":{"center":[0,200,0],"size":[235.247,235.247,147.751]},"pointables":[{"bases":[[[0.0832765,-0.994347,0.0658661],[0.935924,0.100739,0.337486],[-0.342214,0.033541,0.939023]],[[0.206075,-0.933708,-0.292783],[0.941818,0.108063,0.318278],[-0.26554,-0.341337,0.901652]],[[0.206075,-0.933708,-0.292783],[0.978503,0.199075,0.0538522],[0.00800358,-0.297586,0.954661]],[[0.206075,-0.933708,-0.292783],[0.946442,0.266186,-0.182737],[0.248558,-0.239444,0.938555]]],"btipPosition":[44.8965,184.248,-22.5231],"carpPosition":[38.2527,155.372,64.8891],"dipPosition":[49.9136,179.415,-3.57832],"direction":[-0.00800359,0.297586,-0.954661],"extended":true,"handId":126,"id":1260,"length":44.9491,"mcpPosition":[38.2527,155.372,64.8891],"pipPosition":[50.149,170.664,24.4951],"stabilizedTipPosition":[42.4325,179.586,-16.3522],"timeVisible":1.38757,"tipPosition":[35.1885,181.123,-17.7604],"tipVelocity":[402.12,480.404,-226.116],"tool":false,"touchDistance":0.254253,"touchZone":"hovering","type":0,"width":17.7523},{"bases":[[[-0.863596,-0.504185,0.000463387],[0.503225,-0.861894,0.0624817],[-0.0311029,0.0541921,0.998046]],[[-0.863313,-0.498226,0.0803808],[0.486082,-0.863731,-0.133018],[0.1357,-0.0757645,0.987849]],[[-0.863313,-0.498226,0.0803808],[0.378812,-0.744983,-0.549092],[0.333454,-0.443589,0.831888]],[[-0.863313,-0.498226,0.0803808],[0.258754,-0.573734,-0.777094],[0.433286,-0.650077,0.62423]]],"btipPosition":[23.9092,152.703,-68.5349],"carpPosition":[40.2199,134.647,60.5076],"dipPosition":[30.294,143.124,-59.3363],"direction":[-0.333454,0.443589,-0.831888],"extended":true,"handId":126,"id":1261,"length":50.7201,"mcpPosition":[42.2736,131.069,-5.39063],"pipPosition":[37.2453,133.876,-41.9944],"stabilizedTipPosition":[18.081,139.344,-55.0377],"timeVisible":1.38757,"tipPosition":[22.8612,154.095,-63.9984],"tipVelocity":[83.638,359.486,-256.571],"tool":false,"touchDistance":0.123566,"touchZone":"hovering","type":1,"width":16.957},{"bases":[[[-0.932907,-0.337859,0.12464],[0.349174,-0.933325,0.0835573],[0.0880994,0.121472,0.988677]],[[-0.923165,-0.327329,0.201547],[0.317373,-0.94485,-0.0808192],[0.216886,-0.0106438,0.976139]],[[-0.923165,-0.327329,0.201547],[0.18007,-0.831469,-0.52558],[0.339618,-0.448905,0.826526]],[[-0.923165,-0.327329,0.201547],[0.0876753,-0.689788,-0.718684],[0.374271,-0.645793,0.665487]]],"btipPosition":[2.63619,142.103,-73.4628],"carpPosition":[31.5643,127.79,60.0805],"dipPosition":[8.70224,131.636,-62.6768],"direction":[-0.339618,0.448905,-0.826526],"extended":true,"handId":126,"id":1262,"length":57.7915,"mcpPosition":[26.048,120.184,-1.82594],"pipPosition":[17.0316,120.626,-42.4057],"stabilizedTipPosition":[1.36052,133.8,-66.3541],"timeVisible":1.38757,"tipPosition":[3.03508,144.233,-68.7507],"tipVelocity":[81.9546,346.093,-259.298],"tool":false,"touchDistance":-0.457556,"touchZone":"touching","type":2,"width":16.654},{"bases":[[[-0.933425,-0.244975,0.262118],[0.28426,-0.950731,0.123723],[0.218895,0.189996,0.957072]],[[-0.927408,-0.239945,0.28695],[0.233548,-0.970681,-0.0568576],[0.29218,0.0142864,0.956257]],[[-0.927408,-0.239945,0.28695],[0.0501491,-0.839977,-0.5403],[0.370673,-0.486689,0.791034]],[[-0.927408,-0.239945,0.28695],[-0.0384726,-0.701885,-0.71125],[0.372067,-0.670659,0.641703]]],"btipPosition":[-16.8707,134.443,-59.1071],"carpPosition":[21.5462,123.239,60.7875],"dipPosition":[-10.8751,123.636,-48.7664],"direction":[-0.370674,0.486689,-0.791034],"extended":true,"handId":126,"id":1263,"length":55.568,"mcpPosition":[9.24037,112.558,6.98272],"pipPosition":[-2.01881,112.008,-29.8667],"stabilizedTipPosition":[-17.2627,126.128,-52.8918],"timeVisible":1.38757,"tipPosition":[-12.7094,135.278,-56.3548],"tipVelocity":[58.6644,372.327,-243.846],"tool":false,"touchDistance":-0.445732,"touchZone":"touching","type":3,"width":15.8473},{"bases":[[[-0.935867,-0.0608602,0.347057],[0.153832,-0.956714,0.247052],[0.316999,0.284596,0.904719]],[[-0.908307,-0.038489,0.416529],[-0.0155715,-0.991957,-0.125617],[0.418014,-0.120585,0.900402]],[[-0.908307,-0.038489,0.416529],[-0.244394,-0.759301,-0.603103],[0.339484,-0.6496,0.680272]],[[-0.908307,-0.038489,0.416529],[-0.294905,-0.647275,-0.702898],[0.296663,-0.761284,0.576574]]],"btipPosition":[-30.3251,135.623,-31.429],"carpPosition":[9.05665,124.48,63.1592],"dipPosition":[-25.9148,124.305,-22.8575],"direction":[-0.339484,0.6496,-0.680272],"extended":false,"handId":126,"id":1264,"length":43.5643,"mcpPosition":[-7.44013,109.67,16.0771],"pipPosition":[-20.1881,113.347,-11.3819],"stab