{"frames":111,"data":[{"currentFrameRate":114.42,"devices":[],"gestures":[],"hands":[{"armBasis":[[-0.889136,-0.457437,-0.0137358],[0.436184,-0.837979,-0.327924],[0.138494,-0.29756,0.944604]],"armWidth":56.2653,"confidence":1,"direction":[0.10404,-0.229557,-0.967719],"elbow":[81.7235,36.6829,296.605],"grabAngle":0.795429,"grabStrength":0,"id":128,"palmNormal":[-0.45496,0.854244,-0.251552],"palmPosition":[57.1434,104.854,0.357519],"palmVelocity":[62.6621,307.968,-86.4121],"palmWidth":81.6617,"pinchDistance":59.0618,"pinchStrength":0,"r":[[0.976766,0.110588,0.183574],[-0.104118,0.993567,-0.0445479],[-0.18732,0.0243995,0.981996]],"s":1.09508,"sphereCenter":[-0.354115,158.633,-32.2178],"sphereRadius":84.3074,"stabilizedPalmPosition":[56.8043,94.1674,11.1369],"t":[-12.2104,16.9833,-36.158],"timeVisible":1.34424,"type":"right","wrist":[48.1637,108.788,67.7089]}],"id":102168,"interactionBox":{"center":[0,200,0],"size":[235.247,235.247,147.751]},"pointables":[{"bases":[[[0.0713448,-0.996549,0.0424249],[0.874632,0.0829504,0.477638],[-0.479509,0.00302919,0.877532]],[[0.265177,-0.906651,-0.328125],[0.916666,0.131525,0.377392],[-0.299006,-0.400856,0.865973]],[[0.265177,-0.906651,-0.328125],[0.963194,0.233552,0.133079],[-0.0440219,-0.351337,0.935213]],[[0.265177,-0.906651,-0.328125],[0.938445,0.320818,-0.128048],[0.221363,-0.273972,0.935915]]],"btipPosition":[75.9352,164.216,-36.7144],"carpPosition":[65.7134,130.396,48.4743],"dipPosition":[80.4034,158.686,-17.8229],"direction":[0.0440219,0.351337,-0.935213],"extended":false,"handId":128,"id":1280,"length":44.9491,"mcpPosition":[65.7134,130.396,48.4743],"pipPosition":[79.1089,148.354,9.67863],"stabilizedTipPosition":[72.6423,154.855,-28.1051],"timeVisible":1.34424,"tipPosition":[75.6434,162.497,-32.7689],"tipVelocity":[24.7414,312.806,-88.2868],"tool":false,"touchDistance":0.175697,"touchZone":"hovering","type":0,"width":17.7523},{"bases":[[[-0.854389,-0.498366,-0.147139],[0.487169,-0.866744,0.106868],[-0.180791,0.0196253,0.983326]],[[-0.85908,-0.497629,-0.119779],[0.509608,-0.853419,-0.109431],[-0.0477658,-0.15505,0.986751]],[[-0.85908,-0.497629,-0.119779],[0.494341,-0.745997,-0.446223],[0.132699,-0.442553,0.88687]],[[-0.85908,-0.497629,-0.119779],[0.453512,-0.631552,-0.628863],[0.237294,-0.594565,0.768234]]],"btipPosition":[75.7387,132.26,-87.5902],"carpPosition":[68.2947,109.824,43.7079],"dipPosition":[79.2354,123.499,-76.2695],"direction":[-0.132699,0.442553,-0.88687],"extended":true,"handId":128,"id":1281,"length":50.7201,"mcpPosition":[80.2318,108.528,-21.2184],"pipPosition":[82.0017,114.273,-57.7815],"stabilizedTipPosition":[72.1201,124.569,-75.7192],"timeVisible":1.34424,"tipPosition":[75.3905,132.528,-83.176],"tipVelocity":[138.078,227.234,-128.717],"tool":false,"touchDistance":0.229671,"touchZone":"hovering","type":1,"width":16.957},{"bases":[[[-0.941408,-0.336023,-0.0289829],[0.331623,-0.93788,0.102016],[-0.0614624,0.0864277,0.99436]],[[-0.942341,-0.324154,0.0831713],[0.321817,-0.945936,-0.0404858],[0.0917984,-0.0113855,0.995713]],[[-0.942341,-0.324154,0.0831713],[0.286889,-0.910455,-0.297937],[0.172301,-0.256897,0.950955]],[[-0.942341,-0.324154,0.0831713],[0.251554,-0.850029,-0.462788],[0.220712,-0.415182,0.882559]]],"btipPosition":[52.0236,111.132,-99.54],"carpPosition":[59.7943,103.041,41.7428],"dipPosition":[55.6008,104.403,-85.2358],"direction":[-0.172301,0.256897,-0.950955],"extended":true,"handId":128,"id":1282,"length":57.7915,"mcpPosition":[63.6428,97.6294,-20.5195],"pipPosition":[59.8266,98.1027,-61.9129],"stabilizedTipPosition":[48.9094,105.116,-91.1205],"timeVisible":1.34424,"tipPosition":[54.923,111.751,-95.7695],"tipVelocity":[95.9236,243.31,-100.063],"tool":false,"touchDistance":-0.207893,"touchZone":"touching","type":2,"width":16.654},{"bases":[[[-0.962494,-0.247978,0.110054],[0.261388,-0.956257,0.131331],[0.0726726,0.155172,0.985211]],[[-0.948312,-0.229052,0.219636],[0.20958,-0.971751,-0.108518],[0.238287,-0.0568779,0.969528]],[[-0.948312,-0.229052,0.219636],[0.124882,-0.905631,-0.405261],[0.291735,-0.356885,0.887425]],[[-0.948312,-0.229052,0.219636],[0.0795854,-0.841656,-0.534117],[0.307198,-0.489029,0.816382]]],"btipPosition":[24.5904,108.408,-86.3307],"carpPosition":[49.7789,98.5329,40.7751],"dipPosition":[29.5407,100.528,-73.1751],"direction":[-0.291735,0.356885,-0.887425],"extended":true,"handId":128,"id":1283,"length":55.568,"mcpPosition":[45.6934,89.8094,-14.6116],"pipPosition":[36.5109,92.0012,-51.9725],"stabilizedTipPosition":[22.9267,101.597,-80.1091],"timeVisible":1.34424,"tipPosition":[29.7943,104.057,-83.7211],"tipVelocity":[77.9128,278.659,-90.067],"tool":false,"touchDistance":-0.165592,"touchZone":"touching","type":3,"width":15.8473},{"bases":[[[-0.977484,-0.066919,0.200119],[0.11389,-0.965695,0.233371],[0.177637,0.250908,0.951572]],[[-0.916149,-0.0112171,0.400682],[-0.08267,-0.97283,-0.216257],[0.392221,-0.231248,0.89033]],[[-0.916149,-0.0112171,0.400682],[-0.244744,-0.77599,-0.581326],[0.317446,-0.630646,0.708177]],[[-0.916149,-0.0112171,0.400682],[-0.287519,-0.678109,-0.676388],[0.279293,-0.734876,0.618024]]],"btipPosition":[6.36333,115.328,-56.5207],"carpPosition":[37.0761,99.7703,41.2855],"dipPosition":[10.5154,104.404,-47.3329],"direction":[-0.317446,0.630646,-0.708177],"extended":true,"handId":128,"id":1284,"length":43.5643,"mcpPosition":[27.8317,86.7129,-8.2348],"pipPosition":[15.8704,93.7652,-35.3867],"stabilizedTipPosition":[2.81716,106.841,-47.851],"timeVisible":1.34424,"tipPosition":[9.26852,109.056,-55.6543],"tipVelocity":[65.5634,244.889,-101.563],"tool":false,"touchDistance":0.233425,"touchZone":"hovering","type":4,"width":14.0768}],"r":[[0.976766,0.110588,0.183574],[-0.104118,0.993567,-0.0445479],[-0.18732,0.0243995,0.981996]],"s":1.09508,"t":[-12.2104,16.9833,-36.158],"timestamp":1131968043424},{"currentFrameRate":114.509,"devices":[],"gestures":[],"hands":[{"armBasis":[[-0.887578,-0.460125,-0.0221371],[0.439513,-0.831468,-0.339837],[0.137961,-0.311362,0.940224]],"armWidth":56.2653,"confidence":1,"direction":[0.106889,-0.228711,-0.967608],"elbow":[81.9664,36.0876,294.698],"grabAngle":0.787799,"grabStrength":0,"id":128,"palmNormal":[-0.459736,0.851533,-0.25206],"palmPosition":[57.6494,107.82,-0.469923],"palmVelocity":[58.9653,345.677,-96.4271],"palmWidth":81.6617,"pinchDistance":59.5997,"pinchStrength":0,"r":[[0.975629,0.117664,0.185213],[-0.110966,0.992752,-0.0461578],[-0.189302,0.0244805,0.981614]],"s":1.09806,"sphereCenter":[0.138021,161.178,-33.2205],"sphereRadius":84.2138,"stabilizedPalmPosition":[56.9461,96.457,9.19048],"t":[-11.7179,19.6278,-36.8895],"timeVisible":1.35283,"type":"right","wrist":[48.5357,111.537,66.8629]}],"id":102169,"interactionBox":{"center":[0,200,0],"size":[235.247,235.247,147.751]},"pointables":[{"bases":[[[0.0773041,-0.996109,0.0423222],[0.873391,0.0881311,0.478979],[-0.480845,-0.000063178,0.876806]],[[0.271388,-0.904712,-0.328396],[0.916692,0.138992,0.374643],[-0.293299,-0.402712,0.867063]],[[0.271388,-0.904712,-0.328396],[0.96173,0.241528,0.129384],[-0.0377389,-0.350942,0.935636]],[[0.271388,-0.904712,-0.328396],[0.935596,0.328045,-0.130562],[0.22585,-0.271813,0.935473]]],"btipPosition":[75.6828,167.251,-37.5758],"carpPosition":[65.992,133.403,47.6651],"dipPosition":[80.2416,161.764,-18.6933],"direction":[0.0377389,0.350942,-0.935636],"extended":false,"handId":128,"id":1280,"length":44.9491,"mcpPosition":[65.992,133.403,47.6651],"pipPosition":[79.1318,151.444,8.82067],"stabilizedTipPosition":[73.5851,157.422,-29.2874],"timeVisible":1.35283,"tipPosition":[75.8759,165.593,-33.5469],"tipVelocity":[-26.9816,354.848,-100.631],"tool":false,"touchDistance":0.202823,"touchZone":"hovering","type":0,"width":17.7523},{"bases":[[[-0.851137,-0.50349,-0.148537],[0.492238,-0.863807,0.107422],[-0.182393,0.0183152,0.983055]],[[-0.855482,-0.502865,-0.123601],[0.514772,-0.851758,-0.0975615],[-0.0562183,-0.147089,0.987524]],[[-0.855482,-0.502865,-0.123601],[0.503326,-0.751381,-0.42672],[0.121711,-0.427263,0.895898]],[[-0.855482,-0.502865,-0.123601],[0.467785,-0.64809,-0.600963],[0.222098,-0.571932,0.789662]]],"btipPosition":[77.0208,134.424,-88.9145],"carpPosition":[68.7049,112.848,42.8983],"dipPosition":[80.2937,125.996,-77.2781],"direction":[-0.121711,0.427263,-0.895898],"extended":true,"handId":128,"id":1281,"length":50.7201,"mcpPosition":[80.7478,111.638,-22.0101],"pipPosition":[82.8309,117.089,-58.6018],"stabilizedTipPosition":[72.622,125.272,-76.6531],"timeVisible":1.35283,"tipPosition":[75.9998,135.386,-84.1409],"tipVelocity":[143.415,261.039,-145.866],"tool":false,"touchDistance":0.228693,"touchZone":"hovering","type":1,"width":16.957},{"bases":[[[-0.939314,-0.341702,-0.0304789],[0.337133,-0.93588,0.10232],[-0.0634875,0.0858353,0.994284]],[[-0.940515,-0.329938,0.0810769],[0.327969,-0.943968,-0.0368871],[0.0887045,-0.00810209,0.996025]],[[-0.940515,-0.329938,0.0810769],[0.29388,-0.909771,-0.293174],[0.170491,-0.251908,0.952615]],[[-0.940515,-0.329938,0.0810769],[0.258736,-0.850211,-0.458473],[0.2202,-0.410223,0.885002]]],"btipPosition":[52.786,113.803,-100.452],"carpPosition":[60.2486,106.014,40.9189],"dipPosition":[56.3549,107.155,-86.1086],"direction":[-0.170491,0.251908,-0.952615],"extended":true,"handId":128,"id":1282,"length":57.7915,"mcpPosition":[64.2239,100.64,-21.3386],"pipPosition":[60.5363,100.976,-62.745],"stabilizedTipPosition":[50.3612,107.328,-92.9851],"timeVisible":1.35283,"tipPosition":[55.4934,114.675,-96.61],"tipVelocity":[88.6286,313.427,-105.267],"tool":false,"touchDistance":-0.235522,"touchZone":"touching","type":2,"width":16.654},{"bases":[[[-0.961143,-0.253817,0.108544],[0.266966,-0.954689,0.131524],[0.0702431,0.155391,0.985352]],[[-0.947338,-0.23493,0.217619],[0.21537,-0.970322,-0.109959],[0.236993,-0.0572993,0.96982]],[[-0.947338,-0.23493,0.217619],[0.130385,-0.903651,-0.407941],[0.292489,-0.358084,0.886694]],[[-0.947338,-0.23493,0.217619],[0.0841241,-0.838265,-0.538735],[0.308987,-0.492057,0.813884]]],"btipPosition":[25.2132,111.403,-87.1322],"carpPosition":[50.2621,101.446,39.9351],"dipPosition":[30.1924,103.473,-74.0168],"direction":[-0.292489,0.358084,-0.886694],"extended":true,"handId":128,"id":1283,"length":55.568,"mcpPosition":[46.3132,92.71,-15.4595],"pipPosition":[37.1806,94.918,-52.8317],"stabilizedTipPosition":[24.593,105.473,-82.0545],"timeVisible":1.35283,"tipPosition":[30.3795,106.912,-84.5838],"tipVelocity":[73.3536,347.634,-94.4793],"tool":false,"touchDistance":-0.20438,"touchZone":"touching","type":3,"width":15.8473},{"bases":[[[-0.977363,-0.0728712,0.198625],[0.119373,-0.96504,0.233339],[0.174677,0.251768,0.951893]],[[-0.91595,-0.0163517,0.400959],[-0.0742984,-0.974984,-0.209488],[0.394354,-0.221671,0.891822]],[[-0.91595,-0.0163517,0.400959],[-0.239244,-0.77993,-0.578335],[0.322177,-0.625653,0.710465]],[[-0.91595,-0.0163517,0.400959],[-0.284907,-0.677146,-0.678455],[0.282602,-0.735667,0.615573]]],"btipPosition":[6.79848,117.755,-57.444],"carpPosition":[37.5513,102.606,40.4266],"dipPosition":[10.9997,106.819,-48.2927],"direction":[-0.322177,0.625653,-0.710465],"extended":true,"handId":128,"id":1284,"length":43.5643,"mcpPosition":[28.461,89.5042,-9.11043],"pipPosition":[16.4345,96.2644,-36.3079],"stabilizedTipPosition":[3.19128,107.476,-48.4172],"timeVisible":1.35283,"tipPosition":[9.79793,111.808,-56.5316],"tipVelocity":[52.0295,282.49,-108.577],"tool":false,"touchDistance":0.237051,"touchZone":"hovering","type":4,"width":14.0768}],"r":[[0.975629,0.117664,0.185213],[-0.110966,0.992752,-0.0461578],[-0.189302,0.0244805,0.981614]],"s":1.09806,"t":[-11.7179,19.6278,-36.8895],"timestamp":1131968052005},{"currentFrameRate":114.458,"devices":[],"gestures":[],"hands":[{"armBasis":[[-0.889709,-0.45548,-0.0309142],[0.436819,-0.829664,-0.347631],[0.13269,-0.322794,0.937122]],"armWidth":56.2653,"confidence":1,"direction":[0.108715,-0.227313,-0.967734],"elbow":[81.0698,36.5882,293.009],"grabAngle":0.781969,"grabStrength":0,"id":128,"palmNormal":[-0.456857,0.853179,-0.251728],"palmPosition":[58.21,111.281,-1.38531],"palmVelocity":[63.5345,392.193,-103.739],"palmWidth":81.6617,"pinchDistance":60.3047,"pinchStrength":0,"r":[[0.974653,0.122742,0.187044],[-0.115893,0.992141,-0.0471648],[-0.191363,0.0242923,0.981219]],"s":1.1015,"sphereCenter":[1.33022,164.927,-34.3658],"sphereRadius":84.1938,"stabilizedPalmPosition":[57.2552,100.083,6.60382],"t":[-11.1914,22.6804,-37.7129],"timeVisible":1.36165,"type":"right","wrist":[48.9163,114.808,65.9265]}],"id":102170,"interactionBox":{"center":[0,200,0],"size":[235.247,235.247,147.751]},"pointables":[{"bases":[[[0.074574,-0.996381,0.0407815],[0.872415,0.0849959,0.481318],[-0.483043,-0.000315384,0.875597]],[[0.269733,-0.904952,-0.3291],[0.916018,0.13576,0.377465],[-0.296909,-0.403276,0.865571]],[[0.269733,-0.904952,-0.3291],[0.962128,0.239286,0.130583],[-0.0394222,-0.351859,0.935223]],[[0.269733,-0.904952,-0.3291],[0.93678,0.32572,-0.127866],[0.222907,-0.273805,0.935598]]],"btipPosition":[76.4605,170.698,-38.3495],"carpPosition":[66.4992,136.758,46.815],"dipPosition":[80.9599,165.171,-19.4644],"direction":[0.0394222,0.351859,-0.935223],"extended":false,"handId":128,"id":1280,"length":44.9491,"mcpPosition":[66.4992,136.758,46.815],"pipPosition":[79.8007,154.824,8.03733],"stabilizedTipPosition":[74.8494,161.304,-30.813],"timeVisible":1.36165,"tipPosition":[76.674,169.064,-34.315],"tipVelocity":[86.5886,389.65,-87.6151],"tool":false,"touchDistance":0.23144,"touchZone":"hovering","type":0,"width":17.7523},{"bases":[[[-0.852085,-0.500984,-0.151545],[0.48969,-0.865288,0.107151],[-0.184811,0.0170913,0.982625]],[[-0.856131,-0.500455,-0.128782],[0.512219,-0.854798,-0.0833779],[-0.0683561,-0.137347,0.988162]],[[-0.856131,-0.500455,-0.128782],[0.505971,-0.761151,-0.405763],[0.105043,-0.412546,0.90486]],[[-0.856131,-0.500455,-0.128782],[0.475308,-0.664816,-0.576283],[0.202787,-0.554585,0.80704]]],"btipPosition":[78.7272,136.937,-90.2318],"carpPosition":[69.1698,116.204,42.0192],"dipPosition":[81.7155,128.765,-78.3393],"direction":[-0.105043,0.412546,-0.90486],"extended":true,"handId":128,"id":1281,"length":50.7201,"mcpPosition":[81.3724,115.076,-22.8608],"pipPosition":[83.9052,120.165,-59.4762],"stabilizedTipPosition":[73.5341,126.586,-78.1091],"timeVisible":1.36165,"tipPosition":[77.0528,138.626,-85.1688],"tipVelocity":[185.961,291.537,-142.61],"tool":false,"touchDistance":0.23473,"touchZone":"hovering","type":1,"width":16.957},{"bases":[[[-0.940131,-0.339169,-0.0334271],[0.334409,-0.936943,0.101535],[-0.0657568,0.0842779,0.99427]],[[-0.941576,-0.327582,0.0782578],[0.325957,-0.944806,-0.0330725],[0.0847724,-0.0056316,0.996384]],[[-0.941576,-0.327582,0.0782578],[0.29305,-0.911366,-0.289023],[0.166,-0.249204,0.954118]],[[-0.941576,-0.327582,0.0782578],[0.258415,-0.851683,-0.455914],[0.216,-0.409055,0.886576]]],"btipPosition":[53.7217,117.095,-101.441],"carpPosition":[60.7006,109.396,40.0067],"dipPosition":[57.2226,110.465,-87.0717],"direction":[-0.166,0.249204,-0.954118],"extended":true,"handId":128,"id":1282,"length":57.7915,"mcpPosition":[64.818,104.119,-22.2499],"pipPosition":[61.2939,104.353,-63.6713],"stabilizedTipPosition":[52.0408,110.651,-95.062],"timeVisible":1.36165,"tipPosition":[56.2711,118.243,-97.5331],"tipVelocity":[104.269,373.528,-111.375],"tool":false,"touchDistance":-0.260435,"touchZone":"touching","type":2,"width":16.654},{"bases":[[[-0.962077,-0.251468,0.105694],[0.264119,-0.955616,0.130531],[0.0681785,0.153496,0.985794]],[[-0.948438,-0.232746,0.215161],[0.213319,-0.970791,-0.109816],[0.234435,-0.0582558,0.970385]],[[-0.948438,-0.232746,0.215161],[0.128132,-0.90242,-0.411364],[0.289909,-0.362584,0.885712]],[[-0.948438,-0.232746,0.215161],[0.0807692,-0.833882,-0.546001],[0.306498,-0.50047,0.809684]]],"btipPosition":[25.9721,115.199,-88.0328],"carpPosition":[50.7046,104.856,38.9899],"dipPosition":[30.9111,107.135,-74.9852],"direction":[-0.289909,0.362584,-0.885712],"extended":true,"handId":128,"id":1283,"length":55.568,"mcpPosition":[46.8717,96.2267,-16.4296],"pipPosition":[37.8377,98.4716,-53.8234],"stabilizedTipPosition":[25.922,109.632,-83.6277],"timeVisible":1.36165,"tipPosition":[31.1197,110.611,-85.5648],"tipVelocity":[84.9538,426.729,-103.833],"tool":false,"touchDistance":-0.24019,"touchZone":"touching","type":3,"width":15.8473},{"bases":[[[-0.978047,-0.070637,0.196048],[0.116245,-0.965755,0.231957],[0.17295,0.249655,0.952765]],[[-0.915582,-0.0136768,0.401898],[-0.0741114,-0.976563,-0.202069],[0.395243,-0.214796,0.89311]],[[-0.915582,-0.0136768,0.401898],[-0.240992,-0.781409,-0.575607],[0.321919,-0.62387,0.712148]],[[-0.915582,-0.0136768,0.401898],[-0.289001,-0.672565,-0.681274],[0.27962,-0.739911,0.611836]]],"btipPosition":[7.35434,121.131,-58.4765],"carpPosition":[37.9956,106.049,39.4516],"dipPosition":[11.5113,110.132,-49.3807],"direction":[-0.321919,0.62387,-0.712148],"extended":true,"handId":128,"id":1284,"length":43.5643,"mcpPosition":[28.9952,93.057,-10.1308],"pipPosition":[16.9417,99.6075,-37.3675],"stabilizedTipPosition":[3.87769,108.968,-49.4855],"timeVisible":1.36165,"tipPosition":[10.4574,115.566,-57.5315],"tipVelocity":[61.8385,380.965,-118.458],"tool":false,"touchDistance":0.250025,"touchZone":"hovering","type":4,"width":14.0768}],"r":[[0.974653,0.122742,0.187044],[-0.115893,0.992141,-0.0471648],[-0.191363,0.0242923,0.981219]],"s":1.1015,"t":[-11.1914,22.6804,-37.7129],"timestamp":1131968060829},{"currentFrameRate":114.594,"devices":[],"gestures":[],"hands":[{"armBasis":[[-0.892855,-0.448775,-0.0375666],[0.43135,-0.828246,-0.357694],[0.12941,-0.335573,0.933083]],"armWidth":56.2653,"confidence":1,"direction":[0.109965,-0.227275,-0.967602],"elbow":[80.7349,37.1843,291.113],"grabAngle":0.773624,"grabStrength":0,"id":128,"palmNormal":[-0.451683,0.855751,-0.252335],"palmPosition":[58.8136,115.086,-2.27541],"palmVelocity":[71.0536,447.892,-104.778],"palmWidth":81.6617,"pinchDistance":60.9986,"pinchStrength":0,"r":[[0.97389,0.125743,0.189014],[-0.118753,0.991767,-0.0479085],[-0.193482,0.0242115,0.980805]],"s":1.10438,"sphereCenter":[2.88193,168.791,-35.5035],"sphereRadius":83.8467,"stabilizedPalmPosition":[57.7689,105.028,3.67716],"t":[-10.6263,26.1091,-38.5696],"timeVisible":1.37014,"type":"right","wrist":[49.3764,118.5,65.0084]}],"id":102171,"interactionBox":{"center":[0,200,0],"size":[235.247,235.247,147.751]},"pointables":[{"bases":[[[0.0691825,-0.996789,0.0403272],[0.871629,0.0800602,0.483584],[-0.48526,0.00169473,0.874368]],[[0.265415,-0.906512,-0.328315],[0.917235,0.132499,0.375663],[-0.297042,-0.400849,0.866652]],[[0.265415,-0.906512,-0.328315],[0.963564,0.237696,0.122659],[-0.0331526,-0.348908,0.93657]],[[0.265415,-0.906512,-0.328315],[0.935927,0.324019,-0.138032],[0.231508,-0.270643,0.934428]]],"btipPosition":[76.7248,174.169,-39.2668],"carpPosition":[67.1154,140.488,45.9622],"dipPosition":[81.3978,168.706,-20.4053],"direction":[0.0331526,0.348908,-0.93657],"extended":false,"handId":128,"id":1280,"length":44.9491,"mcpPosition":[67.1154,140.488,45.9622],"pipPosition":[80.4228,158.446,7.13612],"stabilizedTipPosition":[76.0236,165.924,-32.451],"timeVisible":1.37014,"tipPosition":[77.6737,172.796,-35.1118],"tipVelocity":[35.802,410.284,-108.613],"tool":false,"touchDistance":0.250922,"touchZone":"hovering","type":0,"width":17.7523},{"bases":[[[-0.854343,-0.496359,-0.15403],[0.484818,-0.867942,0.107834],[-0.187213,0.0174507,0.982164]],[[-0.858176,-0.495868,-0.13285],[0.5069,-0.85943,-0.0665744],[-0.0811633,-0.124474,0.988898]],[[-0.858176,-0.495868,-0.13285],[0.50632,-0.774881,-0.378416],[0.0847013,-0.392012,0.916053]],[[-0.858176,-0.495868,-0.13285],[0.480693,-0.685363,-0.547002],[0.18019,-0.533284,0.826523]]],"btipPosition":[80.6367,139.414,-91.6083],"carpPosition":[69.6891,119.923,41.1599],"dipPosition":[83.292,131.555,-79.4287],"direction":[-0.0847013,0.392012,-0.916053],"extended":true,"handId":128,"id":1281,"length":50.7201,"mcpPosition":[82.0502,118.771,-23.6896],"pipPosition":[85.0577,123.383,-60.3323],"stabilizedTipPosition":[74.8967,128.533,-79.9989],"timeVisible":1.37014,"tipPosition":[78.3175,141.935,-86.2573],"tipVelocity":[215.761,300.022,-154.266],"tool":false,"touchDistance":0.24129,"touchZone":"hovering","type":1,"width":16.957},{"bases":[[[-0.94183,-0.334154,-0.0360306],[0.329174,-0.938768,0.101778],[-0.0678338,0.0839971,0.994154]],[[-0.943496,-0.322626,0.0756894],[0.321414,-0.946524,-0.028011],[0.0806789,-0.0021006,0.996738]],[[-0.943496,-0.322626,0.0756894],[0.289919,-0.914246,-0.283021],[0.160509,-0.245085,0.956123]],[[-0.943496,-0.322626,0.0756894],[0.256106,-0.854837,-0.451291],[0.2103,-0.406406,0.889161]]],"btipPosition":[54.7375,120.587,-102.425],"carpPosition":[61.189,113.162,39.1216],"dipPosition":[58.1459,114.001,-88.0135],"direction":[-0.160509,0.245085,-0.956123],"extended":true,"handId":128,"id":1282,"length":57.7915,"mcpPosition":[65.4365,107.902,-23.1278],"pipPosition":[62.0825,107.99,-64.5639],"stabilizedTipPosition":[53.5239,114.24,-96.7869],"timeVisible":1.37014,"tipPosition":[57.1125,122.038,-98.4415],"tipVelocity":[117.066,412.266,-114.656],"tool":false,"touchDistance":-0.278754,"touchZone":"touching","type":2,"width":16.654},{"bases":[[[-0.963663,-0.246425,0.103091],[0.258713,-0.957087,0.130583],[0.066488,0.152509,0.986063]],[[-0.950263,-0.227907,0.212268],[0.208189,-0.971733,-0.111324],[0.231639,-0.0615951,0.97085]],[[-0.950263,-0.227907,0.212268],[0.12331,-0.901175,-0.415545],[0.285996,-0.368702,0.884457]],[[-0.950263,-0.227907,0.212268],[0.0756075,-0.829976,-0.552652],[0.302131,-0.509116,0.805927]]],"btipPosition":[26.8058,119.488,-88.8887],"carpPosition":[51.1717,108.675,38.0765],"dipPosition":[31.6745,111.284,-75.9016],"direction":[-0.285996,0.368702,-0.884457],"extended":true,"handId":128,"id":1283,"length":55.568,"mcpPosition":[47.4338,100.101,-17.3581],"pipPosition":[38.5076,102.475,-54.7699],"stabilizedTipPosition":[27.0191,113.996,-84.8729],"timeVisible":1.37014,"tipPosition":[31.8674,114.662,-86.5135],"tipVelocity":[96.2393,501.105,-102.395],"tool":false,"touchDistance":-0.266142,"touchZone":"touching","type":3,"width":15.8473},{"bases":[[[-0.978903,-0.0655691,0.193521],[0.11053,-0.966505,0.231628],[0.171852,0.248131,0.953361]],[[-0.915754,-0.00846848,0.401649],[-0.075386,-0.978396,-0.192508],[0.394602,-0.206568,0.895332]],[[-0.915754,-0.00846848,0.401649],[-0.242498,-0.785443,-0.569451],[0.320295,-0.618876,0.717219]],[[-0.915754,-0.00846848,0.401649],[-0.292381,-0.671599,-0.680784],[0.275513,-0.740866,0.612544]]],"btipPosition":[7.99196,124.776,-59.6162],"carpPosition":[38.4681,109.936,38.5067],"dipPosition":[12.0878,113.762,-50.51],"direction":[-0.320295,0.618876,-0.717219],"extended":true,"handId":128,"id":1284,"length":43.5643,"mcpPosition":[29.5249,97.0227,-11.1067],"pipPosition":[17.4909,103.322,-38.4112],"stabilizedTipPosition":[4.89045,111.627,-51.0952],"timeVisible":1.37014,"tipPosition":[11.1526,119.744,-58.5067],"tipVelocity":[73.4045,428.658,-133.881],"tool":false,"touchDistance":0.263158,"touchZone":"hovering","type":4,"width":14.0768}],"r":[[0.97389,0.125743,0.189014],[-0.118753,0.991767,-0.0479085],[-0.193482,0.0242115,0.980805]],"s":1.10438,"t":[-10.6263,26.1091,-38.5696],"timestamp":1131968069324},{"currentFrameRate":114.612,"devices":[],"gestures":[],"hands":[{"armBasis":[[-0.896931,-0.439669,-0.0469721],[0.424595,-0.82675,-0.369058],[0.123429,-0.350964,0.928219]],"armWidth":56.2653,"confidence":1,"direction":[0.110771,-0.227283,-0.967508],"elbow":[79.682,37.5295,288.861],"grabAngle":0.768748,"grabStrength":0,"id":128,"palmNormal":[-0.445468,0.858876,-0.252765],"palmPosition":[59.3627,119.292,-3.31909],"palmVelocity":[63.1616,483.83,-120.06],"palmWidth":81.6617,"pinchDistance":61.5539,"pinchStrength":0,"r":[[0.973347,0.12684,0.191068],[-0.119718,0.991627,-0.048416],[-0.19561,0.0242512,0.980382]],"s":1.10621,"sphereCenter":[4.6269,172.643,-36.7251],"sphereRadius":83.0502,"stabilizedPalmPosition":[58.4853,111.439,0.53243],"t":[-10.0692,29.9264,-39.5198],"timeVisible":1.37884,"type":"right","wrist":[49.7727,122.575,63.936]}],"id":102172,"interactionBox":{"center":[0,200,0],"size":[235.247,235.247,147.751]},"pointables":[{"bases":[[[0.0625561,-0.99725,0.0397459],[0.870984,0.0739937,0.485708],[-0.487313,0.00423406,0.873217]],[[0.259731,-0.908504,-0.327353],[0.919584,0.129206,0.37104],[-0.294795,-0.3974,0.869005]],[[0.259731,-0.908504,-0.327353],[0.965404,0.236166,0.110547],[-0.0231227,-0.344741,0.938413]],[[0.259731,-0.908504,-0.327353],[0.933119,0.323399,-0.157167],[0.248653,-0.264638,0.931739]]],"btipPosition":[76.5838,177.886,-40.3772],"carpPosition":[67.7161,144.603,44.957],"dipPosition":[81.6029,172.545,-21.57],"direction":[0.0231227,0.344741,-0.938413],"extended":false,"handId":128,"id":1280,"length":44.9491,"mcpPosition":[67.7161,144.603,44.957],"pipPosition":[80.9229,162.407,6.02556],"stabilizedTipPosition":[76.8758,171.259,-34.2407],"timeVisible":1.37884,"tipPosition":[78.6123,176.884,-36.0664],"tipVelocity":[-7.05917,430.837,-129.179],"tool":false,"touchDistance":0.263665,"touchZone":"hovering","type":0,"width":17.7523},{"bases":[[[-0.857208,-0.490638,-0.156425],[0.478865,-0.871178,0.108334],[-0.189426,0.017958,0.981731]],[[-0.861066,-0.490141,-0.135375],[0.500118,-0.864439,-0.0512478],[-0.0919047,-0.111831,0.989468]],[[-0.861066,-0.490141,-0.135375],[0.504016,-0.787435,-0.354843],[0.0673245,-0.373775,0.925073]],[[-0.861066,-0.490141,-0.135375],[0.482034,-0.702044,-0.524193],[0.161889,-0.51662,0.840771]]],"btipPosition":[82.2901,142.389,-93.0132],"carpPosition":[70.1664,124.026,40.1455],"dipPosition":[84.6757,134.776,-80.6237],"direction":[-0.0673245,0.373775,-0.925073],"extended":true,"handId":128,"id":1281,"length":50.7201,"mcpPosition":[82.6737,122.84,-24.6754],"pipPosition":[86.0792,126.984,-61.3392],"stabilizedTipPosition":[76.7902,131.419,-82.4223],"timeVisible":1.37884,"tipPosition":[79.5358,145.629,-87.4742],"tipVelocity":[183.067,348.735,-156.061],"tool":false,"touchDistance":0.248676,"touchZone":"hovering","type":1,"width":16.957},{"bases":[[[-0.94391,-0.327949,-0.0385122],[0.322775,-0.940979,0.101856],[-0.0696427,0.083712,0.994053]],[[-0.945758,-0.316466,0.0734291],[0.315651,-0.948602,-0.0227595],[0.0768576,0.00165302,0.997041]],[[-0.945758,-0.316466,0.0734291],[0.285381,-0.917297,-0.277712],[0.155243,-0.241693,0.957854]],[[-0.945758,-0.316466,0.0734291],[0.252441,-0.858148,-0.447053],[0.20449,-0.404267,0.891489]]],"btipPosition":[55.671,124.491,-103.551],"carpPosition":[61.6271,117.322,38.082],"dipPosition":[58.9853,117.939,-89.1018],"direction":[-0.155243,0.241693,-0.957854],"extended":true,"handId":128,"id":1282,"length":57.7915,"mcpPosition":[65.9878,112.08,-24.1611],"pipPosition":[62.7927,112.012,-65.6097],"stabilizedTipPosition":[54.8804,118.317,-98.3911],"timeVisible":1.37884,"tipPosition":[57.8959,126.237,-99.5033],"tipVelocity":[104.898,450.019,-128.539],"tool":false,"touchDistance":-0.295973,"touchZone":"touching","type":2,"width":16.654},{"bases":[[[-0.965499,-0.240182,0.100623],[0.252128,-0.958857,0.13048],[0.0651438,0.151348,0.986332]],[[-0.952255,-0.22185,0.209743],[0.20153,-0.972824,-0.114011],[0.229336,-0.0662977,0.971087]],[[-0.952255,-0.22185,0.209743],[0.116627,-0.899231,-0.421642],[0.282148,-0.377049,0.882171]],[[-0.952255,-0.22185,0.209743],[0.0687724,-0.825215,-0.560617],[0.297456,-0.519426,0.801072]]],"btipPosition":[27.5488,124.327,-89.8468],"carpPosition":[51.5831,112.902,37.0098],"dipPosition":[32.3422,115.957,-76.9379],"direction":[-0.282148,0.377049,-0.882171],"extended":true,"handId":128,"id":1283,"length":55.568,"mcpPosition":[47.9208,104.393,-18.4399],"pipPosition":[39.0834,106.948,-55.8608],"stabilizedTipPosition":[27.9772,118.93,-86.0498],"timeVisible":1.37884,"tipPosition":[32.5214,119.184,-87.6036],"tipVelocity":[83.4815,552.217,-112.284],"tool":false,"touchDistance":-0.282823,"touchZone":"touching","type":3,"width":15.8473},{"bases":[[[-0.979768,-0.0592957,0.191152],[0.103646,-0.967378,0.231167],[0.171209,0.246302,0.953951]],[[-0.915649,-0.00204753,0.401974],[-0.0786329,-0.979756,-0.184107],[0.394213,-0.200186,0.896951]],[[-0.915649,-0.00204753,0.401974],[-0.246366,-0.787305,-0.565203],[0.317633,-0.61656,0.720391]],[[-0.915649,-0.00204753,0.401974],[-0.298136,-0.667297,-0.682517],[0.269633,-0.744789,0.6104]]],"btipPosition":[8.58857,129.005,-60.8138],"carpPosition":[38.8871,114.245,37.4108],"dipPosition":[12.597,117.933,-51.7394],"direction":[-0.317633,0.61656,-0.720391],"extended":true,"handId":128,"id":1284,"length":43.5643,"mcpPosition":[29.9773,101.427,-12.2333],"pipPosition":[17.9552,107.532,-39.5872],"stabilizedTipPosition":[6.29393,116.132,-53.4135],"timeVisible":1.37884,"tipPosition":[11.8071,124.358,-59.636],"tipVelocity":[66.319,484.973,-138.608],"tool":false,"touchDistance":0.276422,"touchZone":"hovering","type":4,"width":14.0768}],"r":[[0.973347,0.12684,0.191068],[-0.119718,0.991627,-0.048416],[-0.19561,0.0242512,0.980382]],"s":1.10621,"t":[-10.0692,29.9264,-39.5198],"timestamp":1131968078017},{"currentFrameRate":114.618,"devices":[],"gestures":[],"hands":[{"armBasis":[[-0.902269,-0.427658,-0.0549513],[0.41501,-0.826793,-0.379711],[0.116953,-0.365407,0.923471]],"armWidth":56.2653,"confidence":1,"direction":[0.110497,-0.22357,-0.968404],"elbow":[78.5064,38.39,286.391],"grabAngle":0.767857,"grabStrength":0,"id":128,"palmNormal":[-0.435463,0.864975,-0.24938],"palmPosition":[59.8791,123.977,-4.6266],"palmVelocity":[59.2517,537.481,-150.013],"palmWidth":81.6617,"pinchDistance":62.0363,"pinchStrength":0,"r":[[0.973099,0.125391,0.193276],[-0.118297,0.991824,-0.047866],[-0.197697,0.0237144,0.979976]],"s":1.10682,"sphereCenter":[6.67019,177.034,-37.938],"sphereRadius":81.9729,"stabilizedPalmPosition":[59.3068,118.829,-2.5083],"t":[-9.53245,34.1774,-40.6487],"timeVisible":1.38755,"type":"right","wrist":[50.1663,126.935,62.6163]}],"id":102173,"interactionBox":{"center":[0,200,0],"size":[235.247,235.247,147.751]},"pointables":[{"bases":[[[0.0515502,-0.998064,0.0348007],[0.870624,0.0619845,0.488028],[-0.48924,0.00514037,0.872134]],[[0.250029,-0.910103,-0.330451],[0.923046,0.120997,0.365166],[-0.292355,-0.396324,0.87032]],[[0.250029,-0.910103,-0.330451],[0.968157,0.230579,0.0974943],[-0.0125348,-0.344305,0.938774]],[[0.250029,-0.910103,-0.330451],[0.930926,0.319792,-0.176379],[0.266199,-0.263526,0.927196]]],"btipPosition":[76.491,182.149,-41.5155],"carpPosition":[68.3981,148.95,43.7965],"dipPosition":[81.8643,176.83,-22.8001],"direction":[0.0125348,0.344305,-0.938774],"extended":false,"handId":128,"id":1280,"length":44.9491,"mcpPosition":[68.3981,148.95,43.7965],"pipPosition":[81.4957,166.705,4.80615],"stabilizedTipPosition":[77.4043,177.262,-36.0852],"timeVisible":1.38755,"tipPosition":[79.6659,181.473,-37.0505],"tipVelocity":[-1.29776,489.683,-133.022],"tool":false,"touchDistance":0.277381,"touchZone":"hovering","type":0,"width":17.7523},{"bases":[[[-0.862164,-0.48042,-0.160843],[0.469055,-0.876909,0.104962],[-0.191471,0.0150501,0.981383]],[[-0.866221,-0.479965,-0.138905],[0.489277,-0.871165,-0.0409863],[-0.101337,-0.103466,0.989457]],[[-0.866221,-0.479965,-0.138905],[0.496981,-0.798859,-0.338872],[0.051681,-0.362571,0.930522]],[[-0.866221,-0.479965,-0.138905],[0.477444,-0.713105,-0.513351],[0.147336,-0.510995,0.846863]]],"btipPosition":[83.783,146.3,-94.4531],"carpPosition":[70.6343,128.372,38.8857],"dipPosition":[85.9541,138.77,-81.9738],"direction":[-0.051681,0.362571,-0.930522],"extended":true,"handId":128,"id":1281,"length":50.7201,"mcpPosition":[83.2765,127.378,-25.9123],"pipPosition":[87.0315,131.212,-62.5757],"stabilizedTipPosition":[79.2793,135.787,-85.4657],"timeVisible":1.38755,"tipPosition":[80.786,150.115,-88.8027],"tipVelocity":[165.621,450.909,-162.829],"tool":false,"touchDistance":0.26314,"touchZone":"hovering","type":1,"width":16.957},{"bases":[[[-0.947351,-0.317392,-0.0422968],[0.312226,-0.944962,0.0977791],[-0.0710032,0.0794249,0.994309]],[[-0.949341,-0.306495,0.0693718],[0.305733,-0.951872,-0.0216096],[0.0726563,0.000694299,0.997357]],[[-0.949341,-0.306495,0.0693718],[0.276815,-0.920118,-0.277049],[0.148744,-0.243811,0.958348]],[[-0.949341,-0.306495,0.0693718],[0.245135,-0.860408,-0.446774],[0.196622,-0.407135,0.891953]]],"btipPosition":[56.6175,129.348,-104.913],"carpPosition":[62.0269,121.772,36.7688],"dipPosition":[59.8043,122.749,-90.4562],"direction":[-0.148744,0.243811,-0.958348],"extended":true,"handId":128,"id":1282,"length":57.7915,"mcpPosition":[66.4728,116.799,-25.4902],"pipPosition":[63.4523,116.77,-66.952],"stabilizedTipPosition":[56.1108,123.056,-99.9833],"timeVisible":1.38755,"tipPosition":[58.6745,131.334,-100.798],"tipVelocity":[105.228,555.987,-156.057],"tool":false,"touchDistance":-0.315112,"touchZone":"touching","type":2,"width":16.654},{"bases":[[[-0.968297,-0.2301,0.0972351],[0.241322,-0.96221,0.126154],[0.0645326,0.145619,0.987234]],[[-0.955176,-0.21254,0.206074],[0.190521,-0.974123,-0.121599],[0.226586,-0.076887,0.970952]],[[-0.955176,-0.21254,0.206074],[0.105935,-0.895401,-0.432475],[0.276437,-0.391259,0.877781]],[[-0.955176,-0.21254,0.206074],[0.058349,-0.81761,-0.572809],[0.290232,-0.535109,0.793362]]],"btipPosition":[28.2965,130.215,-91.0213],"carpPosition":[51.9376,117.468,35.6517],"dipPosition":[32.9735,121.592,-78.2367],"direction":[-0.276437,0.391259,-0.877781],"extended":true,"handId":128,"id":1283,"length":55.568,"mcpPosition":[48.3097,109.281,-19.8488],"pipPosition":[39.5782,112.244,-57.2645],"stabilizedTipPosition":[28.8373,124.665,-87.3021],"timeVisible":1.38755,"tipPosition":[33.1277,124.688,-88.9465],"tipVelocity":[82.7129,668.881,-138.032],"tool":false,"touchDistance":-0.30092,"touchZone":"touching","type":3,"width":15.8473},{"bases":[[[-0.980794,-0.0495304,0.188653],[0.0925254,-0.969615,0.226463],[0.171704,0.239568,0.955576]],[[-0.915668,0.00648588,0.401883],[-0.0863954,-0.979674,-0.181037],[0.39254,-0.20049,0.897617]],[[-0.915668,0.00648588,0.401883],[-0.254006,-0.784239,-0.566083],[0.3115,-0.620425,0.71975]],[[-0.915668,0.00648588,0.401883],[-0.30743,-0.655395,-0.689887],[0.258918,-0.755258,0.602119]]],"btipPosition":[9.24562,134.289,-62.1644],"carpPosition":[39.2561,118.948,36.0311],"dipPosition":[13.0948,123.061,-53.2132],"direction":[-0.3115,0.620425,-0.71975],"extended":true,"handId":128,"id":1284,"length":43.5643,"mcpPosition":[30.3206,106.48,-13.6975],"pipPosition":[18.3495,112.595,-41.0717],"stabilizedTipPosition":[8.07592,123.365,-56.5215],"timeVisible":1.38755,"tipPosition":[12.467,129.883,-61.0062],"tipVelocity":[71.1806,602.041,-158.208],"tool":false,"touchDistance":0.292206,"touchZone":"hovering","type":4,"width":14.0768}],"r":[[0.973099,0.125391,0.193276],[-0.118297,0.991824,-0.047866],[-0.197697,0.0237144,0.979976]],"s":1.10682,"t":[-9.53245,34.1774,-40.6487],"timestamp":1131968086733},{"currentFrameRate":114.657,"devices":[],"gestures":[],"hands":[{"armBasis":[[-0.906315,-0.417928,-0.0626811],[0.40737,-0.82452,-0.392703],[0.11244,-0.381447,0.917527]],"armWidth":56.2653,"confidence":1,"direction":[0.109139,-0.218833,-0.96964],"elbow":[77.888,39.2741,283.82],"grabAngle":0.774443,"grabStrength":0,"id":128,"palmNormal":[-0.428882,0.869633,-0.244536],"palmPosition":[60.3691,129.164,-5.76175],"palmVelocity":[56.6217,599.449,-131.17],"palmWidth":81.6617,"pinchDistance":61.8048,"pinchStrength":0,"r":[[0.973069,0.12255,0.19524],[-0.115672,0.992208,-0.0462916],[-0.199392,0.0224611,0.979662]],"s":1.10583,"sphereCenter":[8.6415,181.193,-38.8401],"sphereRadius":80.4381,"stabilizedPalmPosition":[59.9752,125.332,-4.55534],"t":[-9.01907,38.8967,-41.7807],"timeVisible":1.39621,"type":"right","wrist":[50.6416,131.706,61.4856]}],"id":102174,"interactionBox":{"center":[0,200,0],"size":[235.247,235.247,147.751]},"pointables":[{"bases":[[[0.0440533,-0.998606,0.0290861],[0.870903,0.0526518,0.488627],[-0.489477,0.00380553,0.872008]],[[0.243327,-0.910023,-0.335634],[0.927692,0.117331,0.354429],[-0.283159,-0.397607,0.872771]],[[0.243327,-0.910023,-0.335634],[0.969918,0.230851,0.0772487],[0.00718318,-0.344334,0.93882]],[[0.243327,-0.910023,-0.335634],[0.923697,0.322985,-0.20607],[0.295934,-0.259881,0.919176]]],"btipPosition":[75.56,186.979,-42.455],"carpPosition":[69.0591,153.795,42.8064],"dipPosition":[81.5334,181.733,-23.9014],"direction":[-0.00718318,0.344334,-0.93882],"extended":false,"handId":128,"id":1280,"length":44.9491,"mcpPosition":[69.0591,153.795,42.8064],"pipPosition":[81.7446,171.607,3.70616],"stabilizedTipPosition":[77.0642,183.414,-37.6049],"timeVisible":1.39621,"tipPosition":[80.213,186.599,-37.8849],"tipVelocity":[-91.636,560.028,-112.859],"tool":false,"touchDistance":0.29405,"touchZone":"hovering","type":0,"width":17.7523},{"bases":[[[-0.865688,-0.47301,-0.163847],[0.462432,-0.88099,0.100062],[-0.191678,0.0108547,0.981398]],[[-0.870025,-0.472615,-0.140326],[0.480917,-0.876233,-0.0305674],[-0.108511,-0.0940794,0.989633]],[[-0.870025,-0.472615,-0.140326],[0.491165,-0.806341,-0.329501],[0.0425766,-0.355597,0.933669]],[[-0.870025,-0.472615,-0.140326],[0.47182,-0.715649,-0.515007],[0.142976,-0.514278,0.845622]]],"btipPosition":[84.8248,150.989,-95.6154],"carpPosition":[71.1425,133.229,37.7781],"dipPosition":[86.9317,143.411,-83.1544],"direction":[-0.0425766,0.355597,-0.933669],"extended":true,"handId":128,"id":1281,"length":50.7201,"mcpPosition":[83.7984,132.512,-27.0209],"pipPosition":[87.8192,135.998,-63.6908],"stabilizedTipPosition":[82.0783,142.035,-88.8466],"timeVisible":1.39621,"tipPosition":[81.7166,155.264,-89.9497],"tipVelocity":[118.675,540.58,-134.802],"tool":false,"touchDistance":0.282849,"touchZone":"hovering","type":1,"width":16.957},{"bases":[[[-0.94969,-0.31003,-0.0443912],[0.305099,-0.947823,0.0924435],[-0.0707352,0.074249,0.994728]],[[-0.951688,-0.299919,0.0658724],[0.299229,-0.953965,-0.0203297],[0.0689372,0.0003634,0.997621]],[[-0.951688,-0.299919,0.0658724],[0.270726,-0.920755,-0.280924],[0.144907,-0.249518,0.957467]],[[-0.951688,-0.299919,0.0658724],[0.23939,-0.859012,-0.452538],[0.19231,-0.414905,0.889309]]],"btipPosition":[57.379,134.886,-106.033],"carpPosition":[62.4866,126.706,35.621],"dipPosition":[60.4959,128.161,-91.6197],"direction":[-0.144907,0.249518,-0.957467],"extended":true,"handId":128,"id":1282,"length":57.7915,"mcpPosition":[66.9157,122.057,-26.6643],"pipPosition":[64.0499,122.042,-68.1371],"stabilizedTipPosition":[57.1638,128.511,-101.434],"timeVisible":1.39621,"tipPosition":[59.2275,137.004,-101.907],"tipVelocity":[86.14,636.575,-130.629],"tool":false,"touchDistance":-0.328891,"touchZone":"touching","type":2,"width":16.654},{"bases":[[[-0.970027,-0.223385,0.0956335],[0.234058,-0.964701,0.120698],[0.0652955,0.139465,0.988072]],[[-0.957154,-0.206875,0.202632],[0.184086,-0.974839,-0.125703],[0.223539,-0.0830153,0.971153]],[[-0.957154,-0.206875,0.202632],[0.098146,-0.89008,-0.445113],[0.272441,-0.406154,0.872247]],[[-0.957154,-0.206875,0.202632],[0.0490604,-0.805474,-0.590597],[0.285395,-0.55535,0.781112]]],"btipPosition":[28.9725,136.496,-91.9221],"carpPosition":[52.3657,122.484,34.4762],"dipPosition":[33.5715,127.546,-79.3348],"direction":[-0.272441,0.406154,-0.872247],"extended":true,"handId":128,"id":1283,"length":55.568,"mcpPosition":[48.6949,114.643,-21.0713],"pipPosition":[40.0808,117.842,-58.4948],"stabilizedTipPosition":[29.6057,130.959,-88.4131],"timeVisible":1.39621,"tipPosition":[33.5645,130.654,-90.0584],"tipVelocity":[76.0439,717.077,-109.329],"tool":false,"touchDistance":-0.313354,"touchZone":"touching","type":3,"width":15.8473},{"bases":[[[-0.9812,-0.0432545,0.188083],[0.0851772,-0.971565,0.22092],[0.173179,0.232787,0.956984]],[[-0.915371,0.0112615,0.402454],[-0.0894357,-0.980321,-0.175988],[0.392552,-0.197088,0.898365]],[[-0.915371,0.0112615,0.402454],[-0.259241,-0.781297,-0.567775],[0.308042,-0.624057,0.718097]],[[-0.915371,0.0112615,0.402454],[-0.315846,-0.639981,-0.700475],[0.249674,-0.768308,0.589377]]],"btipPosition":[9.80367,139.902,-63.2139],"carpPosition":[39.6955,124.057,34.8605],"dipPosition":[13.5154,128.48,-54.452],"direction":[-0.308042,0.624057,-0.718097],"extended":true,"handId":128,"id":1284,"length":43.5643,"mcpPosition":[30.6832,111.943,-14.9415],"pipPosition":[18.7118,1