{"frames":26,"data":[{"currentFrameRate":57.0542,"devices":[],"gestures":[{"direction":[0.830356,0.19893,-0.520514],"duration":17416,"handIds":[48],"id":1,"pointableIds":[481],"position":[-21.2258,235.549,-51.2886],"speed":242.001,"startPosition":[-150.619,202.86,33.3709],"state":"update","type":"swipe"}],"hands":[{"armBasis":[[0.966455,0.210148,-0.147654],[-0.0843174,0.802645,0.590468],[0.242599,-0.558211,0.793439]],"armWidth":52.3032,"confidence":0.970564,"direction":[-0.270407,0.473479,-0.83827],"elbow":[98.0661,69.6181,252.253],"grabAngle":2.70208,"grabStrength":0,"id":48,"palmNormal":[0.109698,-0.849884,-0.515425],"palmPosition":[21.7936,219.746,22.9354],"palmVelocity":[1183.42,82.0072,-346.337],"palmWidth":75.0532,"pinchDistance":47.1293,"pinchStrength":0.527714,"r":[[0.961764,-0.0524516,0.26881],[0.0668818,0.996755,-0.0448017],[-0.265587,0.0610671,0.962151]],"s":0.994014,"sphereCenter":[16.9969,198.58,-5.92853],"sphereRadius":36.1159,"stabilizedPalmPosition":[0.322023,216.763,33.6969],"t":[100.25,20.4323,-76.5147],"timeVisible":0.398997,"type":"right","wrist":[44.0369,193.937,75.5459]}],"id":25548,"interactionBox":{"center":[0,200,0],"size":[235.247,235.247,147.751]},"pointables":[{"bases":[[[0.897496,0.307545,-0.316097],[-0.17185,0.903959,0.391569],[0.406164,-0.29711,0.864151]],[[0.934947,0.274897,-0.22429],[-0.193113,0.924632,0.328273],[0.297627,-0.263604,0.917568]],[[0.934947,0.274897,-0.22429],[-0.25554,0.960315,0.11178],[0.246117,-0.0471932,0.96809]],[[0.934947,0.274897,-0.22429],[-0.285427,0.958278,-0.015299],[0.210727,0.0783224,0.974402]]],"btipPosition":[-21.8994,235.299,-54.4034],"carpPosition":[20.9173,208.218,62.68],"dipPosition":[-18.9707,236.388,-40.8609],"direction":[-0.246118,0.0471932,-0.96809],"extended":true,"handId":48,"id":481,"length":47.8368,"mcpPosition":[-3.73027,226.247,10.2399],"pipPosition":[-14.1317,235.46,-21.827],"stabilizedTipPosition":[-50.0774,229.917,-35.7143],"timeVisible":0.398997,"tipPosition":[-19.672,232.986,-52.1401],"tipVelocity":[1535.43,205.976,-517.281],"tool":false,"touchDistance":-1,"touchZone":"hovering","type":1,"width":15.843},{"bases":[[[0.234001,0.945638,0.22586],[-0.713295,0.00912376,0.700805],[0.660647,-0.325094,0.676653]],[[0.0800107,0.994438,0.0684901],[-0.92015,0.0472625,0.388703],[0.383304,-0.0941215,0.918814]],[[0.0800107,0.994438,0.0684901],[-0.98977,0.0711166,0.123684],[0.118126,-0.0776855,0.989955]],[[0.0800107,0.994438,0.0684901],[-0.985109,0.0893759,-0.146877],[-0.152181,-0.0557185,0.986781]]],"btipPosition":[2.54874,195.883,-21.1251],"carpPosition":[18.7102,188.792,62.949],"dipPosition":[-0.348428,194.822,-2.33913],"direction":[-0.118126,0.0776855,-0.989955],"extended":false,"handId":48,"id":480,"length":42.3939,"mcpPosition":[18.7102,188.792,62.949],"pipPosition":[2.92778,192.667,25.1173],"stabilizedTipPosition":[-28.0216,190.147,1.34323],"timeVisible":0.398997,"tipPosition":[6.84553,195.021,-16.57],"tipVelocity":[1265.65,186.089,-494.525],"tool":false,"touchDistance":-0.544937,"touchZone":"hovering","type":0,"width":16.586},{"bases":[[[0.960176,0.105938,-0.258531],[-0.00868471,0.936197,0.351369],[0.279259,-0.335131,0.899834]],[[0.969449,0.0940234,-0.226557],[-0.23769,0.588257,-0.772954],[0.0605978,0.80319,0.592634]],[[0.969449,0.0940234,-0.226557],[-0.0862317,-0.73403,-0.67362],[-0.229636,0.672577,-0.703497]],[[0.969449,0.0940234,-0.226557],[0.0846178,-0.995113,-0.0508979],[-0.230235,0.0301721,-0.972667]]],"btipPosition":[19.8806,184.497,15.7553],"carpPosition":[29.4962,212.721,59.6339],"dipPosition":[16.3612,184.958,0.886796],"direction":[0.229636,-0.672577,0.703497],"extended":false,"handId":48,"id":482,"length":54.5062,"mcpPosition":[13.4253,232.007,7.85012],"pipPosition":[11.0493,200.516,-15.3862],"stabilizedTipPosition":[-7.41629,180.776,27.8724],"timeVisible":0.398997,"tipPosition":[20.3622,185.344,14.8324],"tipVelocity":[1096.23,79.0856,-457.828],"tool":false,"touchDistance":0.333333,"touchZone":"none","type":2,"width":15.5599},{"bases":[[[0.988711,-0.0154121,-0.149042],[0.0688444,0.930213,0.360506],[0.133085,-0.366697,0.920772]],[[0.994912,-0.0373729,-0.093561],[-0.052851,0.597015,-0.800487],[0.0857739,0.801359,0.592002]],[[0.994912,-0.0373729,-0.093561],[-0.0911899,-0.728872,-0.67855],[-0.0428345,0.68363,-0.728571]],[[0.994912,-0.0373729,-0.093561],[-0.0414051,-0.998279,-0.0415321],[-0.0918477,0.0451947,-0.994747]]],"btipPosition":[31.3503,188.441,19.1243],"carpPosition":[38.9828,214.711,56.679],"dipPosition":[29.9543,189.128,4.00565],"direction":[0.0428345,-0.68363,0.728571],"extended":false,"handId":48,"id":483,"length":52.4092,"mcpPosition":[32.1065,233.658,9.10397],"pipPosition":[28.9891,204.533,-12.4121],"stabilizedTipPosition":[10.4363,186.079,25.973],"timeVisible":0.398997,"tipPosition":[32.6355,189.232,17.7231],"tipVelocity":[1097.82,54.236,-380.74],"tool":false,"touchDistance":0.333333,"touchZone":"none","type":3,"width":14.8062},{"bases":[[[0.972411,-0.211234,-0.0989748],[0.233272,0.880416,0.412858],[-0.0000709131,-0.424556,0.905402]],[[0.966263,-0.257537,0.00323952],[0.165987,0.613056,-0.772406],[0.196937,0.746885,0.635121]],[[0.966263,-0.257537,0.00323952],[-0.173337,-0.659548,-0.731403],[0.1905,0.706167,-0.681937]],[[0.966263,-0.257537,0.00323952],[-0.255418,-0.959778,-0.116567],[0.0331296,0.111807,-0.993178]]],"btipPosition":[40.4,196.846,16.5782],"carpPosition":[49.5565,210.826,53.3755],"dipPosition":[40.8645,198.414,2.65264],"direction":[-0.1905,-0.706167,0.681937],"extended":false,"handId":48,"id":484,"length":41.0878,"mcpPosition":[49.5599,231.132,10.0709],"pipPosition":[43.8954,209.649,-8.19703],"stabilizedTipPosition":[25.7628,195.705,19.3934],"timeVisible":0.398997,"tipPosition":[43.0888,197.088,14.7794],"tipVelocity":[1119.49,41.8626,-323.918],"tool":false,"touchDistance":0.333333,"touchZone":"none","type":4,"width":13.1521}],"r":[[0.961764,-0.0524516,0.26881],[0.0668818,0.996755,-0.0448017],[-0.265587,0.0610671,0.962151]],"s":0.994014,"t":[100.25,20.4323,-76.5147],"timestamp":1130688696084},{"currentFrameRate":57.1097,"devices":[],"gestures":[{"direction":[0.869193,0.160701,-0.467631],"duration":34740,"handIds":[48],"id":1,"pointableIds":[481],"position":[5.99735,236.039,-59.4466],"speed":243.484,"startPosition":[-150.619,202.86,33.3709],"state":"update","type":"swipe"}],"hands":[{"armBasis":[[0.976108,0.196272,-0.0932255],[-0.104217,0.799363,0.591741],[0.190664,-0.567888,0.800719]],"armWidth":52.3032,"confidence":0.975415,"direction":[-0.203292,0.452531,-0.868267],"elbow":[103.233,72.568,250.879],"grabAngle":2.72063,"grabStrength":0,"id":48,"palmNormal":[0.131957,-0.866032,-0.482262],"palmPosition":[42.5677,223.887,17.9879],"palmVelocity":[1199.15,239.017,-285.587],"palmWidth":75.0532,"pinchDistance":47.2303,"pinchStrength":0.573701,"r":[[0.943588,-0.0677214,0.324121],[0.0846735,0.995666,-0.0384702],[-0.320111,0.0637446,0.945233]],"s":0.984008,"sphereCenter":[39.2022,201.563,-10.4931],"sphereRadius":35.8493,"stabilizedPalmPosition":[28.0191,221.434,23.3978],"t":[119.86,23.5294,-82.5835],"timeVisible":0.416321,"type":"right","wrist":[60.7701,199.042,72.5508]}],"id":25549,"interactionBox":{"center":[0,200,0],"size":[235.247,235.247,147.751]},"pointables":[{"bases":[[[0.922279,0.285576,-0.260475],[-0.184389,0.917331,0.352853],[0.339708,-0.2774,0.898692]],[[0.953798,0.253656,-0.161021],[-0.199861,0.935821,0.290335],[0.224332,-0.244739,0.94328]],[[0.953798,0.253656,-0.161021],[-0.256574,0.966521,0.00276157],[0.156331,0.0386799,0.986947]],[[0.953798,0.253656,-0.161021],[-0.278957,0.946705,-0.161038],[0.111591,0.198516,0.973724]]],"btipPosition":[5.64063,235.405,-62.5592],"carpPosition":[38.72,213.538,57.8802],"dipPosition":[7.19156,238.164,-49.0261],"direction":[-0.156331,-0.0386798,-0.986947],"extended":true,"handId":48,"id":481,"length":47.8368,"mcpPosition":[18.1051,230.371,3.34401],"pipPosition":[10.2652,238.924,-29.6214],"stabilizedTipPosition":[-15.0377,233.743,-50.544],"timeVisible":0.416321,"tipPosition":[6.59704,235.579,-60.0735],"tipVelocity":[1571.41,28.2894,-470.905],"tool":false,"touchDistance":-1,"touchZone":"hovering","type":1,"width":15.843},{"bases":[[[0.232706,0.948461,0.215105],[-0.760474,0.0395847,0.64816],[0.60624,-0.314412,0.730492]],[[0.0943304,0.994287,0.0499527],[-0.949628,0.0748045,0.30432],[0.298845,-0.0761432,0.951259]],[[0.0943304,0.994287,0.0499527],[-0.995103,0.092682,0.0343523],[0.0295263,-0.0529485,0.998161]],[[0.0943304,0.994287,0.0499527],[-0.966795,0.103462,-0.233672],[-0.237505,-0.0262517,0.971032]]],"btipPosition":[27.586,199.265,-26.7982],"carpPosition":[36.1882,194.161,58.5396],"dipPosition":[23.0645,198.765,-8.31209],"direction":[-0.0295263,0.0529485,-0.998161],"extended":false,"handId":48,"id":480,"length":42.3939,"mcpPosition":[36.1882,194.161,58.5396],"pipPosition":[23.8834,197.296,19.3719],"stabilizedTipPosition":[5.35423,195.654,-13.2687],"timeVisible":0.416321,"tipPosition":[29.7176,198.313,-21.8337],"tipVelocity":[1423.67,202.656,-331.453],"tool":false,"touchDistance":-0.604908,"touchZone":"hovering","type":0,"width":16.586},{"bases":[[[0.977526,0.0848778,-0.192975],[-0.0183092,0.946091,0.323382],[0.21002,-0.312581,0.926383]],[[0.98836,0.0659815,-0.137078],[-0.149345,0.592476,-0.791624],[0.0289827,0.802882,0.595434]],[[0.98836,0.0659815,-0.137078],[-0.0443815,-0.736799,-0.674654],[-0.145513,0.672885,-0.725294]],[[0.98836,0.0659815,-0.137078],[0.0608198,-0.997285,-0.0415132],[-0.139445,0.0326929,-0.98969]]],"btipPosition":[39.8374,188.274,10.57],"carpPosition":[47.5625,217.83,55.3219],"dipPosition":[37.7058,188.774,-4.55867],"direction":[0.145513,-0.672885,0.725294],"extended":false,"handId":48,"id":482,"length":54.5062,"mcpPosition":[35.4762,235.818,2.01022],"pipPosition":[34.3399,204.338,-21.3358],"stabilizedTipPosition":[20.301,185.288,15.5547],"timeVisible":0.416321,"tipPosition":[41.008,189.213,10.4723],"tipVelocity":[1170.4,218.548,-302.765],"tool":false,"touchDistance":0.333333,"touchZone":"none","type":2,"width":15.5599},{"bases":[[[0.996358,-0.0336096,-0.0783716],[0.0582817,0.939291,0.338134],[0.0622492,-0.34147,0.937829]],[[0.998297,-0.0540251,-0.0219946],[0.0137947,0.585032,-0.810893],[0.0566761,0.809209,0.584781]],[[0.998297,-0.0540251,-0.0219946],[-0.055038,-0.747519,-0.661956],[0.0193209,0.662039,-0.74922]],[[0.998297,-0.0540251,-0.0219946],[-0.0543647,-0.998406,-0.015144],[-0.0211414,0.0163139,-0.999643]]],"btipPosition":[51.8735,192.666,15.3554],"carpPosition":[57.2638,219.6,52.9893],"dipPosition":[51.5522,192.914,0.162345],"direction":[-0.0193209,-0.662039,0.74922],"extended":false,"handId":48,"id":483,"length":52.4092,"mcpPosition":[54.0474,237.243,4.53291],"pipPosition":[51.9876,207.833,-16.7207],"stabilizedTipPosition":[37.6813,190.456,16.6777],"timeVisible":0.416321,"tipPosition":[53.211,193.073,14.3328],"tipVelocity":[1198.94,238.057,-218.541],"tool":false,"touchDistance":0.333333,"touchZone":"none","type":3,"width":14.8062},{"bases":[[[0.973448,-0.227638,-0.0240864],[0.217811,0.888746,0.403346],[-0.0704103,-0.397883,0.91473]],[[0.956593,-0.276384,0.0924226],[0.246287,0.597152,-0.763382],[0.155796,0.753009,0.639301]],[[0.956593,-0.276384,0.0924226],[-0.126589,-0.679729,-0.722457],[0.262498,0.679398,-0.685211]],[[0.956593,-0.276384,0.0924226],[-0.266224,-0.957766,-0.108669],[0.118553,0.0793465,-0.989772]]],"btipPosition":[61.0275,200.921,13.1919],"carpPosition":[67.9796,215.471,50.5512],"dipPosition":[62.6897,202.034,-0.685975],"direction":[-0.262498,-0.679398,0.685211],"extended":false,"handId":48,"id":484,"length":41.0878,"mcpPosition":[71.3472,234.502,6.8004],"pipPosition":[66.8661,212.843,-11.5877],"stabilizedTipPosition":[51.5102,199.658,12.6086],"timeVisible":0.416321,"tipPosition":[63.9219,200.721,11.9243],"tipVelocity":[1206.59,229.171,-194.838],"tool":false,"touchDistance":0.333333,"touchZone":"none","type":4,"width":13.1521}],"r":[[0.943588,-0.0677214,0.324121],[0.0846735,0.995666,-0.0384702],[-0.320111,0.0637446,0.945233]],"s":0.984008,"t":[119.86,23.5294,-82.5835],"timestamp":1130688713408},{"currentFrameRate":57.1738,"devices":[],"gestures":[{"direction":[0.885887,0.143449,-0.441166],"duration":52016,"handIds":[48],"id":1,"pointableIds":[481],"position":[33.9326,236.37,-65.351],"speed":247.574,"startPosition":[-150.619,202.86,33.3709],"state":"update","type":"swipe"}],"hands":[{"armBasis":[[0.982434,0.180052,-0.0490381],[-0.117416,0.80067,0.587487],[0.145042,-0.571409,0.807747]],"armWidth":52.3032,"confidence":0.979464,"direction":[-0.132509,0.451766,-0.882241],"elbow":[109.799,74.2095,250.013],"grabAngle":2.75321,"grabStrength":0,"id":48,"palmNormal":[0.137478,-0.87311,-0.467739],"palmPosition":[63.4337,226.465,14.4002],"palmVelocity":[1207.8,149.214,-207.667],"palmWidth":75.0532,"pinchDistance":43.0501,"pinchStrength":0.567202,"r":[[0.921194,-0.0848114,0.379748],[0.104935,0.993946,-0.0325679],[-0.374687,0.0698502,0.924516]],"s":0.973105,"sphereCenter":[63.4154,203.564,-14.187],"sphereRadius":35.6682,"stabilizedPalmPosition":[54.3382,225.173,16.7111],"t":[140.098,26.3669,-87.4117],"timeVisible":0.433597,"type":"right","wrist":[77.4967,201.468,70.1196]}],"id":25550,"interactionBox":{"center":[0,200,0],"size":[235.247,235.247,147.751]},"pointables":[{"bases":[[[0.945418,0.256519,-0.200957],[-0.179782,0.924949,0.334884],[0.271779,-0.280477,0.920581]],[[0.971713,0.219981,-0.0859235],[-0.192895,0.949191,0.248652],[0.136257,-0.225044,0.964774]],[[0.971713,0.219981,-0.0859235],[-0.227223,0.970016,-0.0862473],[0.0643744,0.103331,0.992562]],[[0.971713,0.219981,-0.0859235],[-0.235227,0.933931,-0.269149],[0.0210389,0.281747,0.959258]]],"btipPosition":[33.8653,235.469,-68.4173],"carpPosition":[56.6778,216.532,54.0108],"dipPosition":[34.1577,239.385,-55.0854],"direction":[-0.0643744,-0.103331,-0.992562],"extended":true,"handId":48,"id":481,"length":47.8368,"mcpPosition":[40.1852,233.552,-1.85364],"pipPosition":[35.4234,241.417,-35.5702],"stabilizedTipPosition":[19.9101,235.618,-61.1111],"timeVisible":0.433597,"tipPosition":[33.1771,238.215,-65.8162],"tipVelocity":[1617,19.132,-341.768],"tool":false,"touchDistance":-1,"touchZone":"hovering","type":1,"width":15.843},{"bases":[[[0.246173,0.942834,0.224641],[-0.799755,0.0666656,0.596613],[0.547531,-0.326528,0.770447]],[[0.12264,0.990999,0.0536634],[-0.967652,0.107388,0.228293],[0.220475,-0.0799252,0.972113]],[[0.12264,0.990999,0.0536634],[-0.991682,0.124494,-0.0326819],[-0.0390685,-0.0492089,0.998024]],[[0.12264,0.990999,0.0536634],[-0.948773,0.132935,-0.286631],[-0.291185,-0.015762,0.956537]]],"btipPosition":[51.0835,202.199,-31.3064],"carpPosition":[53.5344,197.243,54.6103],"dipPosition":[45.54,201.899,-13.0962],"direction":[0.0390685,0.0492089,-0.998024],"extended":false,"handId":48,"id":480,"length":42.3939,"mcpPosition":[53.5344,197.243,54.6103],"pipPosition":[44.4565,200.534,14.584],"stabilizedTipPosition":[36.7166,200.222,-23.0394],"timeVisible":0.433597,"tipPosition":[52.3752,201.019,-26.0724],"tipVelocity":[1346.52,172.494,-264.625],"tool":false,"touchDistance":-0.641325,"touchZone":"hovering","type":0,"width":16.586},{"bases":[[[0.990147,0.0548017,-0.128861],[-0.0113495,0.948618,0.316219],[0.139569,-0.311641,0.939894]],[[0.996735,0.0360158,-0.0722689],[-0.079612,0.587818,-0.805066],[0.0134859,0.808191,0.588766]],[[0.996735,0.0360158,-0.0722689],[-0.0217296,-0.742355,-0.669654],[-0.0777674,0.669038,-0.739149]],[[0.996735,0.0360158,-0.0722689],[0.0341594,-0.999058,-0.0267612],[-0.0731647,0.0242052,-0.997026]]],"btipPosition":[60.1489,190.945,7.1793],"carpPosition":[65.7923,220.544,52.0147],"dipPosition":[59.0305,191.315,-8.06155],"direction":[0.0777674,-0.669038,0.739149],"extended":false,"handId":48,"id":482,"length":54.5062,"mcpPosition":[57.7604,238.478,-2.07454],"pipPosition":[57.2316,206.79,-25.1592],"stabilizedTipPosition":[47.7873,189.274,7.3063],"timeVisible":0.433597,"tipPosition":[61.325,191.787,6.95505],"tipVelocity":[1189.2,152.861,-197.761],"tool":false,"touchDistance":0.333333,"touchZone":"none","type":2,"width":15.5599},{"bases":[[[0.997913,-0.063324,-0.0126118],[0.063876,0.939692,0.336005],[-0.009426,-0.33611,0.941776]],[[0.995552,-0.0833646,0.0438835],[0.0837353,0.569547,-0.817682],[0.043172,0.81772,0.573995]],[[0.995552,-0.0833646,0.0438835],[-0.0352256,-0.761415,-0.647306],[0.087376,0.642882,-0.760966]],[[0.995552,-0.0833646,0.0438835],[-0.0837394,-0.996465,0.0067699],[0.043164,-0.0104146,-0.999014]]],"btipPosition":[71.9667,195.33,13.1234],"carpPosition":[75.6737,222.012,50.3141],"dipPosition":[72.6227,195.172,-2.06006],"direction":[-0.087376,-0.642882,0.760966],"extended":false,"handId":48,"id":483,"length":52.4092,"mcpPosition":[76.1608,239.378,1.6538],"pipPosition":[74.5917,209.659,-19.2078],"stabilizedTipPosition":[63.5661,194.092,11.3811],"timeVisible":0.433597,"tipPosition":[73.3226,195.325,11.5411],"tipVelocity":[1176.08,148.78,-129.068],"tool":false,"touchDistance":0.333333,"touchZone":"none","type":3,"width":14.8062},{"bases":[[[0.965752,-0.256187,0.04113],[0.217225,0.884992,0.411828],[-0.141905,-0.388789,0.910333]],[[0.934739,-0.310139,0.173427],[0.329752,0.575266,-0.748553],[0.132389,0.75689,0.639993]],[[0.934739,-0.310139,0.173427],[-0.0973496,-0.692906,-0.714426],[0.34174,0.650919,-0.677878]],[[0.934739,-0.310139,0.173427],[-0.295865,-0.949604,-0.103518],[0.196792,0.0454509,-0.979391]]],"btipPosition":[81.1818,203.385,11.1765],"carpPosition":[86.3989,217.554,48.6076],"dipPosition":[83.9411,204.023,-2.55576],"direction":[-0.34174,-0.650919,0.677878],"extended":false,"handId":48,"id":484,"length":41.0878,"mcpPosition":[93.186,236.149,5.06719],"pipPosition":[89.3782,214.379,-13.3408],"stabilizedTipPosition":[75.7891,202.761,8.93105],"timeVisible":0.433597,"tipPosition":[84.355,202.669,9.8186],"tipVelocity":[1181.21,136.305,-114.718],"tool":false,"touchDistance":0.333333,"touchZone":"none","type":4,"width":13.1521}],"r":[[0.921194,-0.0848114,0.379748],[0.104935,0.993946,-0.0325679],[-0.374687,0.0698502,0.924516]],"s":0.973105,"t":[140.098,26.3669,-87.4117],"timestamp":1130688730684},{"currentFrameRate":57.1835,"devices":[],"gestures":[{"direction":[0.915617,0.121864,-0.383138],"duration":69471,"handIds":[48],"id":1,"pointableIds":[481],"position":[60.8094,237.589,-68.4209],"speed":254.613,"startPosition":[-150.619,202.86,33.3709],"state":"update","type":"swipe"}],"hands":[{"armBasis":[[0.986281,0.164954,-0.0063492],[-0.129896,0.799253,0.58679],[0.101868,-0.577915,0.809714]],"armWidth":52.3032,"confidence":0.982884,"direction":[-0.0790661,0.456816,-0.886041],"elbow":[118.006,74.2691,249.165],"grabAngle":2.77142,"grabStrength":0,"id":48,"palmNormal":[0.142824,-0.874462,-0.463591],"palmPosition":[84.4869,228.424,12.5943],"palmVelocity":[1206.14,112.24,-103.464],"palmWidth":75.0532,"pinchDistance":43.9294,"pinchStrength":0.560456,"r":[[0.896014,-0.102132,0.432121],[0.12515,0.991821,-0.025086],[-0.426024,0.0765575,0.901467]],"s":0.963263,"sphereCenter":[88.0767,205.315,-16.0196],"sphereRadius":35.7028,"stabilizedPalmPosition":[79.1209,227.845,13.327],"t":[160.743,28.7652,-90.7288],"timeVisible":0.451052,"type":"right","wrist":[95.3191,202.976,68.834]}],"id":25551,"interactionBox":{"center":[0,200,0],"size":[235.247,235.247,147.751]},"pointables":[{"bases":[[[0.959304,0.237586,-0.152609],[-0.177379,0.927525,0.328989],[0.219712,-0.288531,0.931921]],[[0.980918,0.193665,-0.017128],[-0.184852,0.956313,0.226483],[0.0602414,-0.218995,0.973865]],[[0.980918,0.193665,-0.017128],[-0.19416,0.971241,-0.137815],[-0.0100545,0.138511,0.99031]],[[0.980918,0.193665,-0.017128],[-0.188977,0.929048,-0.318053],[-0.0456829,0.315221,0.947918]]],"btipPosition":[60.9554,236.581,-71.451],"carpPosition":[75.5611,218.523,51.7811],"dipPosition":[60.3205,240.962,-58.2766],"direction":[0.0100545,-0.138511,-0.99031],"extended":true,"handId":48,"id":481,"length":47.8368,"mcpPosition":[62.2281,236.032,-4.77152],"pipPosition":[60.1228,243.685,-38.8058],"stabilizedTipPosition":[52.5531,237.191,-66.9453],"timeVisible":0.451052,"tipPosition":[58.8235,240.558,-68.9106],"tipVelocity":[1539.78,69.8231,-175.877],"tool":false,"touchDistance":-1,"touchZone":"hovering","type":1,"width":15.843},{"bases":[[[0.253825,0.936955,0.240185],[-0.827014,0.0814487,0.55625],[0.501618,-0.339827,0.795548]],[[0.140592,0.987973,0.0643635],[-0.976818,0.127817,0.171728],[0.161436,-0.0870149,0.98304]],[[0.140592,0.987973,0.0643635],[-0.985809,0.145714,-0.0833587],[-0.0917348,-0.0517306,0.994439]],[[0.140592,0.987973,0.0643635],[-0.932949,0.153962,-0.325426],[-0.331422,-0.0142956,0.943374]]],"btipPosition":[74.2057,204.591,-33.8661],"carpPosition":[71.999,199.301,52.1504],"dipPosition":[67.8962,204.319,-15.9066],"direction":[0.0917348,0.0517306,-0.994439],"extended":false,"handId":48,"id":480,"length":42.3939,"mcpPosition":[71.999,199.301,52.1504],"pipPosition":[65.352,202.884,11.6742],"stabilizedTipPosition":[65.261,203.633,-28.3431],"timeVisible":0.451052,"tipPosition":[74.9009,203.347,-28.5008],"tipVelocity":[1314.58,137.427,-149.951],"tool":false,"touchDistance":-0.644787,"touchZone":"hovering","type":0,"width":16.586},{"bases":[[[0.996257,0.0347948,-0.0791334],[-0.0077765,0.947779,0.318833],[0.0860947,-0.317024,0.944502]],[[0.999626,0.0157221,-0.0223549],[-0.0273264,0.588145,-0.808294],[0.000439839,0.808603,0.588354]],[[0.999626,0.0157221,-0.0223549],[-0.00321311,-0.744684,-0.66741],[-0.0271404,0.667233,-0.744355]],[[0.999626,0.0157221,-0.0223549],[0.0151644,-0.999575,-0.0249015],[-0.0227369,0.0245532,-0.99944]]],"btipPosition":[80.8473,193.083,5.32987],"carpPosition":[84.8437,222.353,50.2569],"dipPosition":[80.4997,193.459,-9.94787],"direction":[0.0271404,-0.667233,0.744355],"extended":false,"handId":48,"id":482,"length":54.5062,"mcpPosition":[79.8891,240.597,-4.09743],"pipPosition":[79.8719,208.893,-27.1659],"stabilizedTipPosition":[73.689,192.334,2.99434],"timeVisible":0.451052,"tipPosition":[82.0245,193.807,4.87051],"tipVelocity":[1195.97,122.596,-106.44],"tool":false,"touchDistance":0.333333,"touchZone":"none","type":2,"width":15.5599},{"bases":[[[0.9958,-0.0837845,0.036912],[0.0661699,0.937254,0.342311],[-0.0632762,-0.338431,0.938861]],[[0.990214,-0.103927,0.0931434],[0.135812,0.563986,-0.81454],[0.0321213,0.819218,0.572581]],[[0.990214,-0.103927,0.0931434],[-0.0206331,-0.769101,-0.638794],[0.138025,0.630621,-0.763719]],[[0.990214,-0.103927,0.0931434],[-0.105512,-0.994343,0.0122421],[0.0913442,-0.0219501,-0.995577]]],"btipPosition":[92.429,197.457,12.0777],"carpPosition":[94.8256,223.622,49.0566],"dipPosition":[93.8173,197.124,-3.05355],"direction":[-0.138025,-0.630621,0.763719],"extended":false,"handId":48,"id":483,"length":52.4092,"mcpPosition":[98.095,241.108,0.546905],"pipPosition":[96.9276,211.334,-20.2633],"stabilizedTipPosition":[87.784,196.821,9.07103],"timeVisible":0.451052,"tipPosition":[93.8304,197.105,10.0618],"tipVelocity":[1181.94,119.545,-59.2213],"tool":false,"touchDistance":0.333333,"touchZone":"none","type":3,"width":14.8062},{"bases":[[[0.95707,-0.276093,0.0882564],[0.214396,0.879206,0.425477],[-0.195067,-0.38829,0.900655]],[[0.916554,-0.331647,0.223469],[0.383069,0.567636,-0.72873],[0.114832,0.753525,0.647313]],[[0.916554,-0.331647,0.223469],[-0.079473,-0.698706,-0.710981],[0.391934,0.633893,-0.666759]],[[0.916554,-0.331647,0.223469],[-0.314448,-0.942919,-0.109668],[0.247084,0.0302468,-0.968522]]],"btipPosition":[101.856,205.338,10.362],"carpPosition":[105.529,218.949,47.8701],"dipPosition":[105.321,205.762,-3.21783],"direction":[-0.391934,-0.633893,0.666759],"extended":false,"handId":48,"id":484,"length":41.0878,"mcpPosition":[114.859,237.52,4.79257],"pipPosition":[111.556,215.847,-13.826],"stabilizedTipPosition":[99.0528,205.077,7.46548],"timeVisible":0.451052,"tipPosition":[105.064,204.244,8.93125],"tipVelocity":[1193.74,109.027,-44.6533],"tool":false,"touchDistance":0.333333,"touchZone":"none","type":4,"width":13.1521}],"r":[[0.896014,-0.102132,0.432121],[0.12515,0.991821,-0.025086],[-0.426024,0.0765575,0.901467]],"s":0.963263,"t":[160.743,28.7652,-90.7288],"timestamp":1130688748139},{"currentFrameRate":57.2338,"devices":[],"gestures":[{"direction":[0.942959,0.102004,-0.316895],"duration":86775,"handIds":[48],"id":1,"pointableIds":[481],"position":[88.4891,238.897,-68.5862],"speed":263.83,"startPosition":[-150.619,202.86,33.3709],"state":"update","type":"swipe"}],"hands":[{"armBasis":[[0.990883,0.131037,0.0313236],[-0.123937,0.795369,0.59332],[0.0528328,-0.591792,0.804357]],"armWidth":52.3032,"confidence":0.985716,"direction":[-0.00522552,0.463008,-0.886339],"elbow":[125.156,71.9813,249.317],"grabAngle":2.77598,"grabStrength":0,"id":48,"palmNormal":[0.126324,-0.878944,-0.45989],"palmPosition":[106.851,229.978,13.6124],"palmVelocity":[1292.42,89.8306,58.8354],"palmWidth":75.0532,"pinchDistance":44.5499,"pinchStrength":0.568592,"r":[[0.866792,-0.124721,0.482821],[0.150872,0.988431,-0.0155282],[-0.475298,0.0863041,0.875582]],"s":0.954805,"sphereCenter":[111.295,206.456,-14.8217],"sphereRadius":35.6638,"stabilizedPalmPosition":[103.405,229.713,13.5769],"t":[182.248,30.7416,-91.8783],"timeVisible":0.468356,"type":"right","wrist":[113.39,203.779,70.179]}],"id":25552,"interactionBox":{"center":[0,200,0],"size":[235.247,235.247,147.751]},"pointables":[{"bases":[[[0.977016,0.190485,-0.0956872],[-0.150397,0.934079,0.323847],[0.151067,-0.302012,0.941258]],[[0.988562,0.145807,0.0385407],[-0.150571,0.968723,0.197242],[-0.00857596,-0.200789,0.979597]],[[0.988562,0.145807,0.0385407],[-0.137052,0.975177,-0.173918],[-0.0629424,0.166646,0.984006]],[[0.988562,0.145807,0.0385407],[-0.123988,0.931218,-0.342724],[-0.0858613,0.334025,0.938645]]],"btipPosition":[88.7636,237.829,-71.5866],"carpPosition":[95.2004,220.403,52.1597],"dipPosition":[87.5703,242.471,-58.5411],"direction":[0.0629424,-0.166646,-0.984006],"extended":true,"handId":48,"id":481,"length":47.8368,"mcpPosition":[86.033,238.731,-4.95962],"pipPosition":[86.3327,245.748,-39.1942],"stabilizedTipPosition":[83.4234,238.656,-68.3549],"timeVisible":0.468356,"tipPosition":[86.7635,243.142,-69.1011],"tipVelocity":[1599.61,75.5846,-9.5498],"tool":false,"touchDistance":-0.960817,"touchZone":"hovering","type":1,"width":15.843},{"bases":[[[0.285161,0.922521,0.260073],[-0.85279,0.120337,0.508201],[0.43753,-0.366706,0.821032]],[[0.184993,0.979602,0.0784682],[-0.977762,0.175442,0.114896],[0.0987859,-0.0979783,0.990273]],[[0.184993,0.979602,0.0784682],[-0.969719,0.194914,-0.14715],[-0.159443,-0.0488704,0.985997]],[[0.184993,0.979602,0.0784682],[-0.898434,0.20094,-0.390436],[-0.398239,0.00172951,0.91728]]],"btipPosition":[98.6208,206.736,-33.3767],"carpPosition":[90.6846,201.38,52.2068],"dipPosition":[91.0393,206.769,-15.9139],"direction":[0.159443,0.0488704,-0.985997],"extended":false,"handId":48,"id":480,"length":42.3939,"mcpPosition":[90.6846,201.38,52.2068],"pipPosition":[86.6171,205.414,11.4327],"stabilizedTipPosition":[92.2784,206.292,-29.2123],"timeVisible":0.468356,"tipPosition":[98.3903,205.574,-28.1556],"tipVelocity":[1394.04,128.04,21.6821],"tool":false,"touchDistance":-0.603014,"touchZone":"hovering","type":0,"width":16.586},{"bases":[[[0.999671,-0.0141168,-0.0214365],[0.0202976,0.945978,0.323594],[0.0157104,-0.323922,0.945953]],[[0.998814,-0.0335151,0.0353252],[0.0483253,0.593126,-0.803658],[0.00598235,0.804412,0.594042]],[[0.998814,-0.0335151,0.0353252],[-0.000858493,-0.737456,-0.675394],[0.0486866,0.674563,-0.73661]],[[0.998814,-0.0335151,0.0353252],[-0.0319237,-0.998491,-0.0446885],[0.0367696,0.0435078,-0.998376]]],"btipPosition":[101.905,194.608,5.76662],"carpPosition":[104.732,223.776,51.1956],"dipPosition":[102.467,195.273,-9.49486],"direction":[-0.0486866,-0.674563,0.73661],"extended":false,"handId":48,"id":482,"length":54.5062,"mcpPosition":[103.828,242.417,-3.24228],"pipPosition":[103.594,210.877,-26.5338],"stabilizedTipPosition":[97.7714,194.396,2.36746],"timeVisible":0.468356,"tipPosition":[103.124,195.535,5.48946],"tipVelocity":[1229.04,91.9827,25.456],"tool":false,"touchDistance":0.333333,"touchZone":"none","type":2,"width":15.5599},{"bases":[[[0.986693,-0.132902,0.0936694],[0.0921581,0.931744,0.351225],[-0.133955,-0.337919,0.931594]],[[0.976885,-0.152926,0.149363],[0.209767,0.551275,-0.807523],[0.0411512,0.820189,0.570611]],[[0.976885,-0.152926,0.149363],[-0.0244059,-0.773944,-0.632784],[0.212368,0.614511,-0.759787]],[[0.976885,-0.152926,0.149363],[-0.155774,-0.987764,0.00748795],[0.14639,-0.0305817,-0.988754]]],"btipPosition":[113.232,198.823,13.8555],"carpPosition":[114.817,224.555,50.5797],"dipPosition":[115.457,198.358,-1.172],"direction":[-0.212368,-0.614511,0.759787],"extended":false,"handId":48,"id":483,"length":52.4092,"mcpPosition":[121.738,242.015,2.44546],"pipPosition":[120.243,212.205,-18.2931],"stabilizedTipPosition":[110.624,198.488,10.2396],"timeVisible":0.468356,"tipPosition":[114.744,198.261,11.398],"tipVelocity":[1213.34,77.1775,104.12],"tool":false,"touchDistance":0.333333,"touchZone":"none","type":3,"width":14.8062},{"bases":[[[0.935676,-0.323231,0.141533],[0.232304,0.866191,0.442434],[-0.265603,-0.381096,0.885562]],[[0.887647,-0.374766,0.267645],[0.445286,0.55018,-0.706415],[0.117487,0.746225,0.655244]],[[0.887647,-0.374766,0.267645],[-0.0799895,-0.697806,-0.711807],[0.453525,0.610424,-0.649382]],[[0.887647,-0.374766,0.267645],[-0.352592,-0.92691,-0.128518],[0.296247,0.0197088,-0.954908]]],"btipPosition":[123.284,206.139,12.5014],"carpPosition":[125.329,219.364,49.9831],"dipPosition":[127.438,206.416,-0.887602],"direction":[-0.453525,-0.610424,0.649382],"extended":false,"handId":48,"id":484,"length":41.0878,"mcpPosition":[138.033,237.591,7.62737],"pipPosition":[134.654,216.128,-11.2193],"stabilizedTipPosition":[121.846,206.096,9.23596],"timeVisible":0.468356,"tipPosition":[126.356,204.85,10.9653],"tipVelocity":[1247.49,44.3786,126.17],"tool":false,"touchDistance":0.333333,"touchZone":"none","type":4,"width":13.1521}],"r":[[0.866792,-0.124721,0.482821],[0.150872,0.988431,-0.0155282],[-0.475298,0.0863041,0.875582]],"s":0.954805,"t":[182.248,30.7416,-91.8783],"timestamp":1130688765443},{"currentFrameRate":57.2689,"devices":[],"gestures":[{"direction":[0.952976,0.10114,-0.285669],"duration":104119,"handIds":[48],"id":1,"pointableIds":[481],"position":[114.636,239.86,-65.6942],"speed":273.843,"startPosition":[-150.619,202.86,33.3709],"state":"update","type":"swipe"}],"hands":[{"armBasis":[[0.988307,0.121125,0.0926199],[-0.152476,0.781728,0.604692],[0.000839776,-0.611744,0.791056]],"armWidth":52.3032,"confidence":0.988088,"direction":[0.0423492,0.458692,-0.887586],"elbow":[132.077,68.8044,250.499],"grabAngle":2.76257,"grabStrength":0,"id":48,"palmNormal":[0.147188,-0.881554,-0.448552],"palmPosition":[128.459,231.211,17.5114],"palmVelocity":[1245.82,71.0663,224.804],"palmWidth":75.0532,"pinchDistance":43.3985,"pinchStrength":0.579257,"r":[[0.835384,-0.142308,0.530926],[0.171678,0.985134,-0.00607361],[-0.522169,0.0962219,0.847397]],"s":0.949551,"sphereCenter":[135.143,207.361,-10.4929],"sphereRadius":35.8364,"stabilizedPalmPosition":[126.16,231.073,17.1504],"t":[203.804,32.3461,-90.5035],"timeVisible":0.4857,"type":"right","wrist":[131.89,205.046,74.3229]}],"id":25553,"interactionBox":{"center":[0,200,0],"size":[235.247,235.247,147.751]},"pointables":[{"bases":[[[0.981283,0.187077,-0.0456687],[-0.16398,0.936096,0.311182],[0.100965,-0.297869,0.949252]],[[0.985551,0.141898,0.0924852],[-0.156494,0.97174,0.176723],[-0.0647949,-0.188643,0.979906]],[[0.985551,0.141898,0.0924852],[-0.123907,0.976287,-0.177512],[-0.115481,0.163488,0.979763]],[[0.985551,0.141898,0.0924852],[-0.103103,0.935809,-0.337093],[-0.134381,0.322687,0.936918]]],"btipPosition":[115.065,238.829,-68.6891],"carpPosition":[114.789,221.859,55.4457],"dipPosition":[113.197,243.313,-55.6676],"direction":[0.115481,-0.163488,-0.979763],"extended":true,"handId":48,"id":481,"length":47.8368,"mcpPosition":[108.662,239.935,-2.15871],"pipPosition":[110.927,246.528,-36.4041],"stabilizedTipPosition":[111.569,239.742,-65.9556],"timeVisible":0.4857,"tipPosition":[112.772,243.96,-66.1871],"tipVelocity":[1507.52,55.5453,166.744],"tool":false,"touchDistance":-0.849688,"touchZone":"touching","type":1,"width":15.843},{"bases":[[[0.274264,0.922917,0.27019],[-0.877651,0.125379,0.462612],[0.393076,-0.364011,0.844386]],[[0.183746,0.979452,0.0831395],[-0.981769,0.178676,0.0648414],[0.0486539,-0.0935381,0.994426]],[[0.183746,0.979452,0.0831395],[-0.959512,0.197086,-0.201232],[-0.213482,-0.0427979,0.976009]],[[0.183746,0.979452,0.0831395],[-0.873697,0.201491,-0.44278],[-0.450434,0.00872012,0.892767]]],"btipPosition":[122.708,207.722,-29.6631],"carpPosition":[110.215,202.85,55.3477],"dipPosition":[114.133,207.888,-12.6669],"direction":[0.213482,0.0427979,-0.976009],"extended":false,"handId":48,"id":480,"length":42.3939,"mcpPosition":[110.215,202.85,55.3477],"pipPosition":[108.212,206.701,14.4026],"stabilizedTipPosition":[117.765,207.607,-26.115],"timeVisible":0.4857,"tipPosition":[122.091,206.636,-24.533],"tipVelocity":[1375.62,58.5932,207.926],"tool":false,"touchDistance":-0.516952,"touchZone":"touching","type":0,"width":16.586},{"bases":[[[0.999383,-0.0172276,0.0306233],[0.00653512,0.947481,0.319747],[-0.0345234,-0.319349,0.947008]],[[0.995843,-0.0352156,0.0839983],[0.0884225,0.595004,-0.798844],[-0.0218475,0.802951,0.595645]],[[0.995843,-0.0352156,0.0839983],[0.0316456,-0.731001,-0.681642],[0.0854073,0.681467,-0.726848]],[[0.995843,-0.0352156,0.0839983],[-0.0296412,-0.997332,-0.0667122],[0.0861235,0.0639451,-0.99423]]],"btipPosition":[123.921,195.353,9.12078],"carpPosition":[124.369,225.198,54.9625],"dipPosition":[125.237,196.33,-6.07732],"direction":[-0.0854073,-0.681467,0.726848],"extended":false,"handId":48,"id":482,"length":54.5062,"mcpPosition":[126.356,243.576,0.463909],"pipPosition":[127.213,212.093,-22.8904],"stabilizedTipPosition":[121.367,195.45,5.27337],"timeVisible":0.4857,"tipPosition":[125.014,196.695,9.22229],"tipVelocity":[1279.34,47.0619,194.231],"tool":false,"touchDistance":0.333333,"touchZone":"none","type":2,"width":15.5599},{"bases":[[[0.980054,-0.13541,0.145458],[0.0768159,0.933165,0.351143],[-0.183285,-0.332966,0.924954]],[[0.9673,-0.155133,0.20066],[0.253158,0.542023,-0.801325],[0.0155492,0.82592,0.563572]],[[0.9673,-0.155133,0.20066],[0.00546488,-0.778207,-0.627984],[0.253576,0.608546,-0.751912]],[[0.9673,-0.155133,0.20066],[-0.157565,-0.987501,-0.00389305],[0.198756,-0.0278513,-0.979653]]],"btipPosition":[134.645,199.841,18.4269],"carpPosition":[134.475,225.944,54.8679],"dipPosition":[137.666,199.417,3.53769],"direction":[-0.253576,-0.608546,0.751912],"extended":false,"handId":48,"id":483,"length":52.4092,"mcpPosition":[143.945,243.148,7.07678],"pipPosition":[143.38,213.13,-13.406],"stabilizedTipPosition":[133.065,199.628,14.5639],"timeVisible":0.4857,"tipPosition":[136.335,199.464,15.8448],"tipVelocity":[1245.15,59.2293,265.405],"tool":false,"touchDistance":0.333333,"touchZone":"none","type":3,"width":14.8062},{"bases":[[[0.925999,-0.32535,0.191502],[0.211818,0.867637,0.449821],[-0.312503,-0.375971,0.872346]],[[0.879053,-0.370277,0.300267],[0.467596,0.547042,-0.694333],[0.0928372,0.75076,0.654019]],[[0.879053,-0.370277,0.300267],[-0.0535153,-0.70252,-0.709649],[0.47371,0.607751,-0.637368]],[[0.879053,-0.370277,0.300267],[-0.342118,-0.928625,-0.143568],[0.331995,0.0234778,-0.942989]]],"btipPosition":[145.072,207.108,17.6705],"carpPosition":[144.987,220.718,54.8431],"dipPosition":[149.727,207.437,4.4486],"direction":[-0.47371,-0.607751,0.637368],"extended":false,"handId":48,"id":484,"length":41.0878,"mcpPosition":[159.934,238.701,13.1195],"pipPosition":[157.264,217.107,-5.69196],"stabilizedTipPosition":[144.289,207.101,14.218],"timeVisible":0.4857,"tipPosition":[147.946,206.041,15.966],"tipVelocity":[1262.86,56.5552,300.249],"tool":false,"touchDistance":0.333333,"touchZone":"none","type":4,"width":13.1521}],"r":[[0.835384,-0.142308,0.530926],[0.171678,0.985134,-0.00607361],[-0.522169,0.0962219,0.847397]],"s":0.949551,"t":[203.804,32.3461,-90.5035],"timestamp":1130688782787},{"currentFrameRate":57.2948,"devices":[],"gestures":[{"direction":[0.971726,0.0868095,-0.219573],"duration":121486,"handIds":[48],"id":1,"pointableIds":[481],"position":[139.663,240.957,-61.7324],"speed":285.267,"startPosition":[-150.619,202.86,33.3709],"state":"update","type":"swipe"}],"hands":[{"armBasis":[[0.96827,0.167565,0.185408],[-0.246613,0.760751,0.600366],[-0.040449,-0.62704,0.777936]],"armWidth":52.3032,"confidence":1,"direction":[0.0721359,0.460675,-0.884633],"elbow":[139.331,65.0329,252.542],"grabAngle":2.73571,"grabStrength":0,"id":48,"palmNormal":[0.237011,-0.869455,-0.433445],"palmPosition":[147.313,230.719,22.374],"palmVelocity":[1085.68,-28.3157,279.995],"palmWidth":75.0532,"pinchDistance":41.9471,"pinchStrength":0.576337,"r":[[0.802214,-0.14447,0.579293],[0.174509,0.984648,0.00389931],[-0.570963,0.0979637,0.81511]],"s":0.949105,"sphereCenter":[159.414,207.667,-4.74287],"sphereRadius":36.2638,"stabilizedPalmPosition":[145.701,230.746,21.9759],"t":[224.01,32.9024,-87.3848],"timeVisible":0.503067,"type":"right","wrist":[148.339,204.681,79.2882]}],"id":25554,"interactionBox":{"center":[0,200,0],"size":[235.247,235.247,147.751]},"pointables":[{"bases":[[[0.967183,0.253217,0.0209323],[-0.247971,0.922759,0.295004],[0.0553844,-0.290513,0.955267]],[[0.962704,0.200698,0.181443],[-0.232376,0.956831,0.174572],[-0.138574,-0.210224,0.967782]],[[0.962704,0.200698,0.181443],[-0.177131,0.974458,-0.138042],[-0.204514,0.100754,0.973665]],[[0.962704,0.200698,0.181443],[-0.147531,0.951558,-0.269764],[-0.226795,0.232934,0.945677]]],"btipPosition":[140.388,240.213,-64.7554],"carpPosition":[131.733,220.455,59.3225],"dipPosition":[137.236,243.45,-51.6121],"direction":[0.204514,-0.100754,-0.973665],"extended":true,"handId":48,"id":481,"length":47.8368,"mcpPosition":[128.372,238.084,1.35315],"pipPosition":[133.215,245.431,-32.4686],"stabilizedTipPosition":[137.658,240.871,-62.0338],"timeVisible":0.503067,"tipPosition":[137.077,242.164,-62.1764],"tipVelocity":[1441.08,63.177,228.117],"tool":false,"touchDistance":0.333333,"touchZone":"hovering","type":1,"width":15.843},{"bases":[[[0.191939,0.939345,0.284238],[-0.913851,0.0654709,0.400736],[0.35782,-0.336668,0.870988]],[[0.111139,0.989558,0.0917746],[-0.993636,0.112349,-0.00810494],[-0.0183311,-0.0902898,0.995747]],[[0.111139,0.989558,0.0917746],[-0.955736,0.13174,-0.263086],[-0.272429,-0.0584732,0.960397]],[[0.111139,0.989558,0.0917746],[-0.862973,0.141895,-0.484916],[-0.492875,-0.0253059,0.869732]]],"btipPosition":[146.167,207,-25.1976],"carpPosition":[128.473,201.179,58.9961],"dipPosition":[136.784,206.518,-8.64],"direction":[0.272429,0.0584732,-0.960397],"extended":false,"handId":48,"id":480,"length":42.3939,"mcpPosition":[128.473,201.179,58.9961],"pipPosition":[129.228,204.896,17.9966],"stabilizedTipPosition":[141.958,206.945,-21.7588],"timeVisible":0.503067,"tipPosition":[145.503,205.796,-19.9237],"tipVelocity":[1340.08,-50.1662,251.317],"tool":false,"touchDistance":0.333333,"touchZone":"hovering","type":0,"width":16.586},{"bases":[[[0.99378,0.0505965,0.0992002],[-0.0796109,0.945681,0.315197],[-0.077864,-0.321134,0.943828]],[[0.987445,0.0315364,0.154786],[0.104811,0.602312,-0.79135],[-0.118186,0.797638,0.591444]],[[0.987445,0.0315364,0.154786],[0.129216,-0.724896,-0.676631],[0.0908652,0.688136,-0.719869]],[[0.987445,0.0315364,0.154786],[0.0438828,-0.996064,-0.077007],[0.151748,0.0828326,-0.984942]]],"btipPosition":[145.769,194.458,13.6855],"carpPosition":[141.075,224.436,59.4829],"dipPosition":[148.088,195.725,-1.37064],"direction":[-0.0908652,-0.688136,0.719869],"extended":false,"handId":48,"id":482,"length":54.5062,"mcpPosition":[145.556,242.916,5.16732],"pipPosition":[150.19,211.642,-18.0223],"stabilizedTipPosition":[144.238,194.808,9.8129],"timeVisible":0.503067,"tipPosition":[146.785,196.032,13.9698],"tipVelocity":[1271.3,-47.671,264.718],"tool":false,"touchDistance":0.333333,"touchZone":"none","type":2,"width":15.5599},{"bases":[[[0.974645,-0.0686469,0.212966],[-0.0108479,0.936161,0.351405],[-0.223493,-0.344805,0.91168]],[[0.95949,-0.0891993,0.267251],[0.270449,0.