{"frames":44,"data":[{"currentFrameRate":57.6634,"devices":[],"gestures":[{"direction":[0.909288,0.0541952,-0.412623],"duration":34646,"handIds":[52],"id":6,"pointableIds":[521],"position":[40.1456,246.69,-75.5693],"speed":261.11,"startPosition":[-131.444,236.018,4.0958],"state":"update","type":"swipe"}],"hands":[{"armBasis":[[0.989341,0.12569,-0.0735241],[-0.056835,0.798184,0.599726],[0.134065,-0.589155,0.79682]],"armWidth":54.6881,"confidence":1,"direction":[-0.142948,0.533508,-0.833628],"elbow":[124.324,68.9911,249.881],"grabAngle":2.81448,"grabStrength":0,"id":52,"palmNormal":[0.0664125,-0.835209,-0.545908],"palmPosition":[77.0733,239.481,6.00166],"palmVelocity":[1230.83,128.513,-103.23],"palmWidth":79.3954,"pinchDistance":44.8433,"pinchStrength":0.547042,"r":[[0.731252,0.500279,-0.463671],[-0.59567,0.799555,-0.0767447],[0.332336,0.332314,0.882678]],"s":0.979084,"sphereCenter":[70.7014,216.6,-25.1525],"sphereRadius":37.024,"stabilizedPalmPosition":[70.9621,238.83,6.99904],"t":[-53.3403,82.1351,-81.7853],"timeVisible":8.32514,"type":"right","wrist":[92.7388,207.793,62.1543]}],"id":28104,"interactionBox":{"center":[0,200,0],"size":[235.247,235.247,147.751]},"pointables":[{"bases":[[[0.949479,0.221083,-0.222736],[-0.111177,0.900663,0.420054],[0.293477,-0.374069,0.87974]],[[0.96106,0.205037,-0.185266],[-0.170359,0.967476,0.186995],[0.217581,-0.148152,0.964733]],[[0.96106,0.205037,-0.185266],[-0.236333,0.957299,-0.166507],[0.143215,0.203808,0.968479]],[[0.96106,0.205037,-0.185266],[-0.259256,0.901067,-0.347656],[0.0956544,0.38215,0.919136]]],"btipPosition":[39.8219,245.397,-78.679],"carpPosition":[71.0969,225.767,47.1535],"dipPosition":[41.229,251.019,-65.1587],"direction":[-0.143215,-0.203808,-0.968479],"extended":true,"handId":52,"id":521,"length":50.6302,"mcpPosition":[52.2572,249.78,-9.32124],"pipPosition":[44.2092,255.26,-45.0051],"stabilizedTipPosition":[28.6395,246.626,-72.8755],"timeVisible":8.32514,"tipPosition":[41.3204,249.119,-76.2825],"tipVelocity":[1579.03,-33.8161,-215.02],"tool":false,"touchDistance":-1,"touchZone":"touching","type":1,"width":16.4795},{"bases":[[[0.310072,0.904818,0.291821],[-0.768646,0.0579485,0.637044],[0.559498,-0.421837,0.713453]],[[0.15913,0.981903,0.102686],[-0.958219,0.128572,0.255509],[0.237682,-0.139055,0.961338]],[[0.15913,0.981903,0.102686],[-0.985711,0.163839,-0.0391287],[-0.0552445,-0.0949917,0.993944]],[[0.15913,0.981903,0.102686],[-0.923618,0.184804,-0.335823],[-0.348722,-0.0414026,0.936311]]],"btipPosition":[64.9106,215.276,-43.7017],"carpPosition":[66.6151,205.596,46.2138],"dipPosition":[57.8841,214.442,-24.8357],"direction":[0.0552445,0.0949917,-0.993944],"extended":false,"handId":52,"id":520,"length":44.8695,"mcpPosition":[66.6151,205.596,46.2138],"pipPosition":[56.2624,211.653,4.34108],"stabilizedTipPosition":[55.503,214.381,-37.8812],"timeVisible":8.32514,"tipPosition":[64.952,215.099,-37.7927],"tipVelocity":[1340.93,133.689,-158.059],"tool":false,"touchDistance":-0.986625,"touchZone":"touching","type":0,"width":17.2524},{"bases":[[[0.985348,0.0117102,-0.170156],[0.0574145,0.916642,0.395563],[0.160604,-0.399537,0.902539]],[[0.989993,-0.00111472,-0.141111],[-0.110492,0.615887,-0.780048],[0.0877778,0.787833,0.609601]],[[0.989993,-0.00111472,-0.141111],[-0.0964043,-0.735588,-0.670535],[-0.103052,0.677429,-0.728334]],[[0.989993,-0.00111472,-0.141111],[-0.00905669,-0.998409,-0.0556522],[-0.140824,0.0563733,-0.988428]]],"btipPosition":[72.2541,203.779,-1.46084],"carpPosition":[80.8726,229.647,44.9579],"dipPosition":[69.9757,204.691,-17.4525],"direction":[0.103052,-0.677429,0.728334],"extended":false,"handId":52,"id":522,"length":57.689,"mcpPosition":[71.0954,253.969,-9.98657],"pipPosition":[67.4528,221.276,-35.2838],"stabilizedTipPosition":[63.7143,203.005,-3.38442],"timeVisible":8.32514,"tipPosition":[72.8316,204.261,-1.07063],"tipVelocity":[1186.73,149.171,-95.2238],"tool":false,"touchDistance":0.333333,"touchZone":"none","type":2,"width":16.1851},{"bases":[[[0.991091,-0.116346,-0.0648168],[0.132757,0.901933,0.410965],[0.0106461,-0.415909,0.909344]],[[0.991111,-0.124402,-0.047144],[0.0413957,0.625164,-0.779395],[0.126431,0.770516,0.624756]],[[0.991111,-0.124402,-0.047144],[-0.12252,-0.715453,-0.687835],[0.0518387,0.687497,-0.724335]],[[0.991111,-0.124402,-0.047144],[-0.127426,-0.989533,-0.0677291],[-0.0382249,0.0731344,-0.996589]]],"btipPosition":[85.2467,206.298,2.37871],"carpPosition":[91.3135,230.778,42.8075],"dipPosition":[84.6318,207.474,-13.6524],"direction":[-0.0518387,-0.687497,0.724335],"extended":false,"handId":52,"id":523,"length":55.4695,"mcpPosition":[90.7316,253.51,-6.89537],"pipPosition":[85.8682,223.871,-30.9277],"stabilizedTipPosition":[78.7783,205.907,-0.435331],"timeVisible":8.32514,"tipPosition":[85.4571,207.071,2.90085],"tipVelocity":[1193.89,122.898,-46.1993],"tool":false,"touchDistance":0.333333,"touchZone":"none","type":3,"width":15.4011},{"bases":[[[0.950012,-0.311117,-0.0261408],[0.285707,0.832546,0.474594],[-0.125891,-0.458338,0.879817]],[[0.946138,-0.323759,-0.00163225],[0.22158,0.651196,-0.725842],[0.23606,0.686385,0.68786]],[[0.946138,-0.323759,-0.00163225],[-0.211891,-0.615393,-0.759206],[0.244795,0.71866,-0.650848]],[[0.946138,-0.323759,-0.00163225],[-0.319051,-0.9315,-0.174682],[0.0550343,0.165794,-0.984624]]],"btipPosition":[96.5226,213.358,0.19425],"carpPosition":[102.278,225.625,40.0783],"dipPosition":[97.3393,215.818,-14.4175],"direction":[-0.244795,-0.71866,0.650848],"extended":false,"handId":52,"id":524,"length":43.4871,"mcpPosition":[108.648,248.815,-4.43713],"pipPosition":[101.461,227.92,-25.3772],"stabilizedTipPosition":[91.8102,213.506,-2.78345],"timeVisible":8.32514,"tipPosition":[97.6714,214.173,0.55186],"tipVelocity":[1210.22,96.7366,-20.028],"tool":false,"touchDistance":0.333333,"touchZone":"none","type":4,"width":13.6805}],"r":[[0.731252,0.500279,-0.463671],[-0.59567,0.799555,-0.0767447],[0.332336,0.332314,0.882678]],"s":0.979084,"t":[-53.3403,82.1351,-81.7853],"timestamp":1130733061777},{"currentFrameRate":57.659,"devices":[],"gestures":[{"direction":[0.935449,0.0385325,-0.351354],"duration":52004,"handIds":[52],"id":6,"pointableIds":[521],"position":[66.5738,245.435,-76.234],"speed":265.485,"startPosition":[-131.444,236.018,4.0958],"state":"update","type":"swipe"}],"hands":[{"armBasis":[[0.996318,0.0741864,-0.0429651],[-0.0331078,0.795244,0.605385],[0.0790791,-0.601733,0.794773]],"armWidth":54.6881,"confidence":1,"direction":[-0.0838887,0.519299,-0.850465],"elbow":[129.651,67.9627,250.936],"grabAngle":2.8394,"grabStrength":0,"id":52,"palmNormal":[0.0416271,-0.850902,-0.523672],"palmPosition":[99.0647,241.039,6.45253],"palmVelocity":[1266.93,89.7356,25.9749],"palmWidth":79.3954,"pinchDistance":44.0728,"pinchStrength":0.541489,"r":[[0.764408,0.482106,-0.428082],[-0.573647,0.811648,-0.110257],[0.294296,0.32985,0.896989]],"s":0.969555,"sphereCenter":[94.6275,217.239,-24.4377],"sphereRadius":36.7326,"stabilizedPalmPosition":[95.26,240.74,6.52652],"t":[-32.2748,83.9364,-83.213],"timeVisible":8.34249,"type":"right","wrist":[111.02,209.728,63.6921]}],"id":28105,"interactionBox":{"center":[0,200,0],"size":[235.247,235.247,147.751]},"pointables":[{"bases":[[[0.967386,0.165398,-0.191852],[-0.0782312,0.915452,0.39475],[0.240922,-0.366867,0.898535]],[[0.978456,0.14639,-0.145579],[-0.127588,0.983129,0.131068],[0.16231,-0.10967,0.980626]],[[0.978456,0.14639,-0.145579],[-0.179379,0.951897,-0.248426],[0.102209,0.269188,0.957649]],[[0.978456,0.14639,-0.145579],[-0.196924,0.873533,-0.445152],[0.0620026,0.46423,0.883542]]],"btipPosition":[66.364,243.864,-79.2233],"carpPosition":[90.8726,228.687,47.6546],"dipPosition":[67.2761,250.693,-66.2265],"direction":[-0.102209,-0.269188,-0.957649],"extended":true,"handId":52,"id":521,"length":50.6302,"mcpPosition":[75.4066,252.238,-10.0266],"pipPosition":[69.403,256.295,-46.2984],"stabilizedTipPosition":[59.8366,245.647,-75.6376],"timeVisible":8.34249,"tipPosition":[66.84,249.634,-77.1373],"tipVelocity":[1522.54,-72.3143,-38.2949],"tool":false,"touchDistance":-1,"touchZone":"touching","type":1,"width":16.4795},{"bases":[[[0.347027,0.894325,0.282408],[-0.787135,0.114025,0.60615],[0.509894,-0.432643,0.743524]],[[0.210759,0.973331,0.0905902],[-0.959213,0.188058,0.211058],[0.188393,-0.131378,0.973267]],[[0.210759,0.973331,0.0905902],[-0.972271,0.218328,-0.0837974],[-0.101341,-0.0704171,0.992356]],[[0.210759,0.973331,0.0905902],[-0.895332,0.229402,-0.38178],[-0.39238,-0.000644814,0.919803]]],"btipPosition":[88.0346,216.565,-43.0449],"carpPosition":[85.3594,208.763,47.0109],"dipPosition":[80.1284,216.552,-24.5116],"direction":[0.101341,0.0704171,-0.992356],"extended":false,"handId":52,"id":520,"length":44.8695,"mcpPosition":[85.3594,208.763,47.0109],"pipPosition":[77.1536,214.485,4.61857],"stabilizedTipPosition":[81.5868,216.233,-38.6465],"timeVisible":8.34249,"tipPosition":[87.2205,216.253,-37.2589],"tipVelocity":[1320.52,85.1499,33.4261],"tool":false,"touchDistance":-0.907593,"touchZone":"touching","type":0,"width":17.2524},{"bases":[[[0.990109,-0.04419,-0.133159],[0.0917516,0.921958,0.376263],[0.10614,-0.384759,0.916894]],[[0.993326,-0.0582204,-0.0995645],[-0.0453023,0.596922,-0.801019],[0.106068,0.800184,0.590301]],[[0.993326,-0.0582204,-0.0995645],[-0.109253,-0.751635,-0.650468],[-0.0369656,0.657005,-0.752979]],[[0.993326,-0.0582204,-0.0995645],[-0.0610901,-0.997793,-0.0260187],[-0.09783,0.0319274,-0.994691]]],"btipPosition":[92.5392,205.609,-0.0470055],"carpPosition":[100.915,231.994,45.74],"dipPosition":[90.9564,206.126,-16.14],"direction":[0.0369656,-0.657005,0.752979],"extended":false,"handId":52,"id":522,"length":57.689,"mcpPosition":[94.453,255.417,-10.0783],"pipPosition":[90.0514,222.211,-34.5747],"stabilizedTipPosition":[87.4339,205.275,-3.68777],"timeVisible":8.34249,"tipPosition":[93.1889,205.92,-0.0479502],"tipVelocity":[1177.85,100.218,80.1089],"tool":false,"touchDistance":0.333333,"touchZone":"none","type":2,"width":16.1851},{"bases":[[[0.985184,-0.169703,-0.0247617],[0.165593,0.90371,0.394825],[-0.0446258,-0.393076,0.918423]],[[0.984622,-0.174098,-0.0144682],[0.0943361,0.599571,-0.794743],[0.147038,0.781156,0.606774]],[[0.984622,-0.174098,-0.0144682],[-0.139436,-0.73329,-0.665465],[0.105247,0.657249,-0.746289]],[[0.984622,-0.174098,-0.0144682],[-0.174544,-0.983847,-0.0397297],[-0.0073176,0.0416441,-0.999106]]],"btipPosition":[105.863,207.613,4.28963],"carpPosition":[111.472,232.522,43.9588],"dipPosition":[105.745,208.283,-11.7819],"direction":[-0.105247,-0.657249,0.746289],"extended":false,"handId":52,"id":523,"length":55.4695,"mcpPosition":[113.911,254.007,-6.24024],"pipPosition":[108.255,223.958,-29.5809],"stabilizedTipPosition":[101.998,207.503,0.447277],"timeVisible":8.34249,"tipPosition":[105.817,208.154,4.29319],"tipVelocity":[1194.29,69.0523,109.553],"tool":false,"touchDistance":0.333333,"touchZone":"none","type":3,"width":15.4011},{"bases":[[[0.932404,-0.361028,0.0168082],[0.312211,0.828012,0.465746],[-0.182065,-0.429016,0.884759]],[[0.928735,-0.3692,0.0337963],[0.274056,0.622275,-0.733258],[0.249688,0.690265,0.67911]],[[0.928735,-0.3692,0.0337963],[-0.223024,-0.629181,-0.744575],[0.296161,0.683975,-0.666683]],[[0.928735,-0.3692,0.0337963],[-0.359967,-0.919803,-0.156163],[0.0887414,0.132869,-0.987153]]],"btipPosition":[117.545,213.939,2.20007],"carpPosition":[122.239,226.735,41.7636],"dipPosition":[118.862,215.911,-12.4493],"direction":[-0.296161,-0.683975,0.666683],"extended":false,"handId":52,"id":524,"length":43.4871,"mcpPosition":[131.45,248.442,-3.00185],"pipPosition":[123.849,227.428,-23.6756],"stabilizedTipPosition":[114.798,214.289,-1.35835],"timeVisible":8.34249,"tipPosition":[118.456,214.554,2.28983],"tipVelocity":[1217.75,27.0216,115.059],"tool":false,"touchDistance":0.333333,"touchZone":"none","type":4,"width":13.6805}],"r":[[0.764408,0.482106,-0.428082],[-0.573647,0.811648,-0.110257],[0.294296,0.32985,0.896989]],"s":0.969555,"t":[-32.2748,83.9364,-83.213],"timestamp":1130733079135},{"currentFrameRate":57.6525,"devices":[],"gestures":[{"direction":[0.956589,0.0290883,-0.289985],"duration":69371,"handIds":[52],"id":6,"pointableIds":[521],"position":[93.2931,245.209,-75.2698],"speed":272.941,"startPosition":[-131.444,236.018,4.0958],"state":"update","type":"swipe"}],"hands":[{"armBasis":[[0.998709,0.0492111,0.0125637],[-0.0463408,0.781667,0.621972],[0.0207873,-0.621751,0.782939]],"armWidth":54.6881,"confidence":1,"direction":[-0.0496127,0.499341,-0.864984],"elbow":[135.994,67.3566,250.952],"grabAngle":2.85913,"grabStrength":0,"id":52,"palmNormal":[0.0541284,-0.863433,-0.501551],"palmPosition":[121.664,244.229,8.3797],"palmVelocity":[1301.31,183.707,110.967],"palmWidth":79.3954,"pinchDistance":43.0257,"pinchStrength":0.524431,"r":[[0.792832,0.464133,-0.394967],[-0.552428,0.821005,-0.14413],[0.257374,0.332462,0.907319]],"s":0.961877,"sphereCenter":[119.812,219.361,-22.0284],"sphereRadius":36.6161,"stabilizedPalmPosition":[119.204,243.904,8.20703],"t":[-10.4422,86.4323,-82.9632],"timeVisible":8.35986,"type":"right","wrist":[131.097,213.838,66.4959]}],"id":28106,"interactionBox":{"center":[0,200,0],"size":[235.247,235.247,147.751]},"pointables":[{"bases":[[[0.974813,0.154526,-0.160817],[-0.0856241,0.925116,0.369905],[0.205934,-0.346818,0.915046]],[[0.98622,0.131446,-0.100455],[-0.123498,0.988981,0.0816443],[0.11008,-0.0681132,0.991586]],[[0.98622,0.131446,-0.100455],[-0.156517,0.938032,-0.30919],[0.0535884,0.320652,0.94568]],[[0.98622,0.131446,-0.100455],[-0.164359,0.847704,-0.504365],[0.0188593,0.513926,0.857627]]],"btipPosition":[93.2293,243.471,-78.1714],"carpPosition":[111.913,232.92,49.5415],"dipPosition":[93.5067,251.03,-65.5559],"direction":[-0.0535884,-0.320652,-0.94568],"extended":true,"handId":52,"id":521,"length":50.6302,"mcpPosition":[98.6935,255.184,-9.19965],"pipPosition":[94.6218,257.703,-45.8768],"stabilizedTipPosition":[89.2301,245.263,-75.3145],"timeVisible":8.35986,"tipPosition":[92.6087,250.33,-76.3469],"tipVelocity":[1538.51,-12.9906,55.5177],"tool":false,"touchDistance":-0.965693,"touchZone":"touching","type":1,"width":16.4795},{"bases":[[[0.343216,0.898569,0.273453],[-0.807466,0.133558,0.574596],[0.479792,-0.418015,0.771403]],[[0.221668,0.971346,0.0857278],[-0.963312,0.204494,0.173815],[0.151304,-0.121112,0.98104]],[[0.221668,0.971346,0.0857278],[-0.964861,0.231207,-0.124849],[-0.141092,-0.0550404,0.988465]],[[0.221668,0.971346,0.0857278],[-0.874796,0.236932,-0.422605],[-0.430807,0.0186836,0.902251]]],"btipPosition":[112.513,219.536,-40.7547],"carpPosition":[106.282,213.021,49.1717],"dipPosition":[103.833,219.912,-22.5751],"direction":[0.141092,0.0550404,-0.988465],"extended":false,"handId":52,"id":520,"length":44.8695,"mcpPosition":[106.282,213.021,49.1717],"pipPosition":[99.6912,218.296,6.44088],"stabilizedTipPosition":[107.499,219.269,-36.7897],"timeVisible":8.35986,"tipPosition":[111.171,218.548,-35.2135],"tipVelocity":[1399.25,176.208,127.187],"tool":false,"touchDistance":-0.812034,"touchZone":"touching","type":0,"width":17.2524},{"bases":[[[0.993891,-0.0537402,-0.0963998],[0.0849543,0.930083,0.357392],[0.0704536,-0.363398,0.928966]],[[0.996309,-0.0748623,-0.0420059],[0.00782785,0.566533,-0.824002],[0.0854844,0.820632,0.565027]],[[0.996309,-0.0748623,-0.0420059],[-0.0846512,-0.775593,-0.625531],[0.0142492,0.626778,-0.779068]],[[0.996309,-0.0748623,-0.0420059],[-0.0745555,-0.997178,0.0088257],[-0.0425481,-0.00566135,-0.999078]]],"btipPosition":[114.544,208.929,3.14791],"carpPosition":[122.041,236.115,47.9113],"dipPosition":[113.856,208.838,-13.0161],"direction":[-0.0142492,-0.626778,0.779068],"extended":false,"handId":52,"id":522,"length":57.689,"mcpPosition":[117.752,258.237,-8.64192],"pipPosition":[114.205,224.183,-32.0894],"stabilizedTipPosition":[111.176,208.476,-0.941195],"timeVisible":8.35986,"tipPosition":[115.695,208.998,2.33983],"tipVelocity":[1278.91,183.115,183.025],"tool":false,"touchDistance":0.333333,"touchZone":"none","type":2,"width":16.1851},{"bases":[[[0.984175,-0.176591,0.0146903],[0.157949,0.911808,0.379022],[-0.0803267,-0.370704,0.925271]],[[0.982408,-0.183835,0.0328522],[0.133493,0.568288,-0.811928],[0.130591,0.802031,0.582832]],[[0.982408,-0.183835,0.0328522],[-0.121069,-0.760907,-0.637466],[0.142186,0.622275,-0.769778]],[[0.982408,-0.183835,0.0328522],[-0.183685,-0.982956,-0.00753265],[0.0336771,0.00136566,-0.999432]]],"btipPosition":[128.094,211.079,7.94173],"carpPosition":[132.659,236.532,46.4988],"dipPosition":[128.635,211.101,-8.13507],"direction":[-0.142186,-0.622275,0.769778],"extended":false,"handId":52,"id":523,"length":55.4695,"mcpPosition":[137.05,256.794,-4.07458],"pipPosition":[132.027,225.943,-26.4942],"stabilizedTipPosition":[125.519,210.716,3.85318],"timeVisible":8.35986,"tipPosition":[128.248,211.251,7.0952],"tipVelocity":[1288.8,191.013,210.22],"tool":false,"touchDistance":0.333333,"touchZone":"none","type":3,"width":15.4011},{"bases":[[[0.928546,-0.366523,0.0588529],[0.30138,0.836885,0.45694],[-0.216732,-0.406552,0.887549]],[[0.92395,-0.374709,0.0768771],[0.303617,0.596166,-0.743238],[0.232666,0.710056,0.664595]],[[0.92395,-0.374709,0.0768771],[-0.207317,-0.65945,-0.722596],[0.32146,0.651704,-0.686983]],[[0.92395,-0.374709,0.0768771],[-0.363061,-0.922345,-0.13216],[0.120429,0.0941979,-0.988243]]],"btipPosition":[140.138,217.207,5.92475],"carpPosition":[143.455,230.625,44.8296],"dipPosition":[141.925,218.605,-8.74075],"direction":[-0.32146,-0.651704,0.686983],"extended":false,"handId":52,"id":524,"length":43.4871,"mcpPosition":[154.421,251.195,-0.0770314],"pipPosition":[147.338,229.579,-20.3089],"stabilizedTipPosition":[138.353,217.253,2.2182],"timeVisible":8.35986,"tipPosition":[140.983,217.529,5.44015],"tipVelocity":[1307.11,180.584,214.255],"tool":false,"touchDistance":0.333333,"touchZone":"none","type":4,"width":13.6805}],"r":[[0.792832,0.464133,-0.394967],[-0.552428,0.821005,-0.14413],[0.257374,0.332462,0.907319]],"s":0.961877,"t":[-10.4422,86.4323,-82.9632],"timestamp":1130733096502},{"currentFrameRate":57.6705,"devices":[],"gestures":[{"direction":[0.97358,0.0301643,-0.226345],"duration":86651,"handIds":[52],"id":6,"pointableIds":[521],"position":[120.263,247.362,-72.2419],"speed":284.376,"startPosition":[-131.444,236.018,4.0958],"state":"update","type":"swipe"}],"hands":[{"armBasis":[[0.997519,0.0309787,0.063212],[-0.0640081,0.772886,0.631308],[-0.0292986,-0.633788,0.772952]],"armWidth":54.6881,"confidence":1,"direction":[0.00144305,0.493694,-0.869634],"elbow":[142.728,66.9445,253.517],"grabAngle":2.86175,"grabStrength":0,"id":52,"palmNormal":[0.0646805,-0.86786,-0.49258],"palmPosition":[143.596,246.548,12.8224],"palmVelocity":[1269.16,134.171,257.103],"palmWidth":79.3954,"pinchDistance":42.317,"pinchStrength":0.516859,"r":[[0.819227,0.446432,-0.359951],[-0.529771,0.829474,-0.176964],[0.219567,0.335665,0.916034]],"s":0.956353,"sphereCenter":[144.024,221.263,-17.4689],"sphereRadius":36.6746,"stabilizedPalmPosition":[141.824,246.356,12.4873],"t":[11.4397,88.8395,-80.617],"timeVisible":8.37714,"type":"right","wrist":[149.63,216.261,71.4134]}],"id":28107,"interactionBox":{"center":[0,200,0],"size":[235.247,235.247,147.751]},"pointables":[{"bases":[[[0.983981,0.137641,-0.1133],[-0.0886083,0.929071,0.359133],[0.154695,-0.34334,0.926384]],[[0.993206,0.109715,-0.0387784],[-0.107121,0.992209,0.0636084],[0.0454551,-0.0590223,0.997221]],[[0.993206,0.109715,-0.0387784],[-0.116363,0.939004,-0.323622],[0.000906967,0.325935,0.945392]],[[0.993206,0.109715,-0.0387784],[-0.114111,0.852995,-0.509291],[-0.022799,0.510256,0.85972]]],"btipPosition":[120.341,245.635,-75.1505],"carpPosition":[131.636,235.7,53.5235],"dipPosition":[120.005,253.141,-62.5042],"direction":[-0.000906967,-0.325935,-0.945392],"extended":true,"handId":52,"id":521,"length":50.6302,"mcpPosition":[121.705,257.74,-5.94556],"pipPosition":[120.024,259.924,-42.8312],"stabilizedTipPosition":[117.592,247.181,-72.5064],"timeVisible":8.37714,"tipPosition":[118.946,252.212,-73.2222],"tipVelocity":[1560.79,124.545,175.229],"tool":false,"touchDistance":-0.852038,"touchZone":"touching","type":1,"width":16.4795},{"bases":[[[0.343984,0.894922,0.284236],[-0.832597,0.150752,0.532969],[0.434117,-0.419987,0.796965]],[[0.238602,0.966006,0.099503],[-0.965635,0.225133,0.129866],[0.10305,-0.12707,0.986526]],[[0.238602,0.966006,0.099503],[-0.951568,0.253024,-0.174636],[-0.193876,-0.0530154,0.979592]],[[0.238602,0.966006,0.099503],[-0.845964,0.257073,-0.46718],[-0.476879,0.0272941,0.878545]]],"btipPosition":[136.515,222.433,-36.422],"carpPosition":[125.703,215.892,53.0054],"dipPosition":[126.906,222.983,-18.7199],"direction":[0.193876,0.0530154,-0.979592],"extended":false,"handId":52,"id":520,"length":44.8695,"mcpPosition":[125.703,215.892,53.0054],"pipPosition":[121.215,221.427,10.0355],"stabilizedTipPosition":[132.201,222.301,-32.6988],"timeVisible":8.37714,"tipPosition":[134.824,220.81,-31.1318],"tipVelocity":[1376.61,169.992,244.381],"tool":false,"touchDistance":-0.69582,"touchZone":"touching","type":0,"width":17.2524},{"bases":[[[0.996426,-0.0704248,-0.0466524],[0.0824388,0.931202,0.355059],[0.0184378,-0.357636,0.933679]],[[0.995738,-0.0917434,0.00941872],[0.0591715,0.557184,-0.828278],[0.0707411,0.825305,0.560238]],[[0.995738,-0.0917434,0.00941872],[-0.0661312,-0.781454,-0.620449],[0.0642824,0.617182,-0.78419]],[[0.995738,-0.0917434,0.00941872],[-0.091881,-0.995651,0.0153945],[0.00796541,-0.0161943,-0.999837]]],"btipPosition":[136.123,211.395,7.66259],"carpPosition":[141.883,238.719,52.3765],"dipPosition":[136.251,211.133,-8.5137],"direction":[-0.0642824,-0.617182,0.78419],"extended":false,"handId":52,"id":522,"length":57.689,"mcpPosition":[140.761,260.491,-4.46365],"pipPosition":[137.825,226.243,-27.7124],"stabilizedTipPosition":[133.852,211.071,3.49224],"timeVisible":8.37714,"tipPosition":[137.338,211.373,6.68882],"tipVelocity":[1259.62,140.4,261.103],"tool":false,"touchDistance":0.333333,"touchZone":"none","type":2,"width":16.1851},{"bases":[[[0.97921,-0.192283,0.0646224],[0.153964,0.911915,0.380402],[-0.132075,-0.362543,0.922561]],[[0.973182,-0.20655,0.101265],[0.201216,0.550986,-0.809893],[0.111488,0.808549,0.57777]],[[0.973182,-0.20655,0.101265],[-0.0982273,-0.771182,-0.628991],[0.208012,0.602175,-0.770789]],[[0.973182,-0.20655,0.101265],[-0.207249,-0.978281,-0.00368197],[0.0998261,-0.0174039,-0.994853]]],"btipPosition":[148.927,213.587,13.2256],"carpPosition":[152.564,238.956,51.4894],"dipPosition":[150.533,213.307,-2.77751],"direction":[-0.208012,-0.602175,0.770789],"extended":false,"handId":52,"id":523,"length":55.4695,"mcpPosition":[159.783,258.771,1.06416],"pipPosition":[155.494,227.669,-21.1608],"stabilizedTipPosition":[147.275,213.284,9.06107],"timeVisible":8.37714,"tipPosition":[149.676,213.462,11.9769],"tipVelocity":[1219.81,141.117,306.762],"tool":false,"touchDistance":0.333333,"touchZone":"none","type":3,"width":15.4011},{"bases":[[[0.918352,-0.380965,0.107217],[0.292115,0.835271,0.465824],[-0.267017,-0.39647,0.878358]],[[0.908982,-0.393917,0.136317],[0.360379,0.578314,-0.731902],[0.209474,0.714411,0.667636]],[[0.908982,-0.393917,0.136317],[-0.182895,-0.670771,-0.71876],[0.374569,0.628408,-0.681764]],[[0.908982,-0.393917,0.136317],[-0.376857,-0.916366,-0.135098],[0.178134,0.0714299,-0.98141]]],"btipPosition":[161.512,219.533,11.6746],"carpPosition":[163.33,232.864,50.3963],"dipPosition":[164.156,220.593,-2.88954],"direction":[-0.374569,-0.628408,0.681764],"extended":false,"handId":52,"id":524,"length":43.4871,"mcpPosition":[176.84,252.924,5.95462],"pipPosition":[170.463,231.175,-14.3698],"stabilizedTipPosition":[160.371,219.591,7.87545],"timeVisible":8.37714,"tipPosition":[162.583,219.525,10.9506],"tipVelocity":[1248.36,130.106,334.094],"tool":false,"touchDistance":0.333333,"touchZone":"none","type":4,"width":13.6805}],"r":[[0.819227,0.446432,-0.359951],[-0.529771,0.829474,-0.176964],[0.219567,0.335665,0.916034]],"s":0.956353,"t":[11.4397,88.8395,-80.617],"timestamp":1130733113782},{"currentFrameRate":57.6755,"devices":[],"gestures":[{"direction":[0.986488,0.0290766,-0.16123],"duration":103973,"handIds":[52],"id":6,"pointableIds":[521],"position":[147.072,248.933,-67.3099],"speed":296.864,"startPosition":[-131.444,236.018,4.0958],"state":"update","type":"swipe"}],"hands":[{"armBasis":[[0.985265,0.0746059,0.153906],[-0.15599,0.761011,0.629706],[-0.070144,-0.644435,0.761435]],"armWidth":54.6881,"confidence":1,"direction":[0.0297605,0.480797,-0.876327],"elbow":[150.762,67.3644,258.366],"grabAngle":2.85355,"grabStrength":0,"id":52,"palmNormal":[0.153125,-0.86856,-0.471335],"palmPosition":[163.644,248.431,19.7312],"palmVelocity":[1157.39,108.698,398.842],"palmWidth":79.3954,"pinchDistance":42.0265,"pinchStrength":0.501121,"r":[[0.837711,0.44166,-0.321211],[-0.518234,0.828426,-0.212471],[0.17226,0.344451,0.922865]],"s":0.956937,"sphereCenter":[169.796,222.866,-9.93876],"sphereRadius":37.136,"stabilizedPalmPosition":[162.066,248.281,19.2073],"t":[32.4048,90.9845,-75.9895],"timeVisible":8.39446,"type":"right","wrist":[167.288,219.19,78.9759]}],"id":28108,"interactionBox":{"center":[0,200,0],"size":[235.247,235.247,147.751]},"pointables":[{"bases":[[[0.978733,0.199181,-0.0490785],[-0.17168,0.926267,0.335494],[0.112284,-0.319933,0.940763]],[[0.98507,0.165818,0.0462769],[-0.168337,0.984068,0.0572078],[-0.0360536,-0.0641438,0.997289]],[[0.98507,0.165818,0.0462769],[-0.143789,0.940297,-0.308489],[-0.094667,0.297229,0.950101]],[[0.98507,0.165818,0.0462769],[-0.124912,0.873421,-0.470672],[-0.118465,0.457865,0.881094]]],"btipPosition":[147.472,247.384,-70.2908],"carpPosition":[149.634,237.394,59.7212],"dipPosition":[145.73,254.119,-57.3301],"direction":[0.094667,-0.297229,-0.950101],"extended":true,"handId":52,"id":521,"length":50.6302,"mcpPosition":[142.426,257.932,-0.670913],"pipPosition":[143.76,260.304,-37.559],"stabilizedTipPosition":[145.166,248.82,-67.6457],"timeVisible":8.39446,"tipPosition":[145.009,250.954,-67.7847],"tipVelocity":[1547.64,90.7125,284.727],"tool":false,"touchDistance":-0.721187,"touchZone":"touching","type":1,"width":16.4795},{"bases":[[[0.26632,0.919034,0.290602],[-0.875036,0.10409,0.472734],[0.40421,-0.380185,0.83191]],[[0.173922,0.978998,0.106369],[-0.983325,0.166825,0.0723908],[0.0531254,-0.117185,0.991688]],[[0.173922,0.978998,0.106369],[-0.953691,0.194367,-0.229554],[-0.245407,-0.0615184,0.967466]],[[0.173922,0.978998,0.106369],[-0.832477,0.203868,-0.515189],[-0.526054,0.0010531,0.850451]]],"btipPosition":[160.507,224.128,-29.5686],"carpPosition":[145.018,217.24,59.1616],"dipPosition":[149.907,224.15,-12.4326],"direction":[0.245407,0.0615184,-0.967466],"extended":false,"handId":52,"id":520,"length":44.8695,"mcpPosition":[145.018,217.24,59.1616],"pipPosition":[142.704,222.344,15.9669],"stabilizedTipPosition":[156.283,224.007,-26.1155],"timeVisible":8.39446,"tipPosition":[159.435,221.784,-24.3532],"tipVelocity":[1371.93,90.847,388.131],"tool":false,"touchDistance":-0.553724,"touchZone":"touching","type":0,"width":17.2524},{"bases":[[[0.999735,-0.00671839,0.0220037],[-0.00123528,0.939357,0.342939],[-0.0229733,-0.342876,0.9391]],[[0.996559,-0.0272665,0.0782762],[0.0804628,0.545045,-0.834537],[-0.0199091,0.837964,0.545363]],[[0.996559,-0.0272665,0.0782762],[0.0253603,-0.798765,-0.601109],[0.0789144,0.601025,-0.795325]],[[0.996559,-0.0272665,0.0782762],[-0.0302609,-0.998845,0.037326],[0.0771681,-0.0395662,-0.996233]]],"btipPosition":[158.769,213.076,15.002],"carpPosition":[159.724,241.051,59.2143],"dipPosition":[160.017,212.436,-1.11599],"direction":[-0.0789144,-0.601025,0.795325],"extended":false,"handId":52,"id":522,"length":57.689,"mcpPosition":[161.123,261.924,2.04415],"pipPosition":[161.949,227.15,-20.5873],"stabilizedTipPosition":[156.926,212.772,10.6356],"timeVisible":8.39446,"tipPosition":[160.037,212.847,13.7635],"tipVelocity":[1322.22,92.0493,424.478],"tool":false,"touchDistance":0.333333,"touchZone":"none","type":2,"width":16.1851},{"bases":[[[0.982687,-0.127896,0.134045],[0.0694627,0.925067,0.373397],[-0.171756,-0.357621,0.917936]],[[0.973098,-0.145254,0.178832],[0.229499,0.542951,-0.807796],[0.0202381,0.827107,0.561681]],[[0.973098,-0.145254,0.178832],[-0.0066447,-0.793586,-0.608422],[0.230294,0.590866,-0.773203]],[[0.973098,-0.145254,0.178832],[-0.149478,-0.988711,0.010305],[0.175317,-0.0367592,-0.983826]]],"btipPosition":[170.701,216.192,21.5343],"carpPosition":[170.404,241.963,59.0462],"dipPosition":[173.521,215.601,5.7085],"direction":[-0.230294,-0.590866,0.773203],"extended":false,"handId":52,"id":523,"length":55.4695,"mcpPosition":[179.792,261.509,8.8737],"pipPosition":[179.013,229.693,-12.7324],"stabilizedTipPosition":[169.251,215.815,17.1244],"timeVisible":8.39446,"tipPosition":[171.832,215.806,19.819],"tipVelocity":[1273.11,146.266,482.013],"tool":false,"touchDistance":0.333333,"touchZone":"none","type":3,"width":15.4011},{"bases":[[[0.931128,-0.319505,0.175834],[0.206012,0.85866,0.469321],[-0.300932,-0.400774,0.865344]],[[0.92002,-0.333342,0.206026],[0.372972,0.583556,-0.721356],[0.12023,0.740504,0.66121]],[[0.92002,-0.333342,0.206026],[-0.0960293,-0.701498,-0.706172],[0.379924,0.629907,-0.677403]],[[0.92002,-0.333342,0.206026],[-0.312121,-0.941232,-0.129084],[0.236948,0.0544547,-0.969995]]],"btipPosition":[183.236,222.882,20.6821],"carpPosition":[181.584,236.563,58.7926],"dipPosition":[186.753,223.69,6.2874],"direction":[-0.379924,-0.629907,0.677403],"extended":false,"handId":52,"id":524,"length":43.4871,"mcpPosition":[196.81,256.84,15.0094],"pipPosition":[193.15,234.297,-5.11945],"stabilizedTipPosition":[182.085,222.78,16.5853],"timeVisible":8.39446,"tipPosition":[184.378,222.676,19.5672],"tipVelocity":[1265.71,189.991,522.255],"tool":false,"touchDistance":0.333333,"touchZone":"none","type":4,"width":13.6805}],"r":[[0.837711,0.44166,-0.321211],[-0.518234,0.828426,-0.212471],[0.17226,0.344451,0.922865]],"s":0.956937,"t":[32.4048,90.9845,-75.9895],"timestamp":1130733131104},{"currentFrameRate":57.6767,"devices":[],"gestures":[{"direction":[0.99477,0.0355516,-0.0957505],"duration":121307,"handIds":[52],"id":6,"pointableIds":[521],"position":[171.006,251.979,-60.8469],"speed":310.546,"startPosition":[-131.444,236.018,4.0958],"state":"update","type":"swipe"}],"hands":[{"armBasis":[[0.97148,0.0947093,0.217384],[-0.212874,0.752191,0.623613],[-0.104452,-0.652103,0.7509]],"armWidth":54.6881,"confidence":1,"direction":[0.0737672,0.482061,-0.873026],"elbow":[157.073,66.0409,263.783],"grabAngle":2.83781,"grabStrength":0,"id":52,"palmNormal":[0.202288,-0.864446,-0.460231],"palmPosition":[181.113,248.928,27.541],"palmVelocity":[1007.81,28.6981,450.549],"palmWidth":79.3954,"pinchDistance":42.3195,"pinchStrength":0.49063,"r":[[0.852568,0.442004,-0.278855],[-0.508435,0.824949,-0.246887],[0.120916,0.352268,0.928055]],"s":0.962794,"sphereCenter":[193.132,223.685,-1.3226],"sphereRadius":38.0469,"stabilizedPalmPosition":[179.431,248.871,26.805],"t":[51.622,92.3058,-69.7709],"timeVisible":8.4118,"type":"right","wrist":[181.681,219.673,86.8746]}],"id":28109,"interactionBox":{"center":[0,200,0],"size":[235.247,235.247,147.751]},"pointables":[{"bases":[[[0.975066,0.221567,0.0124108],[-0.213586,0.921823,0.323455],[0.0602265,-0.318041,0.946162]],[[0.974985,0.180284,0.130011],[-0.190262,0.979318,0.0688203],[-0.114915,-0.091835,0.989121]],[[0.974985,0.180284,0.130011],[-0.140968,0.953771,-0.265421],[-0.171852,0.240454,0.955326]],[[0.974985,0.180284,0.130011],[-0.1125,0.904717,-0.41089],[-0.1917,0.385986,0.902367]]],"btipPosition":[171.655,250.673,-63.8998],"carpPosition":[164.874,237.541,66.5783],"dipPosition":[168.835,256.351,-50.6262],"direction":[0.171852,-0.240454,-0.955326],"extended":true,"handId":52,"id":521,"length":50.6302,"mcpPosition":[161.008,257.957,5.83965],"pipPosition":[165.259,261.354,-30.7463],"stabilizedTipPosition":[169.531,251.798,-61.2349],"timeVisible":8.4118,"tipPosition":[168.496,251.25,-60.9523],"tipVelocity":[1380.78,175.71,372.851],"tool":false,"touchDistance":0.287644,"touchZone":"touching","type":1,"width":16.4795},{"bases":[[[0.226421,0.924653,0.306187],[-0.905171,0.0836544,0.416733],[0.35972,-0.371509,0.855911]],[[0.143595,0.982981,0.114576],[-0.989589,0.14149,0.0263446],[0.00968479,-0.117167,0.993065]],[[0.143595,0.982981,0.114576],[-0.946236,0.170285,-0.275027],[-0.289857,-0.0689238,0.954585]],[[0.143595,0.982981,0.114576],[-0.812014,0.18321,-0.554136],[-0.565697,-0.0134663,0.824503]]],"btipPosition":[180.25,224.685,-22.1468],"carpPosition":[160.764,217.287,65.7423],"dipPosition":[168.851,224.414,-5.5337],"direction":[0.289857,0.0689238,-0.954585],"extended":false,"handId":52,"id":520,"length":44.8695,"mcpPosition":[160.764,217.287,65.7423],"pipPosition":[160.343,222.39,22.4877],"stabilizedTipPosition":[176.05,224.577,-18.9016],"timeVisible":8.4118,"tipPosition":[180.069,222.431,-16.8409],"tipVelocity":[1128.35,28.2258,421.224],"tool":false,"touchDistance":0.295809,"touchZone":"touching","type":0,"width":17.2524},{"bases":[[[0.996267,0.016145,0.0848023],[-0.0442901,0.938804,0.341591],[-0.0740978,-0.344072,0.936015]],[[0.990031,-0.00451598,0.140777],[0.120385,0.545978,-0.829105],[-0.0731168,0.837788,0.541079]],[[0.990031,-0.00451598,0.140777],[0.080604,-0.801477,-0.592568],[0.115506,0.598008,-0.793123]],[[0.990031,-0.00451598,0.140777],[-0.00990869,-0.999243,0.0376294],[0.1405,-0.0386492,-0.989326]]],"btipPosition":[177.334,213.593,22.692],"carpPosition":[174.89,241.429,66.7044],"dipPosition":[179.607,212.968,6.68574],"direction":[-0.115506,-0.598008,0.793123],"extended":false,"handId":52,"id":522,"length":57.689,"mcpPosition":[179.401,262.375,9.72198],"pipPosition":[182.435,227.608,-12.7317],"stabilizedTipPosition":[175.921,213.387,18.2359],"timeVisible":8.4118,"tipPosition":[178.694,213.279,21.3508],"tipVelocity":[1084.63,30.015,445.119],"tool":false,"touchDistance":0.333333,"touchZone":"none","type":2,"width":16.1851},{"bases":[[[0.974989,-0.105481,0.195627],[0.0246624,0.926112,0.376441],[-0.22088,-0.362201,0.905551]],[[0.966241,-0.118682,0.228676],[0.255927,0.544314,-0.798889],[-0.0296578,0.830444,0.556313]],[[0.966241,-0.118682,0.228676],[0.0444481,-0.797484,-0.601701],[0.253776,0.591553,-0.765286]],[[0.966241,-0.118682,0.228676],[-0.123139,-0.992375,0.00527095],[0.226307,-0.033252,-0.973488]]],"btipPosition":[189.056,216.864,30.2237],"carpPosition":[185.535,242.585,67.2073],"dipPosition":[192.696,216.329,14.5642],"direction":[-0.253776,-0.591553,0.765286],"extended":false,"handId":52,"id":523,"length":55.4695,"mcpPosition":[197.608,262.382,17.7117],"pipPosition":[198.749,230.437,-3.68784],"stabilizedTipPosition":[187.721,216.643,25.6224],"timeVisible":8.4118,"tipPosition":[190.02,216.507,28.1165],"tipVelocity":[1069.8,39.4704,503.5],"tool":false,"touchDistance":0.333333,"touchZone":"none","type":3,"width":15.4011},{"bases":[[[0.925305,-0.298254,0.234214],[0.156397,0.86277,0.4808],[-0.345473,-0.408256,0.844971]],[[0.916568,-0.308161,0.254832],[0.39416,0.588853,-0.705613],[0.0673833,0.747187,0.661189]],[[0.916568,-0.308161,0.254832],[-0.0420095,-0.707954,-0.705008],[0.397665,0.635483,-0.661834]],[[0.916568,-0.308161,0.254832],[-0.280073,-0.949576,-0.140941],[0.285415,0.05781,-0.956659]]],"btipPosition":[201.326,223.793,30.1212],"carpPosition":[196.83,237.442,67.6603],"dipPosition":[205.562,224.651,15.9244],"direction":[-0.397665,-0.635483,0.661834],"extended":false,"handId":52,"id":524,"length":43.4871,"mcpPosition":[214.31,258.098,24.9079],"pipPosition":[212.258,235.352,4.77972],"stabilizedTipPosition":[200.067,223.857,25.7214],"timeVisible":8.4118,"tipPosition":[202.398,223.664,28.65],"tipVelocity":[1053.17,53.2138,547.168],"tool":false,"touchDistance":0.333333,"touchZone":"none","type":4,"width":13.6805}],"r":[[0.852568,0.442004,-0.278855],[-0.508435,0.824949,-0.246887],[0.120916,0.352268,0.928055]],"s":0.962794,"t":[51.622,92.3058,-69.7709],"timestamp":1130733148438},{"currentFrameRate":57.6659,"devices":[],"gestures":[{"direction":[0.998763,0.043228,-0.0245561],"duration":138684,"handIds":[52],"id":6,"pointableIds":[521],"position":[190.992,254.903,-52.1205],"speed":322.754,"startPosition":[-131.444,236.018,4.0958],"state":"update","type":"swipe"}],"hands":[{"armBasis":[[0.956603,0.111081,0.26939],[-0.260003,0.742778,0.616992],[-0.131561,-0.660259,0.739426]],"armWidth":54.6881,"confidence":1,"direction":[0.11326,0.496047,-0.860877],"elbow":[162.397,63.3675,269.91],"grabAngle":2.82093,"grabStrength":0,"id":52,"palmNormal":[0.242764,-0.854007,-0.46015],"palmPosition":[195.555,248.986,36.8024],"palmVelocity":[831.096,3.3251,532.969],"palmWidth":79.3954,"pinchDistance":42.3586,"pinchStrength":0.483046,"r":[[0.863844,0.446311,-0.233625],[-0.49914,0.820976,-0.277231],[0.0680688,0.356096,0.931967]],"s":0.970411,"sphereCenter":[212.441,224.411,8.75344],"sphereRadius":38.9721,"stabilizedPalmPosition":[193.306,248.97,35.408],"t":[68.4516,92.9953,-62.0308],"timeVisible":8.42917,"type":"right","wrist":[193.392,218.921,95.7057]}],"id":28110,"interactionBox":{"center":[0,200,0],"size":[235.247,235.247,147.751]},"pointables":[{"bases":[[[0.96879,0.237933,0.0695219],[-0.247512,0.913191,0.32376],[0.0135466,-0.330863,0.943581]],[[0.961128,0.189218,0.201069],[-0.209099,0.974405,0.082537],[-0.180305,-0.121372,0.976094]],[[0.961128,0.189218,0.201069],[-0.142458,0.963675,-0.225914],[-0.236512,0.188488,0.953171]],[[0.961128,0.189218,0.201069],[-0.107655,0.92743,-0.358167],[-0.254249,0.322598,0.91175]]],"btipPosition":[191.852,253.812,-55.2052],"carpPosition":[177.391,236.75,74.7186],"dipPosition":[188.112,258.557,-41.7935],"direction":[0.236512,-0.188488,-0.953171],"extended":true,"handId":52,"id":521,"length":50.6302,"mcpPosition":[176.521,257.99,14.1455],"pipPosition":[183.191,262.479,-21.9586],"stabilizedTipPosition":[189.442,254.679,-52.7789],"timeVisible":8.42917,"tipPosition":[188.167,252.681,-52.2035],"tipVelocity":[1150.14,168.294,502.178],"tool":false,"touchDistance":0.337822,"touchZone":"hovering","type":1,"width":16.4795},{"bases":[[[0.192656,0.923767,0.330965],[-0.928148,0.0620837,0.366996],[0.318471,-0.377889,0.869354]],[[0.119199,0.983642,0.135058],[-0.992284,0.122694,-0.0178317],[-0.0341109,-0.131891,0.990677]],[[0.119199,0.983642,0.135058],[-0.935754,0.156769,-0.315891],[-0.331897,-0.0887277,0.939134]],[[0.119199,0.983642,0.135058],[-0.790918,0.176301,-0.585975],[-0.600201,-0.0369726,0.798995]]],"btipPosition":[197.017,225.538,-13.4402],"carpPosition":[173.695,216.444,73.3774],"dipPosition":[184.923,224.793,2.65891],"direction":[0.331897,0.0887277,-0.939134],"extended":false,"handId":52,"id":520,"length":44.8695,"mcpPosition":[173.695,216.444,73.3774],"pipPosition":[175.181,222.189,30.2267],"stabilizedTipPosition":[192.386,225.287,-10.6693],"timeVisible":8.42917,"tipPosition":[197.264,223.25,-8.02617],"tipVelocity":[955.722,42.831,494.238],"tool":false,"touchDistance":0.338086,"touchZone":"hovering","type":0,"width":17.2524},{"bases":[[[0.989618,0.0318587,0.140145],[-0.0798055,0.932784,0.35149],[-0.119527,-0.359026,0.925642]],[[0.982738,0.0145836,0.184428],[0.144747,0.560221,-0.815598],[-0.115215,0.828215,0.548439]],[[0.982738,0.0145836,0.184428],[0.124369,-0.790096,-0.600234],[0.136962,0.612809,-0.778271]],[[0.982738,0.0145836,0.184428],[0.0124468,-0.999841,0.0127389],[0.184584,-0.0102235,-0.982764]]],"btipPosition":[193.032,213.456,31.2972],"carpPosition":[187.313,240.806,75.4534],"dipPosition":[196.018,213.29,15.3972],"direction":[-0.136962,-0.612809,0.778271],"extended":false,"handId":52,"id":522,"length":57.689,"mcpPosition":[194.59,262.662,19.1025],"pipPosition":[199.371,228.293,-3.65668],"stabilizedTipPosition":[191.519,213.414,26.478],"timeVisible":8.42917,"tipPosition":[194.108,213.396,29.943],"tipVelocity":[912.797,-1.825,496.614],"tool":false,"touchDistance":0.333333,"touchZone":"none","type":2,"width":16.1851},{"bases":[[[0.964424,-0.0917306,0.247935],[-0.0126674,0.920756,0.389933],[-0.264057,-0.379202,0.886837]],[[0.957056,-0.101789,0.271447],[0.280887,0.557294,-0.781361],[-0.0717418,0.824052,0.561953]],[[0.957056,-0.101789,0.271447],[0.0885488,-0.788948,-0.608047],[0.27605,0.605971,-0.746054]],[[0.9570