{"frames":26,"data":[{"currentFrameRate":57.6716,"devices":[],"gestures":[{"direction":[0.895145,0.184395,-0.40585],"duration":17367,"handIds":[47],"id":4,"pointableIds":[471],"position":[-1.02999,229.82,-31.0802],"speed":231.915,"startPosition":[-142.384,199.955,37.3946],"state":"update","type":"swipe"}],"hands":[{"armBasis":[[0.963707,0.231637,-0.132718],[-0.0975196,0.768232,0.6327],[0.248515,-0.596795,0.762939]],"armWidth":52.3032,"confidence":1,"direction":[-0.250586,0.417379,-0.8735],"elbow":[114.469,71.1149,269.845],"grabAngle":2.7739,"grabStrength":0,"id":47,"palmNormal":[0.152867,-0.873908,-0.461428],"palmPosition":[38.0235,227.022,45.6952],"palmVelocity":[1310.86,230.16,-128.232],"palmWidth":75.0532,"pinchDistance":45.7916,"pinchStrength":0.566002,"r":[[0.804617,-0.370527,0.464005],[0.0796613,0.841718,0.534008],[-0.588426,-0.392709,0.706778]],"s":1.18855,"sphereCenter":[35.1516,202.907,18.2717],"sphereRadius":35.5541,"stabilizedPalmPosition":[26.5769,224.986,48.4339],"t":[227.68,-86.7814,-101.791],"timeVisible":10.3976,"type":"right","wrist":[59.1222,204.027,99.9307]}],"id":25411,"interactionBox":{"center":[0,200,0],"size":[235.247,235.247,147.751]},"pointables":[{"bases":[[[0.900304,0.315698,-0.299645],[-0.211629,0.919069,0.332452],[0.380349,-0.235894,0.894253]],[[0.931463,0.29267,-0.216149],[-0.256768,0.94968,0.179382],[0.257772,-0.111588,0.95974]],[[0.931463,0.29267,-0.216149],[-0.31691,0.944472,-0.0868423],[0.178731,0.14939,0.972491]],[[0.931463,0.29267,-0.216149],[-0.341275,0.908755,-0.240202],[0.126127,0.297505,0.946352]]],"btipPosition":[-1.43316,228.869,-34.1053],"carpPosition":[35.9235,217.726,85.9753],"dipPosition":[0.319778,233.004,-20.9527],"direction":[-0.178731,-0.14939,-0.972491],"extended":true,"handId":47,"id":471,"length":47.8368,"mcpPosition":[12.8424,232.041,31.7084],"pipPosition":[3.83387,235.941,-1.83223],"stabilizedTipPosition":[-17.1824,227.054,-26.3712],"timeVisible":10.3976,"tipPosition":[0.522204,224.966,-30.6949],"tipVelocity":[1681.49,183.849,-305.075],"tool":false,"touchDistance":-1,"touchZone":"touching","type":1,"width":15.843},{"bases":[[[0.199046,0.963351,0.179819],[-0.739911,0.0274162,0.672146],[0.642583,-0.266838,0.718252]],[[0.0453888,0.998927,0.00921953],[-0.943418,0.0398282,0.329204],[0.328484,-0.02364,0.944214]],[[0.0453888,0.998927,0.00921953],[-0.998753,0.045185,0.0212242],[0.0207849,-0.0101714,0.999732]],[[0.0453888,0.998927,0.00921953],[-0.951483,0.046041,-0.304239],[-0.304337,0.00503679,0.952551]]],"btipPosition":[25.9333,199.45,2.53578],"carpPosition":[34.2411,198.29,87.2752],"dipPosition":[20.1395,199.546,20.6701],"direction":[-0.0207849,0.0101714,-0.999732],"extended":false,"handId":47,"id":470,"length":42.3939,"mcpPosition":[34.2411,198.29,87.2752],"pipPosition":[20.716,199.263,48.3976],"stabilizedTipPosition":[12.2035,196.88,10.1168],"timeVisible":10.3976,"tipPosition":[30.0408,197.206,8.13039],"tipVelocity":[1346.26,262.6,-176.96],"tool":false,"touchDistance":-0.788865,"touchZone":"hovering","type":0,"width":16.586},{"bases":[[[0.966211,0.11959,-0.228329],[-0.0479737,0.953809,0.29656],[0.253247,-0.275586,0.927318]],[[0.979658,0.102849,-0.172312],[-0.200589,0.526732,-0.826025],[0.00580611,0.843786,0.536648]],[[0.979658,0.102849,-0.172312],[-0.0253741,-0.788293,-0.614776],[-0.199062,0.606643,-0.769648]],[[0.979658,0.102849,-0.172312],[0.10975,-0.993476,0.0309857],[-0.168001,-0.0492667,-0.984555]]],"btipPosition":[36.8584,191.8,41.4436],"carpPosition":[44.4872,222.304,82.9969],"dipPosition":[34.2903,191.047,26.3934],"direction":[0.199062,-0.606643,0.769648],"extended":false,"handId":47,"id":472,"length":54.5062,"mcpPosition":[29.9133,238.163,29.6314],"pipPosition":[29.6856,205.079,8.59026],"stabilizedTipPosition":[24.1395,189.491,41.1144],"timeVisible":10.3976,"tipPosition":[38.5535,192.721,41.0382],"tipVelocity":[1243.01,228.141,-89.8375],"tool":false,"touchDistance":0.333333,"touchZone":"none","type":2,"width":15.5599},{"bases":[[[0.993796,0.00548697,-0.111079],[0.0292778,0.950644,0.308899],[0.107292,-0.310235,0.944586]],[[0.998442,-0.0131258,-0.0542384],[-0.0388001,0.535276,-0.843786],[0.0401079,0.844575,0.533933]],[[0.998442,-0.0131258,-0.0542384],[-0.0427923,-0.803929,-0.593184],[-0.0358178,0.59458,-0.803238]],[[0.998442,-0.0131258,-0.0542384],[-0.0100389,-0.998335,0.0567989],[-0.0548936,-0.0561659,-0.996911]]],"btipPosition":[48.6632,197.193,45.328],"carpPosition":[54.0231,224.404,80.2872],"dipPosition":[47.8289,196.34,30.1765],"direction":[0.0358178,-0.59458,0.803238],"extended":false,"handId":47,"id":473,"length":52.4092,"mcpPosition":[48.4795,240.434,31.4817],"pipPosition":[47.0218,209.738,12.0762],"stabilizedTipPosition":[37.9071,195.245,43.8954],"timeVisible":10.3976,"tipPosition":[50.4103,197.42,44.1767],"tipVelocity":[1245.05,204.396,-32.5996],"tool":false,"touchDistance":0.333333,"touchZone":"none","type":3,"width":14.8062},{"bases":[[[0.980945,-0.187606,-0.0505092],[0.192856,0.908757,0.370092],[-0.0235309,-0.372781,0.927621]],[[0.970628,-0.231969,0.0638005],[0.187906,0.565352,-0.803161],[0.150239,0.79156,0.592336]],[[0.970628,-0.231969,0.0638005],[-0.135653,-0.746709,-0.651172],[0.198692,0.623391,-0.756244]],[[0.970628,-0.231969,0.0638005],[-0.231563,-0.972722,-0.0137914],[0.0652594,-0.00138754,-0.997867]]],"btipPosition":[57.5475,205.817,42.2256],"carpPosition":[64.8196,220.653,77.6069],"dipPosition":[58.4625,205.797,28.2342],"direction":[-0.198692,-0.623391,0.756244],"extended":false,"handId":47,"id":474,"length":41.0878,"mcpPosition":[65.945,238.483,33.2396],"pipPosition":[61.6237,215.716,16.2023],"stabilizedTipPosition":[48.7471,204.489,40.2433],"timeVisible":10.3976,"tipPosition":[59.2436,205.969,41.6702],"tipVelocity":[1280.37,173.964,-6.41684],"tool":false,"touchDistance":0.333333,"touchZone":"none","type":4,"width":13.1521}],"r":[[0.804617,-0.370527,0.464005],[0.0796613,0.841718,0.534008],[-0.588426,-0.392709,0.706778]],"s":1.18855,"t":[227.68,-86.7814,-101.791],"timestamp":1130686302588},{"currentFrameRate":57.6566,"devices":[],"gestures":[{"direction":[0.927009,0.173447,-0.33252],"duration":34761,"handIds":[47],"id":4,"pointableIds":[471],"position":[28.0254,233.33,-33.9912],"speed":237.453,"startPosition":[-142.384,199.955,37.3946],"state":"update","type":"swipe"}],"hands":[{"armBasis":[[0.97595,0.203658,-0.0777434],[-0.11029,0.76892,0.62976],[0.188034,-0.60604,0.77289]],"armWidth":52.3032,"confidence":1,"direction":[-0.17558,0.41491,-0.892761],"elbow":[119.516,72.4903,273.08],"grabAngle":2.78602,"grabStrength":0,"id":47,"palmNormal":[0.153483,-0.884223,-0.441127],"palmPosition":[60.9911,230.596,45.255],"palmVelocity":[1320.43,205.475,-25.3097],"palmWidth":75.0532,"pinchDistance":44.1634,"pinchStrength":0.540397,"r":[[0.771154,-0.386196,0.506137],[0.0669947,0.839813,0.538727],[-0.633114,-0.381533,0.673498]],"s":1.18951,"sphereCenter":[59.6556,206.215,17.9555],"sphereRadius":35.5197,"stabilizedPalmPosition":[54.174,229.485,45.8847],"t":[249.613,-83.2647,-103.895],"timeVisible":10.415,"type":"right","wrist":[77.6392,207.461,100.95]}],"id":25412,"interactionBox":{"center":[0,200,0],"size":[235.247,235.247,147.751]},"pointables":[{"bases":[[[0.929142,0.281096,-0.240166],[-0.201681,0.929772,0.307975],[0.30987,-0.237716,0.920582]],[[0.955403,0.256,-0.147202],[-0.233915,0.960319,0.151892],[0.180245,-0.110685,0.977374]],[[0.955403,0.256,-0.147202],[-0.275708,0.951839,-0.134115],[0.10578,0.168719,0.979972]],[[0.955403,0.256,-0.147202],[-0.289729,0.909006,-0.299608],[0.0571082,0.328895,0.942638]]],"btipPosition":[27.8428,232.279,-37.0044],"carpPosition":[55.8196,221.874,85.3857],"dipPosition":[28.6365,236.85,-23.9034],"direction":[-0.10578,-0.168719,-0.979972],"extended":true,"handId":47,"id":471,"length":47.8368,"mcpPosition":[37.0154,236.299,29.5211],"pipPosition":[30.7163,240.167,-4.63584],"stabilizedTipPosition":[17.9378,231.93,-32.2909],"timeVisible":10.415,"tipPosition":[28.7148,229.102,-33.5322],"tipVelocity":[1670.42,201.803,-167.353],"tool":false,"touchDistance":-1,"touchZone":"touching","type":1,"width":15.843},{"bases":[[[0.219761,0.95814,0.183502],[-0.782721,0.0609022,0.619386],[0.582283,-0.279748,0.76334]],[[0.0864904,0.996188,0.0113464],[-0.963454,0.0807392,0.255418],[0.253528,-0.0330229,0.966764]],[[0.0864904,0.996188,0.0113464],[-0.995524,0.086857,-0.0372443],[-0.0380878,-0.00807434,0.999242]],[[0.0864904,0.996188,0.0113464],[-0.9368,0.0851992,-0.339334],[-0.339007,0.0187198,0.940598]]],"btipPosition":[50.4468,203.751,1.33307],"carpPosition":[53.3755,202.523,86.7599],"dipPosition":[43.993,204.107,19.2398],"direction":[0.0380878,0.00807435,-0.999242],"extended":false,"handId":47,"id":470,"length":42.3939,"mcpPosition":[53.3755,202.523,86.7599],"pipPosition":[42.9366,203.883,46.9537],"stabilizedTipPosition":[41.2479,202.374,6.4307],"timeVisible":10.415,"tipPosition":[54.2386,200.795,7.4089],"tipVelocity":[1400.58,250.712,-72.154],"tool":false,"touchDistance":-0.757137,"touchZone":"hovering","type":0,"width":16.586},{"bases":[[[0.983141,0.0837461,-0.162544],[-0.034843,0.958465,0.283075],[0.179499,-0.272639,0.945224]],[[0.992135,0.0672468,-0.105572],[-0.125146,0.51624,-0.847251],[-0.00247455,0.8538,0.520596]],[[0.992135,0.0672468,-0.105572],[-0.00970403,-0.799565,-0.600501],[-0.124793,0.596802,-0.792624]],[[0.992135,0.0672468,-0.105572],[0.0734777,-0.995708,0.0562801],[-0.101334,-0.0635947,-0.992818]]],"btipPosition":[58.9241,195.5,41.6612],"carpPosition":[64.7213,226.119,82.9578],"dipPosition":[57.3751,194.528,26.4847],"direction":[0.124793,-0.596802,0.792624],"extended":false,"handId":47,"id":472,"length":54.5062,"mcpPosition":[54.3914,241.809,28.5618],"pipPosition":[54.4885,208.333,8.15006],"stabilizedTipPosition":[51.2518,194.047,38.7961],"timeVisible":10.415,"tipPosition":[60.5887,196.217,40.9143],"tipVelocity":[1282.06,209.812,10.8386],"tool":false,"touchDistance":0.333333,"touchZone":"none","type":2,"width":15.5599},{"bases":[[[0.99865,-0.0297808,-0.0425484],[0.0412268,0.952819,0.300726],[0.031585,-0.302074,0.952761]],[[0.998747,-0.0478408,0.0146595],[0.0373927,0.518944,-0.85399],[0.0332481,0.853468,0.520083]],[[0.998747,-0.0478408,0.0146595],[-0.0305481,-0.815034,-0.578607],[0.0396291,0.577435,-0.815474]],[[0.998747,-0.0478408,0.0146595],[-0.0487759,-0.996213,0.0719769],[0.0111606,-0.0726017,-0.997299]]],"btipPosition":[70.5846,200.54,46.2927],"carpPosition":[74.4876,227.86,80.8893],"dipPosition":[70.7542,199.437,31.1353],"direction":[-0.0396291,-0.577435,0.815474],"extended":false,"handId":47,"id":473,"length":52.4092,"mcpPosition":[72.8556,243.467,31.6614],"pipPosition":[71.6472,212.449,12.7593],"stabilizedTipPosition":[64.3161,199.314,43.0164],"timeVisible":10.415,"tipPosition":[72.3671,200.565,44.8325],"tipVelocity":[1273.56,189.103,55.383],"tool":false,"touchDistance":0.333333,"touchZone":"none","type":3,"width":14.8062},{"bases":[[[0.974963,-0.221564,0.0189095],[0.198679,0.906132,0.373432],[-0.0998735,-0.360325,0.927465]],[[0.956286,-0.262658,0.128561],[0.25677,0.543776,-0.798985],[0.139951,0.797068,0.587448]],[[0.956286,-0.262658,0.128561],[-0.120767,-0.755096,-0.644395],[0.266331,0.6007,-0.753808]],[[0.956286,-0.262658,0.128561],[-0.263097,-0.96467,-0.0138581],[0.127659,-0.0205717,-0.991605]]],"btipPosition":[80.0287,208.749,43.635],"carpPosition":[85.3046,223.71,78.9949],"dipPosition":[81.8187,208.461,29.7315],"direction":[-0.266331,-0.6007,0.753808],"extended":false,"handId":47,"id":474,"length":41.0878,"mcpPosition":[90.0814,240.944,34.6351],"pipPosition":[86.056,218.018,17.7384],"stabilizedTipPosition":[74.9895,207.962,40.4039],"timeVisible":10.415,"tipPosition":[81.6654,208.782,42.8597],"tipVelocity":[1304.04,165.034,82.1935],"tool":false,"touchDistance":0.333333,"touchZone":"none","type":4,"width":13.1521}],"r":[[0.771154,-0.386196,0.506137],[0.0669947,0.839813,0.538727],[-0.633114,-0.381533,0.673498]],"s":1.18951,"t":[249.613,-83.2647,-103.895],"timestamp":1130686319982},{"currentFrameRate":57.6718,"devices":[],"gestures":[{"direction":[0.937159,0.175814,-0.301366],"duration":52050,"handIds":[47],"id":4,"pointableIds":[471],"position":[57.2986,238.486,-34.9446],"speed":247.75,"startPosition":[-142.384,199.955,37.3946],"state":"update","type":"swipe"}],"hands":[{"armBasis":[[0.984456,0.17352,-0.0271367],[-0.118821,0.771811,0.624651],[0.129334,-0.611718,0.780432]],"armWidth":52.3032,"confidence":1,"direction":[-0.099007,0.435046,-0.894948],"elbow":[124.834,73.2198,276.25],"grabAngle":2.79858,"grabStrength":0,"id":47,"palmNormal":[0.142995,-0.883812,-0.445453],"palmPosition":[83.8924,233.98,46.1392],"palmVelocity":[1324.61,195.702,51.145],"palmWidth":75.0532,"pinchDistance":41.8287,"pinchStrength":0.517765,"r":[[0.73202,-0.406529,0.5467],[0.0570091,0.836193,0.545464],[-0.678894,-0.368124,0.635286]],"s":1.18988,"sphereCenter":[84.6105,209.986,18.4371],"sphereRadius":35.4556,"stabilizedPalmPosition":[79.7872,233.359,46.1041],"t":[272.031,-79.8147,-104.504],"timeVisible":10.4323,"type":"right","wrist":[96.0304,209.455,102.44]}],"id":25413,"interactionBox":{"center":[0,200,0],"size":[235.247,235.247,147.751]},"pointables":[{"bases":[[[0.954156,0.242678,-0.175199],[-0.180418,0.933367,0.310282],[0.238823,-0.264448,0.934361]],[[0.975014,0.211278,-0.0686163],[-0.199772,0.969038,0.145106],[0.0971496,-0.127773,0.987034]],[[0.975014,0.211278,-0.0686163],[-0.219848,0.962034,-0.161734],[0.0318404,0.172778,0.984446]],[[0.975014,0.211278,-0.0686163],[-0.222071,0.919257,-0.32504],[-0.00559789,0.332156,0.943208]]],"btipPosition":[57.3165,237.425,-37.9597],"carpPosition":[75.7526,224.925,85.7],"dipPosition":[57.2387,242.041,-24.8508],"direction":[-0.0318404,-0.172778,-0.984446],"extended":true,"handId":47,"id":471,"length":47.8368,"mcpPosition":[61.2598,240.973,28.9993],"pipPosition":[57.8647,245.438,-5.49522],"stabilizedTipPosition":[51.1471,237.462,-34.5299],"timeVisible":10.4323,"tipPosition":[56.8039,235.335,-34.6012],"tipVelocity":[1693.17,298.231,-55.1479],"tool":false,"touchDistance":-0.993836,"touchZone":"touching","type":1,"width":15.843},{"bases":[[[0.249047,0.94464,0.213613],[-0.817838,0.0869846,0.568836],[0.518764,-0.316368,0.794226]],[[0.132116,0.990487,0.0384865],[-0.974508,0.122686,0.187835],[0.181326,-0.0623214,0.981446]],[[0.132116,0.990487,0.0384865],[-0.985777,0.135358,-0.0996046],[-0.103867,-0.0247798,0.994283]],[[0.132116,0.990487,0.0384865],[-0.914337,0.136769,-0.381159],[-0.382797,0.0151676,0.923708]]],"btipPosition":[75.0837,208.65,1.01062],"carpPosition":[72.3814,205.686,86.5828],"dipPosition":[67.7961,208.939,18.5958],"direction":[0.103867,0.0247798,-0.994282],"extended":false,"handId":47,"id":470,"length":42.3939,"mcpPosition":[72.3814,205.686,86.5828],"pipPosition":[64.9154,208.252,46.1722],"stabilizedTipPosition":[68.7018,207.789,5.25648],"timeVisible":10.4323,"tipPosition":[78.1847,205.15,7.37052],"tipVelocity":[1413.91,282.499,-22.9282],"tool":false,"touchDistance":-0.715703,"touchZone":"touching","type":0,"width":16.586},{"bases":[[[0.994332,0.042023,-0.0976637],[-0.011222,0.954925,0.296634],[0.105727,-0.293857,0.949984]],[[0.998882,0.0243265,-0.0405231],[-0.0472618,0.522681,-0.851217],[0.000473531,0.852181,0.523247]],[[0.998882,0.0243265,-0.0405231],[-0.00487495,-0.799775,-0.600281],[-0.0470121,0.599807,-0.798762]],[[0.998882,0.0243265,-0.0405231],[0.0266276,-0.998005,0.0572475],[-0.0390496,-0.0582626,-0.997537]]],"btipPosition":[80.5514,199.317,42.461],"carpPosition":[84.97,228.802,83.9214],"dipPosition":[79.9545,198.426,27.2124],"direction":[0.0470121,-0.599807,0.798762],"extended":false,"handId":47,"id":472,"length":54.5062,"mcpPosition":[78.8856,245.713,29.2515],"pipPosition":[78.867,212.301,8.7358],"stabilizedTipPosition":[76.0816,198.359,38.9304],"timeVisible":10.4323,"tipPosition":[82.19,199.692,41.0959],"tipVelocity":[1263.59,221.857,45.3043],"tool":false,"touchDistance":0.333333,"touchZone":"none","type":2,"width":15.5599},{"bases":[[[0.997051,-0.0737852,0.021117],[0.0632232,0.945633,0.319031],[-0.0435087,-0.316754,0.947509]],[[0.992647,-0.0926463,0.0778955],[0.114943,0.51981,-0.846514],[0.0379356,0.849244,0.526637]],[[0.992647,-0.0926463,0.0778955],[-0.0302294,-0.812902,-0.581616],[0.117206,0.574985,-0.809725]],[[0.992647,-0.0926463,0.0778955],[-0.0974135,-0.993446,0.0598011],[0.0718446,-0.0669495,-0.995166]]],"btipPosition":[92.0528,203.696,47.7886],"carpPosition":[94.9165,230.134,82.514],"dipPosition":[93.1447,202.678,32.6636],"direction":[-0.117206,-0.574985,0.809725],"extended":false,"handId":47,"id":473,"length":52.4092,"mcpPosition":[97.1646,246.5,33.5575],"pipPosition":[95.7858,215.635,14.4172],"stabilizedTipPosition":[88.517,202.901,44.1348],"timeVisible":10.4323,"tipPosition":[93.8915,203.478,45.8766],"tipVelocity":[1254,183.676,86.9564],"tool":false,"touchDistance":0.333333,"touchZone":"none","type":3,"width":14.8062},{"bases":[[[0.96107,-0.265175,0.0776337],[0.213437,0.890921,0.40088],[-0.175469,-0.368703,0.912835]],[[0.930671,-0.310225,0.193939],[0.339549,0.535017,-0.773605],[0.136231,0.785823,0.603261]],[[0.930671,-0.310225,0.193939],[-0.112258,-0.746663,-0.655662],[0.34821,0.588434,-0.729723]],[[0.930671,-0.310225,0.193939],[-0.307818,-0.950463,-0.0432141],[0.197738,-0.0194799,-0.980061]]],"btipPosition":[101.804,211.476,45.5868],"carpPosition":[105.642,225.533,81.2468],"dipPosition":[104.576,211.203,31.8451],"direction":[-0.34821,-0.588434,0.729723],"extended":false,"handId":47,"id":474,"length":41.0878,"mcpPosition":[114.035,243.167,37.5867],"pipPosition":[110.116,220.565,20.2352],"stabilizedTipPosition":[99.1126,210.995,42.181],"timeVisible":10.4323,"tipPosition":[103.679,211.302,44.6544],"tipVelocity":[1272.53,157.906,115.044],"tool":false,"touchDistance":0.333333,"touchZone":"none","type":4,"width":13.1521}],"r":[[0.73202,-0.406529,0.5467],[0.0570091,0.836193,0.545464],[-0.678894,-0.368124,0.635286]],"s":1.18988,"t":[272.031,-79.8147,-104.504],"timestamp":1130686337271},{"currentFrameRate":57.6581,"devices":[],"gestures":[{"direction":[0.959682,0.162929,-0.22905],"duration":69439,"handIds":[47],"id":4,"pointableIds":[471],"position":[85.3995,240.773,-32.431],"speed":257.52,"startPosition":[-142.384,199.955,37.3946],"state":"update","type":"swipe"}],"hands":[{"armBasis":[[0.986765,0.158755,0.0330236],[-0.144783,0.770889,0.620297],[0.0730181,-0.616869,0.783671]],"armWidth":52.3032,"confidence":1,"direction":[-0.0278836,0.445756,-0.89472],"elbow":[129.458,72.0279,281.439],"grabAngle":2.79687,"grabStrength":0,"id":47,"palmNormal":[0.153909,-0.882481,-0.444455],"palmPosition":[105.388,234.696,50.1612],"palmVelocity":[1236.19,41.151,231.293],"palmWidth":75.0532,"pinchDistance":41.1484,"pinchStrength":0.506441,"r":[[0.688911,-0.426454,0.586122],[0.0448077,0.832124,0.552776],[-0.72346,-0.354551,0.592368]],"s":1.19038,"sphereCenter":[108.949,210.975,22.3648],"sphereRadius":35.5257,"stabilizedPalmPosition":[102.788,234.56,49.7491],"t":[293.987,-77.7319,-102.798],"timeVisible":10.4497,"type":"right","wrist":[113.196,209.411,106.908]}],"id":25414,"interactionBox":{"center":[0,200,0],"size":[235.247,235.247,147.751]},"pointables":[{"bases":[[[0.968988,0.222811,-0.106851],[-0.180883,0.934164,0.307603],[0.168353,-0.278736,0.945496]],[[0.98255,0.185415,0.0146911],[-0.185549,0.971652,0.146506],[0.0128897,-0.146675,0.989101]],[[0.98255,0.185415,0.0146911],[-0.180316,0.96894,-0.169239],[-0.0456142,0.163636,0.985466]],[[0.98255,0.185415,0.0146911],[-0.169879,0.926765,-0.335034],[-0.0757355,0.326692,0.942092]]],"btipPosition":[85.6416,239.729,-35.4425],"carpPosition":[94.359,225.446,88.9697],"dipPosition":[84.589,244.269,-22.3491],"direction":[0.0456142,-0.163636,-0.985466],"extended":true,"handId":47,"id":471,"length":47.8368,"mcpPosition":[84.1426,242.361,31.5932],"pipPosition":[83.6922,247.487,-2.97353],"stabilizedTipPosition":[81.7333,240.419,-32.6557],"timeVisible":10.4497,"tipPosition":[84.0213,237.628,-32.2339],"tipVelocity":[1616.02,131.504,144.551],"tool":false,"touchDistance":-0.885082,"touchZone":"touching","type":1,"width":15.843},{"bases":[[[0.254343,0.936695,0.240648],[-0.852836,0.0998968,0.512534],[0.456048,-0.335593,0.824256]],[[0.150819,0.986822,0.0586177],[-0.982329,0.142957,0.120803],[0.110831,-0.0758012,0.990944]],[[0.150819,0.986822,0.0586177],[-0.97393,0.158489,-0.162299],[-0.16945,-0.0326118,0.984999]],[[0.150819,0.986822,0.0586177],[-0.890117,0.161356,-0.426212],[-0.430053,0.0121042,0.902722]]],"btipPosition":[98.8401,210.075,4.09929],"carpPosition":[90.5166,206.28,89.4056],"dipPosition":[90.6529,210.305,21.285],"direction":[0.16945,0.0326118,-0.984999],"extended":false,"handId":47,"id":470,"length":42.3939,"mcpPosition":[90.5166,206.28,89.4056],"pipPosition":[85.9532,209.401,48.6039],"stabilizedTipPosition":[94.0668,209.889,7.76604],"timeVisible":10.4497,"tipPosition":[101.639,206.444,10.7246],"tipVelocity":[1354.27,81.1552,172.338],"tool":false,"touchDistance":-0.627514,"touchZone":"touching","type":0,"width":16.586},{"bases":[[[0.999368,0.0205652,-0.0289912],[-0.0107203,0.952038,0.305793],[0.0338894,-0.305289,0.951656]],[[0.999602,0.00222178,0.0281261],[0.0227275,0.527281,-0.849387],[-0.0167175,0.849688,0.527021]],[[0.999602,0.00222178,0.0281261],[0.0188802,-0.793464,-0.608324],[0.0209655,0.608613,-0.79319]],[[0.999602,0.00222178,0.0281261],[0.00103437,-0.99911,0.0421618],[0.0281948,-0.0421159,-0.998715]]],"btipPosition":[101.548,199.951,46.0532],"carpPosition":[103.759,229.132,87.8686],"dipPosition":[101.979,199.307,30.7865],"direction":[-0.0209655,-0.608613,0.79319],"extended":false,"handId":47,"id":472,"length":54.5062,"mcpPosition":[101.809,246.701,33.1025],"pipPosition":[102.464,213.386,12.4388],"stabilizedTipPosition":[98.9036,199.648,42.1543],"timeVisible":10.4497,"tipPosition":[103.262,200.493,44.5969],"tipVelocity":[1221.07,39.7529,206.337],"tool":false,"touchDistance":0.333333,"touchZone":"none","type":2,"width":15.5599},{"bases":[[[0.991408,-0.0964124,0.0883999],[0.0617932,0.940857,0.333122],[-0.115289,-0.324797,0.938731]],[[0.982711,-0.115715,0.144531],[0.18389,0.519244,-0.834608],[0.0215298,0.846756,0.531546]],[[0.982711,-0.115715,0.144531],[-0.00830267,-0.807388,-0.589962],[0.18496,0.578562,-0.79439]],[[0.982711,-0.115715,0.144531],[-0.12249,-0.991708,0.0388646],[0.138835,-0.0558963,-0.988737]]],"btipPosition":[112.702,204.072,52.2658],"carpPosition":[113.805,230.253,87.1594],"dipPosition":[114.812,203.222,37.2385],"direction":[-0.18496,-0.578562,0.79439],"extended":false,"handId":47,"id":473,"length":52.4092,"mcpPosition":[119.762,247.035,38.6564],"pipPosition":[118.98,216.26,19.3377],"stabilizedTipPosition":[110.657,203.776,48.3302],"timeVisible":10.4497,"tipPosition":[114.687,203.978,50.2164],"tipVelocity":[1200.94,23.8389,258.765],"tool":false,"touchDistance":0.333333,"touchZone":"none","type":3,"width":14.8062},{"bases":[[[0.947472,-0.287479,0.140189],[0.204811,0.881992,0.424433],[-0.245661,-0.373426,0.894541]],[[0.900771,-0.339502,0.270832],[0.420173,0.523534,-0.741193],[0.109847,0.781441,0.614234]],[[0.900771,-0.339502,0.270832],[-0.0772204,-0.738881,-0.669396],[0.427374,0.582059,-0.691779]],[[0.900771,-0.339502,0.270832],[-0.330168,-0.940458,-0.0807949],[0.282136,-0.0166425,-0.95923]]],"btipPosition":[122.324,211.78,50.5807],"carpPosition":[124.49,225.423,86.5771],"dipPosition":[126.28,211.547,37.1311],"direction":[-0.427374,-0.582059,0.691779],"extended":false,"handId":47,"id":474,"length":41.0878,"mcpPosition":[136.239,243.284,43.792],"pipPosition":[133.08,220.807,26.1249],"stabilizedTipPosition":[120.93,211.657,46.9804],"timeVisible":10.4497,"tipPosition":[124.69,211.597,49.7172],"tipVelocity":[1195.76,18.0206,291.051],"tool":false,"touchDistance":0.333333,"touchZone":"none","type":4,"width":13.1521}],"r":[[0.688911,-0.426454,0.586122],[0.0448077,0.832124,0.552776],[-0.72346,-0.354551,0.592368]],"s":1.19038,"t":[293.987,-77.7319,-102.798],"timestamp":1130686354660},{"currentFrameRate":57.6652,"devices":[],"gestures":[{"direction":[0.976444,0.146891,-0.158053],"duration":86757,"handIds":[47],"id":4,"pointableIds":[471],"position":[111.59,242.046,-28.3126],"speed":268.03,"startPosition":[-142.384,199.955,37.3946],"state":"update","type":"swipe"}],"hands":[{"armBasis":[[0.983748,0.151687,0.0960797],[-0.178487,0.767828,0.615291],[0.0195591,-0.62244,0.782423]],"armWidth":52.3032,"confidence":1,"direction":[0.0392864,0.4586,-0.887774],"elbow":[132.36,68.8103,286.299],"grabAngle":2.77687,"grabStrength":0,"id":47,"palmNormal":[0.174144,-0.878005,-0.445848],"palmPosition":[124.365,233.551,55.2386],"palmVelocity":[1095.75,-66.1102,293.188],"palmWidth":75.0532,"pinchDistance":41.2939,"pinchStrength":0.504272,"r":[[0.642822,-0.445056,0.623462],[0.0288894,0.827409,0.560856],[-0.76547,-0.342519,0.544735]],"s":1.19027,"sphereCenter":[131.659,210.189,27.5778],"sphereRadius":35.7194,"stabilizedPalmPosition":[122.514,233.637,54.7677],"t":[314.454,-77.2629,-99.4059],"timeVisible":10.467,"type":"right","wrist":[128.004,207.434,112.046]}],"id":25415,"interactionBox":{"center":[0,200,0],"size":[235.247,235.247,147.751]},"pointables":[{"bases":[[[0.976564,0.212139,-0.036326],[-0.190979,0.93194,0.308244],[0.0992441,-0.294082,0.950614]],[[0.980268,0.164754,0.109231],[-0.180941,0.970356,0.160216],[-0.0795965,-0.176819,0.98102]],[[0.980268,0.164754,0.109231],[-0.146443,0.976432,-0.158542],[-0.132777,0.139417,0.981292]],[[0.980268,0.164754,0.109231],[-0.123474,0.941853,-0.312517],[-0.154368,0.292863,0.943611]]],"btipPosition":[112.083,241.109,-31.3289],"carpPosition":[110.568,223.895,93.0504],"dipPosition":[109.938,245.18,-18.2144],"direction":[0.132777,-0.139417,-0.981292],"extended":true,"handId":47,"id":471,"length":47.8368,"mcpPosition":[104.545,241.741,35.3635],"pipPosition":[107.327,247.921,1.07912],"stabilizedTipPosition":[109.243,241.918,-28.6539],"timeVisible":10.467,"tipPosition":[109.083,238.34,-28.3756],"tipVelocity":[1512.31,73.4728,237.814],"tool":false,"touchDistance":-0.76313,"touchZone":"touching","type":1,"width":15.843},{"bases":[[[0.24784,0.929962,0.271562],[-0.885078,0.103355,0.453823],[0.393971,-0.352828,0.848704]],[[0.158111,0.983816,0.0843008],[-0.986787,0.154372,0.0492052],[0.0353952,-0.0909668,0.995225]],[[0.158111,0.983816,0.0843008],[-0.959171,0.173302,-0.22351],[-0.234502,-0.0455196,0.971049]],[[0.158111,0.983816,0.0843008],[-0.866454,0.179179,-0.465996],[-0.47356,0.000636342,0.880761]]],"btipPosition":[120.546,209.771,8.25693],"carpPosition":[106.484,204.775,92.9345],"dipPosition":[111.531,209.783,25.0245],"direction":[0.234502,0.0455196,-0.971049],"extended":false,"handId":47,"id":470,"length":42.3939,"mcpPosition":[106.484,204.775,92.9345],"pipPosition":[105.027,208.52,51.9566],"stabilizedTipPosition":[116.573,209.782,11.7751],"timeVisible":10.467,"tipPosition":[122.963,205.963,15.1748],"tipVelocity":[1242.38,-20.4772,234.524],"tool":false,"touchDistance":-0.532174,"touchZone":"touching","type":0,"width":16.586},{"bases":[[[0.999147,0.00845474,0.0404272],[-0.0209049,0.947706,0.31846],[-0.0356206,-0.319034,0.947074]],[[0.995213,-0.010691,0.0971448],[0.0874386,0.541423,-0.836191],[-0.0436566,0.840683,0.539766]],[[0.995213,-0.010691,0.0971448],[0.0527542,-0.777983,-0.626067],[0.0822703,0.628195,-0.773695]],[[0.995213,-0.010691,0.0971448],[-0.0113245,-0.999918,0.00597217],[0.097073,-0.0070437,-0.995252]]],"btipPosition":[120.438,198.453,50.1011],"carpPosition":[120.064,227.478,92.6564],"dipPosition":[121.922,198.345,34.8873],"direction":[-0.0822703,-0.628195,0.773695],"extended":false,"handId":47,"id":472,"length":54.5062,"mcpPosition":[122.113,245.838,38.154],"pipPosition":[123.825,212.876,16.9906],"stabilizedTipPosition":[118.948,198.53,46.2294],"timeVisible":10.467,"tipPosition":[122.19,199.428,48.9581],"tipVelocity":[1104.76,-79.4051,234.442],"tool":false,"touchDistance":0.333333,"touchZone":"none","type":2,"width":15.5599},{"bases":[[[0.981729,-0.110052,0.155234],[0.0494082,0.935235,0.350563],[-0.18376,-0.336488,0.923584]],[[0.968943,-0.130031,0.210336],[0.247232,0.526923,-0.813159],[-0.00509478,0.839907,0.542707]],[[0.968943,-0.130031,0.210336],[0.0257657,-0.792867,-0.60885],[0.245938,0.59536,-0.764893]],[[0.968943,-0.130031,0.210336],[-0.13217,-0.991219,-0.00392006],[0.208999,-0.0240018,-0.977621]]],"btipPosition":[131.108,202.292,57.3094],"carpPosition":[130.147,228.483,92.6597],"dipPosition":[134.285,201.927,42.4511],"direction":[-0.245938,-0.59536,0.764893],"extended":false,"handId":47,"id":473,"length":52.4092,"mcpPosition":[139.642,245.869,44.9393],"pipPosition":[139.827,215.343,25.2149],"stabilizedTipPosition":[129.995,202.345,53.4077],"timeVisible":10.467,"tipPosition":[133.239,202.706,55.4314],"tipVelocity":[1077.03,-96.33,293.478],"tool":false,"touchDistance":0.333333,"touchZone":"none","type":3,"width":14.8062},{"bases":[[[0.932113,-0.301262,0.201014],[0.185071,0.873306,0.45065],[-0.31131,-0.382855,0.869775]],[[0.856971,-0.367864,0.360939],[0.510665,0.511758,-0.690887],[0.0694394,0.776389,0.626417]],[[0.856971,-0.367864,0.360939],[-0.0219872,-0.725816,-0.687538],[0.514895,0.581264,-0.630091]],[[0.856971,-0.367864,0.360939],[-0.33999,-0.929877,-0.140486],[0.387308,-0.00232296,-0.921947]]],"btipPosition":[140.06,210.294,56.0786],"carpPosition":[140.79,223.529,92.745],"dipPosition":[145.49,210.262,43.1517],"direction":[-0.514895,-0.581264,0.630091],"extended":false,"handId":47,"id":474,"length":41.0878,"mcpPosition":[155.679,241.841,51.1445],"pipPosition":[153.682,219.509,33.1269],"stabilizedTipPosition":[139.539,210.406,52.5736],"timeVisible":10.467,"tipPosition":[143.269,210.224,55.6377],"tipVelocity":[1043.67,-83.1426,324.407],"tool":false,"touchDistance":0.333333,"touchZone":"none","type":4,"width":13.1521}],"r":[[0.642822,-0.445056,0.623462],[0.0288894,0.827409,0.560856],[-0.76547,-0.342519,0.544735]],"s":1.19027,"t":[314.454,-77.2629,-99.4059],"timestamp":1130686371978},{"currentFrameRate":57.6849,"devices":[],"gestures":[{"direction":[0.980835,0.140451,-0.135041],"duration":104027,"handIds":[47],"id":4,"pointableIds":[471],"position":[136.112,243.401,-22.6197],"speed":279.79,"startPosition":[-142.384,199.955,37.3946],"state":"update","type":"swipe"}],"hands":[{"armBasis":[[0.978874,0.133451,0.154908],[-0.201148,0.764434,0.612519],[-0.0366755,-0.630739,0.775128]],"armWidth":52.3032,"confidence":1,"direction":[0.109829,0.472928,-0.874229],"elbow":[133.16,64.3843,290.376],"grabAngle":2.74794,"grabStrength":0,"id":47,"palmNormal":[0.18317,-0.874116,-0.449855],"palmPosition":[142.041,231.992,61.2889],"palmVelocity":[1023.55,-90.2759,350.333],"palmWidth":75.0532,"pinchDistance":41.6331,"pinchStrength":0.515118,"r":[[0.59307,-0.464642,0.657553],[0.012023,0.821703,0.569789],[-0.805061,-0.330019,0.492914]],"s":1.18956,"sphereCenter":[151.619,208.946,33.8855],"sphereRadius":35.8126,"stabilizedPalmPosition":[140.411,232.129,60.7445],"t":[333.525,-77.8079,-94.6849],"timeVisible":10.4843,"type":"right","wrist":[141.328,204.856,117.747]}],"id":25416,"interactionBox":{"center":[0,200,0],"size":[235.247,235.247,147.751]},"pointables":[{"bases":[[[0.981499,0.188559,0.0332523],[-0.189415,0.930846,0.312487],[0.0279694,-0.313004,0.94934]],[[0.971822,0.13225,0.195121],[-0.167585,0.969769,0.177382],[-0.165764,-0.205083,0.964605]],[[0.971822,0.13225,0.195121],[-0.107045,0.985109,-0.134543],[-0.210009,0.109865,0.971507]],[[0.971822,0.13225,0.195121],[-0.0770039,0.960483,-0.267475],[-0.222784,0.244913,0.943602]]],"btipPosition":[136.824,242.618,-25.636],"carpPosition":[125.503,222.021,97.9],"dipPosition":[133.728,246.022,-12.5216],"direction":[0.210009,-0.109865,-0.971507],"extended":true,"handId":47,"id":471,"length":47.8368,"mcpPosition":[123.806,241.015,40.2903],"pipPosition":[129.599,248.182,6.57957],"stabilizedTipPosition":[134.38,243.306,-23.0087],"timeVisible":10.4843,"tipPosition":[132.883,239.063,-23.0142],"tipVelocity":[1419.93,78.5026,329.642],"tool":false,"touchDistance":-0.629757,"touchZone":"touching","type":1,"width":15.843},{"bases":[[[0.250712,0.918672,0.305262],[-0.911004,0.117239,0.395383],[0.327439,-0.377222,0.866307]],[[0.175812,0.977661,0.115193],[-0.983371,0.179827,-0.0253612],[-0.0455093,-0.108818,0.993019]],[[0.175812,0.977661,0.115193],[-0.935089,0.202433,-0.290912],[-0.307732,-0.0565694,0.94979]],[[0.175812,0.977661,0.115193],[-0.831521,0.210119,-0.51422],[-0.526937,-0.00537914,0.849887]]],"btipPosition":[141.429,209.164,13.7363],"carpPosition":[120.989,203.012,97.1457],"dipPosition":[131.397,209.061,29.9161],"direction":[0.307732,0.0565694,-0.94979],"extended":false,"handId":47,"id":470,"length":42.3939,"mcpPosition":[120.989,203.012,97.1457],"pipPosition":[122.862,207.492,56.2585],"stabilizedTipPosition":[137.617,209.183,17.0783],"timeVisible":10.4843,"tipPosition":[142.558,205.308,20.5745],"tipVelocity":[1195.67,-36.6592,309.448],"tool":false,"touchDistance":-0.427127,"touchZone":"touching","type":0,"width":16.586},{"bases":[[[0.994067,-0.0169304,0.107444],[-0.0200937,0.942225,0.334376],[-0.106898,-0.334551,0.936295]],[[0.985868,-0.036961,0.163395],[0.155829,0.560352,-0.813464],[-0.0614921,0.827429,0.558193]],[[0.985868,-0.036961,0.163395],[0.0794044,-0.755731,-0.650051],[0.147509,0.653838,-0.742116]],[[0.985868,-0.036961,0.163395],[-0.0301965,-0.998589,-0.0436921],[0.164779,0.0381407,-0.985593]]],"btipPosition":[137.717,196.478,54.6759],"carpPosition":[135.085,225.375,98.2116],"dipPosition":[140.236,197.061,39.6098],"direction":[-0.147509,-0.653838,0.742116],"extended":false,"handId":47,"id":472,"length":54.5062,"mcpPosition":[141.237,244.627,44.3295],"pipPosition":[143.648,212.185,22.4436],"stabilizedTipPosition":[136.911,196.749,50.8542],"timeVisible":10.4843,"tipPosition":[139.437,197.978,54.0802],"tipVelocity":[1014.28,-105.156,266.868],"tool":false,"touchDistance":0.333333,"touchZone":"none","type":2,"width":15.5599},{"bases":[[[0.966169,-0.136958,0.218542],[0.0475818,0.927463,0.370875],[-0.253484,-0.347929,0.902602]],[[0.94923,-0.157575,0.272272],[0.313742,0.537436,-0.78277],[-0.022984,0.828452,0.559588]],[[0.94923,-0.157575,0.272272],[0.0529243,-0.773176,-0.631979],[0.310099,0.614304,-0.725582]],[[0.94923,-0.157575,0.272272],[-0.147193,-0.987389,-0.0582796],[0.278022,0.0152442,-0.960454]]],"btipPosition":[147.885,199.923,62.8833],"carpPosition":[145.166,226.13,98.9097],"dipPosition":[152.111,200.155,48.2859],"direction":[-0.310099,-0.614304,0.725582],"extended":false,"handId":47,"id":473,"length":52.4092,"mcpPosition":[158.263,244.107,52.2735],"pipPosition":[159.099,213.997,31.9355],"stabilizedTipPosition":[147.298,200.172,59.02],"timeVisible":10.4843,"tipPosition":[150.105,200.9,61.409],"tipVelocity":[985.416,-129.237,326.223],"tool":false,"touchDistance":0.333333,"touchZone":"none","type":3,"width":14.8062},{"bases":[[[0.909105,-0.327655,0.257236],[0.174694,0.860464,0.478627],[-0.378167,-0.390185,0.839491]],[[0.815206,-0.399014,0.419794],[0.577643,0.507539,-0.639321],[0.0420358,0.76367,0.644237]],[[0.815206,-0.399014,0.419794],[0.0185126,-0.706497,-0.707474],[0.578875,0.584509,-0.568554]],[[0.815206,-0.399014,0.419794],[-0.344173,-0.916705,-0.202971],[0.465816,0.0209814,-0.884633]]],"btipPosition":[156.797,208.017,62.3806],"carpPosition":[155.659,220.914,99.6135],"dipPosition":[163.328,208.311,49.977],"direction":[-0.578875,-0.584509,0.568554],"extended":false,"handId":47,"id":474,"length":41.0878,"mcpPosition":[173.747,239.576,59.4614],"pipPosition":[172.538,217.611,40.9313],"stabilizedTipPosition":[156.621,208.292,58.9058],"timeVisible":10.4843,"tipPosition":[160.259,208.198,62.4141],"tipVelocity":[983.798,-127.509,371.882],"tool":false,"touchDistance":0.333333,"touchZone":"none","type":4,"width":13.1521}],"r":[[0.59307,-0.464642,0.657553],[0.012023,0.821703,0.569789],[-0.805061,-0.330019,0.492914]],"s":1.18956,"t":[333.525,-77.8079,-94.6849],"timestamp":1130686389248},{"currentFrameRate":57.655,"devices":[],"gestures":[{"direction":[0.98891,0.132433,-0.067226],"duration":121471,"handIds":[47],"id":4,"pointableIds":[471],"position":[159.576,245.925,-15.2106],"speed":293.556,"startPosition":[-142.384,199.955,37.3946],"state":"update","type":"swipe"}],"hands":[{"armBasis":[[0.972436,0.0971681,0.21196],[-0.210609,0.756124,0.619613],[-0.100061,-0.647175,0.755747]],"armWidth":52.3032,"confidence":1,"direction":[0.186208,0.49385,-0.849376],"elbow":[131.524,58.5747,292.149],"grabAngle":2.72196,"grabStrength":0,"id":47,"palmNormal":[0.178159,-0.867136,-0.465118],"palmPosition":[159.225,231.423,68.4072],"palmVelocity":[985.095,-32.6225,408.07],"palmWidth":75.0532,"pinchDistance":41.7813,"pinchStrength":0.535536,"r":[[0.538623,-0.488402,0.686549],[-0.00305677,0.813711,0.581261],[-0.842541,-0.31518,0.436791]],"s":1.18801,"sphereCenter":[170.41,208.594,41.0142],"sphereRadius":35.9682,"stabilizedPalmPosition":[157.524,231.486,67.7142],"t":[351.653,-78.365,-88.7651],"timeVisible":10.5017,"type":"right","wrist":[153.809,202.707,123.836]}],"id":25417,"interactionBox":{"center":[0,200,0],"size":[235.247,235.247,147.751]},"pointables":[{"bases":[[[0.98377,0.146714,0.103298],[-0.173023,0.928148,0.329551],[-0.0475259,-0.342076,0.93847]],[[0.960155,0.0843939,0.266419],[-0.141385,0.969003,0.202591],[-0.241064,-0.232186,0.942326]],[[0.960155,0.0843939,0.266419],[-0.0583142,0.992831,-0.10434],[-0.273315,0.0846467,0.958193]],[[0.960155,0.0843939,0.266419],[-0.0206558,0.972137,-0.233503],[-0.278702,0.218696,0.935146]]],"btipPosition":[160.467,245.226,-18.1999],"carpPosition":[139.911,221.057,103.519],"dipPosition":[156.593,248.265,-5.20299],"direction":[0.273315,-0.0846467,-0.958193],"extended":true,"handId":47,"id":471,"length":47.8368,"mcpPosition":[142.795,241.815,46.5685],"pipPosition":[151.219,249.93,13.6364],"stabilizedTipPosition":[158.045,245.766,-15.6842],"timeVisible":10.5017,"tipPosition":[156.079,241.508,-16.0156],"tipVelocity":[1345.09,144.675,424.735],"tool":false,"touchDistance":-0.483978,"touchZone":"touching","type":1,"width":15.843},{"bases":[[[0.265791,0.897997,0.350652],[-0.929955,0.142981,0.338732],[0.254044,-0.416122,0.8731]],[[0.206132,0.965633,0.158314],[-0.971525,0.221277,-0.0847056],[-0.116826,-0.136346,0.983749]],[[0.206132,0.965633,0.158314],[-0.904148,0.249825,-0.34656],[-0.3742,-0.0717025,0.924572]],[[0.206132,0.965633,0.158314],[-0.788782,0.259717,-0.557109],[-0.57908,-0.0100375,0.815209]]],"btipPosition":[160.926,210.076,20.1861],"carpPosition":[134.713,202.282,101.854],"dipPosition":[149.901,209.884,35.7057],"direction":[0.3742,0.0717025,-0.924572],"extended":false,"handId":47,"id":470,"length":42.3939,"mcpPosition":[134.713,202.282,101.854],"pipPosition":[139.523,207.896,61.3487],"stabilizedTipPosition":[157.059,209.977,23.3277],"timeVisible":10.5017,"tipPosition":[161.385,205.983,26.9547],"tipVelocity":[1104.58,51.0985,361.038],"tool":false,"touchDistance":-0.318279,"touchZone":"touching","type":0,"width":16.586},{"bases":[[[0.98329,-0.0612408,0.171435],[-0.00521526,0.931855,0.362794],[-0.18197,-0.357626,0.915964]],[[0.970609,-0.0825753,0.226051],[0.230314,0.591175,-0.77296],[-0.0698085,0.802305,0.592818]],[[0.970609,-0.0825753,0.226051],[0.0984979,-0.720714,-0.686199],[0.219581,0.688297,-0.691398]],[[0.970609,-0.0825753,0.226051],[-0.0563514,-0.99116,-0.120106],[0.233971,0.103838,-0.966683]]],"btipPosition":[154.128,195.615,59.3776],"carpPosition":[149.575,224,104.563],"dipPosition":[157.705,197.203,44.6006],"direction":[-0.219581,-0.688296,0.691399],"extended":false,"handId":47,"id":472,"length":54.5062,"mcpPosition":[160.047,244.581,51.851],"pipPosition":[162.784,213.124,28.6075],"stabilizedTipPosition":[153.817,196.029,55.6568],"timeVisible":10.5017,"tipPosition":[155.712,197.647,59.6567],"tipVelocity":[954.773,-36.2026,273.343],"tool":false,"touchDistance":0.333333,"touchZone":"none","type":2,"width":15.5599},{"bases":[[[0.943371,-0.183273,0.276518],[0.0592516,0.913223,0.40313],[-0.326405,-0.363917,0.872367]],[[0.922101,-0.204765,0.328331],[0.385544,0.558432,-0.734513],[-0.0329482,0.803881,0.593877]],[[0.922101,-0.204765,0.328331],[0.0735334,-0.740322,-0.668219],[0.379898,0.640309,-0.667594]],[[0.922101,-0.204765,0.328331],[-0.172834,-0.977116,-0.123988],[0.346206,0.0575825,-0.93639]]],"btipPo