{"frames":73,"data":[{"currentFrameRate":57.6778,"devices":[],"gestures":[],"hands":[{"armBasis":[[0.946798,-0.106319,-0.303758],[0.258049,0.814807,0.519133],[0.19231,-0.569899,0.798894]],"armWidth":53.0314,"confidence":1,"direction":[0.142537,0.872352,-0.467638],"elbow":[86.983,34.592,233.942],"grabAngle":3.11333,"grabStrength":0.370979,"id":161,"palmNormal":[-0.21558,-0.433758,-0.87486],"palmPosition":[41.5515,220.36,13.1096],"palmVelocity":[-11.6555,1.44655,1.20028],"palmWidth":77.8763,"pinchDistance":26.9969,"pinchStrength":0.810358,"r":[[0.930859,0.285147,-0.228457],[-0.246801,0.951759,0.182327],[0.269426,-0.113337,0.956329]],"s":1.54739,"sphereCenter":[47.7397,213.187,-25.9291],"sphereRadius":38.6157,"stabilizedPalmPosition":[39.3925,223.214,14.5147],"t":[-82.2451,82.1192,-44.584],"timeVisible":3.86769,"type":"right","wrist":[42.5426,166.288,49.3282]}],"id":127509,"interactionBox":{"center":[0,200,0],"size":[235.247,235.247,147.751]},"pointables":[{"bases":[[[0.609361,0.467443,0.64045],[-0.73667,0.0350261,0.675345],[0.293253,-0.883329,0.365695]],[[0.474694,0.738056,0.47952],[-0.835762,0.207147,0.50852],[0.275985,-0.642156,0.71517]],[[0.474694,0.738056,0.47952],[-0.878625,0.365297,0.307533],[0.0518093,-0.567302,0.821878]],[[0.474694,0.738056,0.47952],[-0.859317,0.506473,0.0711295],[-0.190366,-0.445824,0.874644]]],"btipPosition":[6.43658,230.301,-35.7404],"carpPosition":[16.0827,179.113,33.4967],"dipPosition":[2.8826,221.977,-19.4115],"direction":[-0.0518093,0.567302,-0.821878],"extended":false,"handId":161,"id":1610,"length":41.5735,"mcpPosition":[16.0827,179.113,33.4967],"pipPosition":[4.29173,206.548,2.94219],"stabilizedTipPosition":[2.68723,231.124,-31.3135],"timeVisible":3.86769,"tipPosition":[1.71417,227.197,-32.4598],"tipVelocity":[-7.92838,-6.79524,0.293715],"tool":false,"touchDistance":0.154862,"touchZone":"hovering","type":0,"width":16.6432},{"bases":[[[0.976245,-0.0758422,-0.20296],[0.209978,0.562144,0.79994],[0.0534237,-0.823555,0.564715]],[[0.976468,-0.0794138,-0.200509],[0.14455,0.930984,0.335223],[0.160049,-0.356318,0.920555]],[[0.976468,-0.0794138,-0.200509],[0.0240972,0.964089,-0.264486],[0.214312,0.25343,0.943315]],[[0.976468,-0.0794138,-0.200509],[-0.0419511,0.842031,-0.537795],[0.211543,0.533551,0.818885]]],"btipPosition":[11.8,244.714,-53.4721],"carpPosition":[27.6643,192.804,42.9835],"dipPosition":[14.6832,251.986,-42.3113],"direction":[-0.214312,-0.25343,-0.943315],"extended":false,"handId":161,"id":1611,"length":46.9111,"mcpPosition":[24.3004,244.661,7.42532],"pipPosition":[18.8153,256.872,-24.1234],"stabilizedTipPosition":[11.7549,247.99,-50.4721],"timeVisible":3.86769,"tipPosition":[12.0783,245.496,-50.3735],"tipVelocity":[-6.23523,10.8669,-8.82044],"tool":false,"touchDistance":-0.12478,"touchZone":"touching","type":1,"width":15.8976},{"bases":[[[0.924292,-0.281123,-0.258176],[0.373123,0.523011,0.766315],[-0.0804,-0.80463,0.588309]],[[0.927211,-0.239179,-0.288224],[0.075727,0.873367,-0.48114],[0.366804,0.424292,0.827908]],[[0.927211,-0.239179,-0.288224],[-0.361138,-0.36691,-0.857296],[0.0992947,0.898983,-0.42658]],[[0.927211,-0.239179,-0.288224],[-0.349155,-0.830465,-0.434072],[-0.13554,0.503111,-0.853527]]],"btipPosition":[28.5978,197.046,-2.74282],"carpPosition":[38.121,193.248,41.7483],"dipPosition":[26.566,204.588,-15.5376],"direction":[-0.0992947,-0.898983,0.42658],"extended":false,"handId":161,"id":1612,"length":53.4514,"mcpPosition":[42.9219,241.295,6.61875],"pipPosition":[28.8184,224.981,-25.2141],"stabilizedTipPosition":[26.2889,202.037,-5.12627],"timeVisible":3.86769,"tipPosition":[26.7051,201.888,-11.2023],"tipVelocity":[-12.1082,-3.48744,8.52744],"tool":false,"touchDistance":0.333333,"touchZone":"none","type":2,"width":15.6135},{"bases":[[[0.871611,-0.435089,-0.225816],[0.435453,0.475673,0.764274],[-0.225112,-0.764482,0.604063]],[[0.883541,-0.388464,-0.261632],[0.221487,0.838766,-0.497409],[0.412673,0.381533,0.827124]],[[0.883541,-0.388464,-0.261632],[-0.402422,-0.34388,-0.848412],[0.239608,0.854893,-0.460159]],[[0.883541,-0.388464,-0.261632],[-0.464069,-0.801521,-0.3771],[-0.0632134,0.454598,-0.888451]]],"btipPosition":[41.1437,192.995,0.770112],"carpPosition":[48.1358,191.274,39.2245],"dipPosition":[40.2015,199.77,-12.4717],"direction":[-0.239608,-0.854893,0.460159],"extended":false,"handId":161,"id":1613,"length":51.395,"mcpPosition":[60.2045,232.26,6.83939],"pipPosition":[45.4964,218.662,-22.6403],"stabilizedTipPosition":[39.4449,197.964,-1.46116],"timeVisible":3.86769,"tipPosition":[39.7996,198.331,-11.4306],"tipVelocity":[-7.65377,-2.29495,7.20645],"tool":false,"touchDistance":0.333333,"touchZone":"none","type":3,"width":14.8573},{"bases":[[[0.755687,-0.593219,-0.27754],[0.544109,0.332789,0.770193],[-0.364531,-0.733037,0.57426]],[[0.775667,-0.549442,-0.31057],[0.380156,0.799527,-0.465014],[0.503807,0.242631,0.829041]],[[0.775667,-0.549442,-0.31057],[-0.479025,-0.192112,-0.856521],[0.410944,0.813146,-0.412211]],[[0.775667,-0.549442,-0.31057],[-0.631117,-0.670791,-0.389527],[0.00569484,0.49815,-0.867072]]],"btipPosition":[53.6872,194.459,-0.249665],"carpPosition":[56.2967,184.459,33.2804],"dipPosition":[53.7655,201.308,-12.1718],"direction":[-0.410944,-0.813146,0.412211],"extended":false,"handId":161,"id":1614,"length":40.2927,"mcpPosition":[74.3877,220.839,4.78091],"pipPosition":[60.1772,213.995,-18.6032],"stabilizedTipPosition":[52.1008,199.737,-1.77682],"timeVisible":3.86769,"tipPosition":[53.3409,199.581,-9.91972],"tipVelocity":[-6.30574,-1.35022,6.71511],"tool":false,"touchDistance":0.333333,"touchZone":"none","type":4,"width":13.1974}],"r":[[0.930859,0.285147,-0.228457],[-0.246801,0.951759,0.182327],[0.269426,-0.113337,0.956329]],"s":1.54739,"t":[-82.2451,82.1192,-44.584],"timestamp":1132353685030},{"currentFrameRate":57.6441,"devices":[],"gestures":[],"hands":[{"armBasis":[[0.947066,-0.104734,-0.303475],[0.256473,0.815406,0.518975],[0.193101,-0.569337,0.799104]],"armWidth":53.0314,"confidence":1,"direction":[0.143204,0.871261,-0.469464],"elbow":[86.9596,34.8409,234.158],"grabAngle":3.11151,"grabStrength":0.366217,"id":161,"palmNormal":[-0.213392,-0.436013,-0.874275],"palmPosition":[41.3806,220.403,13.1575],"palmVelocity":[-9.78624,2.44167,2.74235],"palmWidth":77.8763,"pinchDistance":27.2002,"pinchStrength":0.80457,"r":[[0.930884,0.285372,-0.228074],[-0.247522,0.951873,0.180748],[0.268678,-0.111803,0.95672]],"s":1.54866,"sphereCenter":[47.5526,213.173,-25.8306],"sphereRadius":38.5983,"stabilizedPalmPosition":[39.4102,223.189,14.5026],"t":[-82.402,82.1412,-44.5538],"timeVisible":3.88514,"type":"right","wrist":[42.3365,166.407,49.4952]}],"id":127510,"interactionBox":{"center":[0,200,0],"size":[235.247,235.247,147.751]},"pointables":[{"bases":[[[0.60769,0.469301,0.640679],[-0.73822,0.0363527,0.67358],[0.292822,-0.88229,0.368539]],[[0.473639,0.738934,0.479211],[-0.836795,0.20788,0.506517],[0.274664,-0.640908,0.716796]],[[0.473639,0.738934,0.479211],[-0.87927,0.365527,0.30541],[0.0505128,-0.56601,0.82285]],[[0.473639,0.738934,0.479211],[-0.859666,0.506147,0.0692014],[-0.191416,-0.444738,0.874967]]],"btipPosition":[6.34944,230.273,-35.7507],"carpPosition":[15.8843,179.194,33.5883],"dipPosition":[2.77585,221.97,-19.4157],"direction":[-0.0505128,0.56601,-0.82285],"extended":false,"handId":161,"id":1610,"length":41.5735,"mcpPosition":[15.8843,179.194,33.5883],"pipPosition":[4.14971,206.576,2.96435],"stabilizedTipPosition":[2.70964,231.102,-31.3189],"timeVisible":3.88514,"tipPosition":[1.66437,227.115,-32.5163],"tipVelocity":[-5.24947,-1.30315,-0.510166],"tool":false,"touchDistance":0.154714,"touchZone":"hovering","type":0,"width":16.6432},{"bases":[[[0.976739,-0.0758934,-0.200552],[0.207903,0.564211,0.799026],[0.0525132,-0.822135,0.566866]],[[0.976984,-0.0799129,-0.197778],[0.144162,0.930742,0.336062],[0.157225,-0.356839,0.92084]],[[0.976984,-0.0799129,-0.197778],[0.0260344,0.964914,-0.261272],[0.211718,0.25011,0.944786]],[[0.976984,-0.0799129,-0.197778],[-0.039258,0.843978,-0.534939],[0.209669,0.530391,0.821416]]],"btipPosition":[11.8035,244.859,-53.596],"carpPosition":[27.4381,192.914,43.0676],"dipPosition":[14.6611,252.088,-42.4007],"direction":[-0.211718,-0.25011,-0.944786],"extended":false,"handId":161,"id":1611,"length":46.9111,"mcpPosition":[24.1315,244.681,7.37406],"pipPosition":[18.7432,256.911,-24.1844],"stabilizedTipPosition":[11.7571,247.986,-50.4738],"timeVisible":3.88514,"tipPosition":[12.0479,245.389,-50.4643],"tipVelocity":[-0.139342,7.76741,-6.64147],"tool":false,"touchDistance":-0.126712,"touchZone":"touching","type":1,"width":15.8976},{"bases":[[[0.925004,-0.281334,-0.255379],[0.371141,0.525071,0.765868],[-0.0813725,-0.803213,0.590108]],[[0.92778,-0.24384,-0.28243],[0.0812191,0.87075,-0.484971],[0.364181,0.427008,0.827669]],[[0.92778,-0.24384,-0.28243],[-0.358177,-0.369892,-0.857257],[0.104565,0.896505,-0.430517]],[[0.92778,-0.24384,-0.28243],[-0.349972,-0.831178,-0.432045],[-0.1294,0.499685,-0.856488]]],"btipPosition":[28.3214,197.077,-2.60058],"carpPosition":[37.8973,193.36,41.8551],"dipPosition":[26.3817,204.567,-15.4398],"direction":[-0.104565,-0.896505,0.430517],"extended":false,"handId":161,"id":1612,"length":53.4514,"mcpPosition":[42.7563,241.322,6.61813],"pipPosition":[28.7536,224.903,-25.2055],"stabilizedTipPosition":[26.2961,202.022,-5.1282],"timeVisible":3.88514,"tipPosition":[26.6109,201.833,-11.086],"tipVelocity":[-14.6152,1.05935,7.56161],"tool":false,"touchDistance":0.333333,"touchZone":"none","type":2,"width":15.6135},{"bases":[[[0.87232,-0.435243,-0.222759],[0.433497,0.477757,0.764087],[-0.226139,-0.763093,0.605434]],[[0.88431,-0.388702,-0.258663],[0.222179,0.837584,-0.499088],[0.410648,0.383879,0.827046]],[[0.88431,-0.388702,-0.258663],[-0.400307,-0.346056,-0.848528],[0.240313,0.853906,-0.461621]],[[0.88431,-0.388702,-0.258663],[-0.462878,-0.802421,-0.37665],[-0.061152,0.452804,-0.88951]]],"btipPosition":[41.0075,192.995,0.88195],"carpPosition":[47.9187,191.385,39.359],"dipPosition":[40.096,199.744,-12.3756],"direction":[-0.240313,-0.853906,0.461621],"extended":false,"handId":161,"id":1613,"length":51.395,"mcpPosition":[60.0425,232.296,6.90035],"pipPosition":[45.4065,218.614,-22.5765],"stabilizedTipPosition":[39.4497,197.952,-1.4637],"timeVisible":3.88514,"tipPosition":[39.6954,198.309,-11.3253],"tipVelocity":[-7.39551,-0.316016,6.1973],"tool":false,"touchDistance":0.333333,"touchZone":"none","type":3,"width":14.8573},{"bases":[[[0.756586,-0.593554,-0.274356],[0.542204,0.334938,0.770604],[-0.365503,-0.731786,0.575237]],[[0.77597,-0.551397,-0.306319],[0.382535,0.797506,-0.466531],[0.501535,0.244836,0.82977]],[[0.77597,-0.551397,-0.306319],[-0.476479,-0.194186,-0.857473],[0.413325,0.811328,-0.413412]],[[0.77597,-0.551397,-0.306319],[-0.630702,-0.671178,-0.389532],[0.00919228,0.495461,-0.868581]]],"btipPosition":[53.5139,194.499,-0.109342],"carpPosition":[56.0962,184.559,33.4503],"dipPosition":[53.6403,201.311,-12.0522],"direction":[-0.413325,-0.811328,0.413412],"extended":false,"handId":161,"id":1614,"length":40.2927,"mcpPosition":[74.2354,220.876,4.90232],"pipPosition":[60.089,213.97,-18.5024],"stabilizedTipPosition":[52.1061,199.723,-1.78076],"timeVisible":3.88514,"tipPosition":[53.2328,199.562,-9.77266],"tipVelocity":[-9.29521,1.82147,7.76354],"tool":false,"touchDistance":0.333333,"touchZone":"none","type":4,"width":13.1974}],"r":[[0.930884,0.285372,-0.228074],[-0.247522,0.951873,0.180748],[0.268678,-0.111803,0.95672]],"s":1.54866,"t":[-82.402,82.1412,-44.5538],"timestamp":1132353702490},{"currentFrameRate":57.6655,"devices":[],"gestures":[],"hands":[{"armBasis":[[0.947138,-0.103332,-0.303732],[0.255186,0.81643,0.517998],[0.19445,-0.568123,0.799641]],"armWidth":53.0314,"confidence":1,"direction":[0.143576,0.872418,-0.467196],"elbow":[87.0708,35.0038,234.236],"grabAngle":3.11122,"grabStrength":0.363728,"id":161,"palmNormal":[-0.211608,-0.434106,-0.875657],"palmPosition":[41.1919,220.348,13.2125],"palmVelocity":[-10.925,-3.1467,3.18482],"palmWidth":77.8763,"pinchDistance":27.237,"pinchStrength":0.803523,"r":[[0.930955,0.285755,-0.227305],[-0.248261,0.951854,0.179836],[0.26775,-0.110988,0.957074]],"s":1.54979,"sphereCenter":[47.3822,213.229,-25.7636],"sphereRadius":38.5858,"stabilizedPalmPosition":[39.4259,223.164,14.4913],"t":[-82.5748,82.125,-44.5111],"timeVisible":3.90242,"type":"right","wrist":[42.1359,166.29,49.4491]}],"id":127511,"interactionBox":{"center":[0,200,0],"size":[235.247,235.247,147.751]},"pointables":[{"bases":[[[0.606302,0.46814,0.642839],[-0.739434,0.0344095,0.672349],[0.292634,-0.882984,0.367022]],[[0.472359,0.738125,0.481714],[-0.837744,0.206094,0.505678],[0.273975,-0.642414,0.715711]],[[0.472359,0.738125,0.481714],[-0.87999,0.363967,0.305198],[0.0499463,-0.568066,0.821466]],[[0.472359,0.738125,0.481714],[-0.860251,0.505099,0.069586],[-0.19195,-0.447265,0.873561]]],"btipPosition":[6.20115,230.326,-35.7259],"carpPosition":[15.6812,179.079,33.5028],"dipPosition":[2.6176,221.976,-19.4172],"direction":[-0.0499463,0.568066,-0.821466],"extended":false,"handId":161,"id":1610,"length":41.5735,"mcpPosition":[15.6812,179.079,33.5028],"pipPosition":[3.97605,206.525,2.92522],"stabilizedTipPosition":[2.73136,231.08,-31.3243],"timeVisible":3.90242,"tipPosition":[1.56364,227.149,-32.5148],"tipVelocity":[-8.71934,2.42018,1.08343],"tool":false,"touchDistance":0.155026,"touchZone":"hovering","type":0,"width":16.6432},{"bases":[[[0.977134,-0.0749167,-0.19899],[0.206184,0.562474,0.800694],[0.0519416,-0.823414,0.565059]],[[0.97736,-0.0786606,-0.196418],[0.142819,0.930198,0.338134],[0.15611,-0.358531,0.920372]],[[0.97736,-0.0786606,-0.196418],[0.0259022,0.965824,-0.257901],[0.209992,0.246974,0.945995]],[[0.97736,-0.0786606,-0.196418],[-0.0386541,0.846321,-0.531269],[0.208023,0.526833,0.82412]]],"btipPosition":[11.7061,244.976,-53.5597],"carpPosition":[27.2108,192.784,43.0343],"dipPosition":[14.5413,252.157,-42.3276],"direction":[-0.209992,-0.246974,-0.945995],"extended":false,"handId":161,"id":1611,"length":46.9111,"mcpPosition":[23.9403,244.631,7.45444],"pipPosition":[18.5902,256.918,-24.088],"stabilizedTipPosition":[11.7596,247.98,-50.4759],"timeVisible":3.90242,"tipPosition":[11.96,245.469,-50.4049],"tipVelocity":[-5.93559,6.11774,2.59008],"tool":false,"touchDistance":-0.125967,"touchZone":"touching","type":1,"width":15.8976},{"bases":[[[0.925605,-0.280257,-0.254383],[0.369502,0.523497,0.767737],[-0.0819952,-0.804616,0.588107]],[[0.928275,-0.245407,-0.279431],[0.0843906,0.870769,-0.484396],[0.362194,0.426071,0.829023]],[[0.928275,-0.245407,-0.279431],[-0.356012,-0.369146,-0.858479],[0.107526,0.896385,-0.430037]],[[0.928275,-0.245407,-0.279431],[-0.350037,-0.830347,-0.433587],[-0.12562,0.500299,-0.856692]]],"btipPosition":[28.0859,197.068,-2.5547],"carpPosition":[37.672,193.237,41.8414],"dipPosition":[26.2028,204.567,-15.3969],"direction":[-0.107526,-0.896385,0.430037],"extended":false,"handId":161,"id":1612,"length":53.4514,"mcpPosition":[42.5681,241.283,6.72388],"pipPosition":[28.6419,224.901,-25.1518],"stabilizedTipPosition":[26.3034,202.005,-5.13025],"timeVisible":3.90242,"tipPosition":[26.4831,201.806,-11.0622],"tipVelocity":[-12.8857,-0.400978,2.61595],"tool":false,"touchDistance":0.333333,"touchZone":"none","type":2,"width":15.6135},{"bases":[[[0.872945,-0.434269,-0.222212],[0.431886,0.47622,0.765957],[-0.22681,-0.764608,0.603268]],[[0.884974,-0.387639,-0.257987],[0.22228,0.838532,-0.49745],[0.409161,0.382885,0.828243]],[[0.884974,-0.387639,-0.257987],[-0.398761,-0.344826,-0.849756],[0.240438,0.854887,-0.459737]],[[0.884974,-0.387639,-0.257987],[-0.461776,-0.801845,-0.37922],[-0.0598645,0.454732,-0.888614]]],"btipPosition":[40.8546,192.95,0.899949],"carpPosition":[47.6988,191.273,39.3585],"dipPosition":[39.9624,199.728,-12.3443],"direction":[-0.240438,-0.854887,0.459737],"extended":false,"handId":161,"id":1613,"length":51.395,"mcpPosition":[59.8586,232.266,7.01601],"pipPosition":[45.2756,218.619,-22.5036],"stabilizedTipPosition":[39.455,197.937,-1.46669],"timeVisible":3.90242,"tipPosition":[39.5643,198.302,-11.304],"tipVelocity":[-8.59374,-2.22853,1.22013],"tool":false,"touchDistance":0.333333,"touchZone":"none","type":3,"width":14.8573},{"bases":[[[0.757387,-0.592521,-0.27438],[0.540657,0.333443,0.772338],[-0.366137,-0.733304,0.572896]],[[0.776854,-0.550165,-0.306294],[0.382501,0.798708,-0.464498],[0.50019,0.24369,0.830918]],[[0.776854,-0.550165,-0.306294],[-0.475027,-0.192745,-0.858603],[0.413336,0.812507,-0.411078]],[[0.776854,-0.550165,-0.306294],[-0.629597,-0.670719,-0.392102],[0.0102832,0.497448,-0.867433]]],"btipPosition":[53.3623,194.467,-0.0793991],"carpPosition":[55.8904,184.465,33.4487],"dipPosition":[53.5037,201.307,-12.0065],"direction":[-0.413336,-0.812507,0.411078],"extended":false,"handId":161,"id":1614,"length":40.2927,"mcpPosition":[74.0611,220.858,5.01685],"pipPosition":[59.9526,213.984,-18.4202],"stabilizedTipPosition":[52.1117,199.707,-1.78528],"timeVisible":3.90242,"tipPosition":[53.0963,199.562,-9.73569],"tipVelocity":[-8.57671,-1.45323,1.94411],"tool":false,"touchDistance":0.333333,"touchZone":"none","type":4,"width":13.1974}],"r":[[0.930955,0.285755,-0.227305],[-0.248261,0.951854,0.179836],[0.26775,-0.110988,0.957074]],"s":1.54979,"t":[-82.5748,82.125,-44.5111],"timestamp":1132353719760},{"currentFrameRate":57.5553,"devices":[],"gestures":[],"hands":[{"armBasis":[[0.947476,-0.101338,-0.303348],[0.253286,0.816879,0.518222],[0.195283,-0.567837,0.799641]],"armWidth":53.0314,"confidence":1,"direction":[0.143208,0.872021,-0.46805],"elbow":[87.1452,35.2303,234.339],"grabAngle":3.11049,"grabStrength":0.361684,"id":161,"palmNormal":[-0.209641,-0.435465,-0.875455],"palmPosition":[41.0493,220.471,13.2579],"palmVelocity":[-8.03857,6.91417,2.56209],"palmWidth":77.8763,"pinchDistance":27.3789,"pinchStrength":0.799481,"r":[[0.931009,0.286246,-0.226462],[-0.249154,0.951818,0.178789],[0.266728,-0.11003,0.95747]],"s":1.55108,"sphereCenter":[47.237,213.342,-25.6812],"sphereRadius":38.5803,"stabilizedPalmPosition":[39.4405,223.139,14.4802],"t":[-82.7325,82.1782,-44.4671],"timeVisible":3.92016,"type":"right","wrist":[42.0178,166.45,49.5529]}],"id":127512,"interactionBox":{"center":[0,200,0],"size":[235.247,235.247,147.751]},"pointables":[{"bases":[[[0.604665,0.469718,0.64323],[-0.740559,0.0342936,0.671116],[0.293176,-0.88215,0.36859]],[[0.470902,0.738955,0.481868],[-0.838699,0.205622,0.504286],[0.273561,-0.641612,0.716588]],[[0.470902,0.738955,0.481868],[-0.880748,0.36264,0.30459],[0.0503333,-0.567837,0.821601]],[[0.470902,0.738955,0.481868],[-0.861291,0.503281,0.0698995],[-0.190862,-0.447945,0.873451]]],"btipPosition":[6.06578,230.413,-35.7093],"carpPosition":[15.559,179.194,33.5585],"dipPosition":[2.50253,222.05,-19.4027],"direction":[-0.0503333,0.567837,-0.821601],"extended":false,"handId":161,"id":1610,"length":41.5735,"mcpPosition":[15.559,179.194,33.5585],"pipPosition":[3.87151,206.606,2.94346],"stabilizedTipPosition":[2.75316,231.057,-31.3298],"timeVisible":3.92016,"tipPosition":[1.50841,227.172,-32.5379],"tipVelocity":[-7.36718,4.75558,0.910304],"tool":false,"touchDistance":0.155295,"touchZone":"hovering","type":0,"width":16.6432},{"bases":[[[0.977548,-0.0739073,-0.197326],[0.204173,0.563733,0.800324],[0.0520893,-0.822644,0.566166]],[[0.977803,-0.0781333,-0.194414],[0.141836,0.929781,0.339691],[0.154221,-0.359726,0.920224]],[[0.977803,-0.0781333,-0.194414],[0.0264508,0.966478,-0.255385],[0.207851,0.244574,0.947091]],[[0.977803,-0.0781333,-0.194414],[-0.0375934,0.847392,-0.529635],[0.206127,0.525187,0.825645]]],"btipPosition":[11.6735,245.179,-53.6091],"carpPosition":[27.0557,192.925,43.0915],"dipPosition":[14.4829,252.337,-42.3561],"direction":[-0.207851,-0.244574,-0.947091],"extended":false,"handId":161,"id":1611,"length":46.9111,"mcpPosition":[23.7758,244.724,7.44197],"pipPosition":[18.4904,257.053,-24.0954],"stabilizedTipPosition":[11.7631,247.973,-50.4793],"timeVisible":3.92016,"tipPosition":[11.8932,245.492,-50.4451],"tipVelocity":[-2.1741,11.1502,-2.51088],"tool":false,"touchDistance":-0.126709,"touchZone":"touching","type":1,"width":15.8976},{"bases":[[[0.926372,-0.279383,-0.252546],[0.367594,0.524925,0.767678],[-0.0819083,-0.80399,0.588975]],[[0.928855,-0.247948,-0.275229],[0.0874762,0.868766,-0.487435],[0.359968,0.428681,0.828647]],[[0.928855,-0.247948,-0.275229],[-0.353588,-0.371848,-0.858315],[0.110474,0.894568,-0.433064]],[[0.928855,-0.247948,-0.275229],[-0.349879,-0.831301,-0.431885],[-0.121713,0.497455,-0.858909]]],"btipPosition":[27.887,197.167,-2.41671],"carpPosition":[37.5181,193.391,41.9149],"dipPosition":[26.0624,204.625,-15.2922],"direction":[-0.110474,-0.894568,0.433064],"extended":false,"handId":161,"id":1612,"length":53.4514,"mcpPosition":[42.4091,241.4,6.74552],"pipPosition":[28.5684,224.917,-25.1158],"stabilizedTipPosition":[26.3095,201.988,-5.13155],"timeVisible":3.92016,"tipPosition":[26.4125,201.854,-10.9692],"tipVelocity":[-10.4529,5.07654,7.34695],"tool":false,"touchDistance":0.333333,"touchZone":"none","type":2,"width":15.6135},{"bases":[[[0.873858,-0.433422,-0.220268],[0.430041,0.477726,0.766057],[-0.226798,-0.764149,0.603853]],[[0.885885,-0.386821,-0.256081],[0.221703,0.837914,-0.498746],[0.407499,0.385057,0.828055]],[[0.885885,-0.386821,-0.256081],[-0.397091,-0.346895,-0.849695],[0.239846,0.85442,-0.460912]],[[0.885885,-0.386821,-0.256081],[-0.460144,-0.802838,-0.379101],[-0.0589477,0.453674,-0.889216]]],"btipPosition":[40.7653,193.038,1.00223],"carpPosition":[47.5515,191.437,39.4505],"dipPosition":[39.8867,199.8,-12.2509],"direction":[-0.239846,-0.85442,0.460912],"extended":false,"handId":161,"id":1613,"length":51.395,"mcpPosition":[59.7106,232.405,7.07665],"pipPosition":[45.1868,218.681,-22.4362],"stabilizedTipPosition":[39.4592,197.924,-1.46892],"timeVisible":3.92016,"tipPosition":[39.4916,198.385,-11.2152],"tipVelocity":[-4.85977,4.73404,5.64891],"tool":false,"touchDistance":0.333333,"touchZone":"none","type":3,"width":14.8573},{"bases":[[[0.758587,-0.591887,-0.272425],[0.538985,0.335097,0.772791],[-0.366116,-0.733062,0.573218]],[[0.777896,-0.549915,-0.304091],[0.382436,0.798279,-0.465289],[0.498619,0.245651,0.831285]],[[0.777896,-0.549915,-0.304091],[-0.473451,-0.194705,-0.859031],[0.413186,0.812209,-0.411818]],[[0.777896,-0.549915,-0.304091],[-0.628289,-0.671821,-0.392312],[0.0114436,0.496235,-0.868113]]],"btipPosition":[53.2629,194.588,0.0288153],"carpPosition":[55.7613,184.632,33.5623],"dipPosition":[53.4202,201.411,-11.9076],"direction":[-0.413186,-0.812209,0.411818],"extended":false,"handId":161,"id":1614,"length":40.2927,"mcpPosition":[73.931,221.013,5.11453],"pipPosition":[59.8668,214.084,-18.3329],"stabilizedTipPosition":[52.1166,199.693,-1.78912],"timeVisible":3.92016,"tipPosition":[53.0175,199.668,-9.63835],"tipVelocity":[-5.39864,6.59079,5.97853],"tool":false,"touchDistance":0.333333,"touchZone":"none","type":4,"width":13.1974}],"r":[[0.931009,0.286246,-0.226462],[-0.249154,0.951818,0.178789],[0.266728,-0.11003,0.95747]],"s":1.55108,"t":[-82.7325,82.1782,-44.4671],"timestamp":1132353737501},{"currentFrameRate":57.6517,"devices":[],"gestures":[],"hands":[{"armBasis":[[0.947782,-0.0995121,-0.302997],[0.251423,0.817645,0.517922],[0.196204,-0.567057,0.799969]],"armWidth":53.0314,"confidence":1,"direction":[0.142164,0.871882,-0.468626],"elbow":[87.3329,35.4934,234.472],"grabAngle":3.10956,"grabStrength":0.358424,"id":161,"palmNormal":[-0.208096,-0.436529,-0.875293],"palmPosition":[40.9596,220.525,13.2727],"palmVelocity":[-5.27369,3.16845,0.867209],"palmWidth":77.8763,"pinchDistance":27.5463,"pinchStrength":0.794716,"r":[[0.930997,0.286917,-0.225662],[-0.250223,0.951732,0.17775],[0.265769,-0.109019,0.957853]],"s":1.55251,"sphereCenter":[47.1328,213.4,-25.6447],"sphereRadius":38.5828,"stabilizedPalmPosition":[39.4537,223.117,14.4697],"t":[-82.8562,82.2318,-44.4377],"timeVisible":3.93718,"type":"right","wrist":[41.9927,166.533,49.6096]}],"id":127513,"interactionBox":{"center":[0,200,0],"size":[235.247,235.247,147.751]},"pointables":[{"bases":[[[0.603276,0.471262,0.643405],[-0.741235,0.0335845,0.670405],[0.294328,-0.881354,0.369577]],[[0.469322,0.739979,0.481837],[-0.839464,0.204617,0.50342],[0.273928,-0.640751,0.717218]],[[0.469322,0.739979,0.481837],[-0.881512,0.360673,0.304715],[0.0516972,-0.567755,0.821573]],[[0.469322,0.739979,0.481837],[-0.86266,0.500741,0.0712431],[-0.188557,-0.449098,0.87336]]],"btipPosition":[5.93134,230.423,-35.7089],"carpPosition":[15.5203,179.222,33.5833],"dipPosition":[2.41112,222.039,-19.404],"direction":[-0.0516972,0.567755,-0.821573],"extended":false,"handId":161,"id":1610,"length":41.5735,"mcpPosition":[15.5203,179.222,33.5833],"pipPosition":[3.8172,206.597,2.94139],"stabilizedTipPosition":[2.77337,231.035,-31.3351],"timeVisible":3.93718,"tipPosition":[1.46987,227.129,-32.5617],"tipVelocity":[-7.31526,0.289814,0.000910793],"tool":false,"touchDistance":0.155295,"touchZone":"hovering","type":0,"width":16.6432},{"bases":[[[0.977853,-0.0724126,-0.196365],[0.20248,0.564727,0.800053],[0.0529588,-0.822095,0.566882]],[[0.978148,-0.0772445,-0.193029],[0.140777,0.929279,0.341499],[0.152999,-0.361211,0.919847]],[[0.978148,-0.0772445,-0.193029],[0.0266979,0.967401,-0.251838],[0.20619,0.241181,0.948324]],[[0.978148,-0.0772445,-0.193029],[-0.0369176,0.84914,-0.526876],[0.204607,0.522488,0.827733]]],"btipPosition":[11.6427,245.352,-53.6692],"carpPosition":[26.985,192.98,43.1157],"dipPosition":[14.4314,252.473,-42.3878],"direction":[-0.20619,-0.241181,-0.948324],"extended":false,"handId":161,"id":1611,"length":46.9111,"mcpPosition":[23.6504,244.744,7.42111],"pipPosition":[18.4069,257.124,-24.1033],"stabilizedTipPosition":[11.7667,247.966,-50.4834],"timeVisible":3.93718,"tipPosition":[11.8265,245.467,-50.486],"tipVelocity":[-2.0876,9.66583,-3.14766],"tool":false,"touchDistance":-0.127602,"touchZone":"touching","type":1,"width":15.8976},{"bases":[[[0.927076,-0.278019,-0.251465],[0.365997,0.526169,0.767589],[-0.0810912,-0.803649,0.589553]],[[0.92932,-0.250169,-0.271626],[0.0903135,0.867199,-0.489703],[0.358062,0.430559,0.828499]],[[0.92932,-0.250169,-0.271626],[-0.351525,-0.373998,-0.858228],[0.113114,0.893052,-0.435504]],[[0.92932,-0.250169,-0.271626],[-0.349793,-0.832125,-0.430364],[-0.118363,0.494959,-0.860817]]],"btipPosition":[27.7309,197.218,-2.32805],"carpPosition":[37.4477,193.462,41.9484],"dipPosition":[25.9566,204.638,-15.2321],"direction":[-0.113114,-0.893052,0.435504],"extended":false,"handId":161,"id":1612,"length":53.4514,"mcpPosition":[42.2899,241.45,6.74453],"pipPosition":[28.5225,224.896,-25.111],"stabilizedTipPosition":[26.3146,201.973,-5.13237],"timeVisible":3.93718,"tipPosition":[26.3846,201.839,-10.905],"tipVelocity":[-8.48478,2.46011,4.82156],"tool":false,"touchDistance":0.333333,"touchZone":"none","type":2,"width":15.6135},{"bases":[[[0.874793,-0.432121,-0.219111],[0.428525,0.479074,0.766064],[-0.226062,-0.764042,0.604265]],[[0.886774,-0.385528,-0.254951],[0.220573,0.83772,-0.499572],[0.406176,0.386773,0.827906]],[[0.886774,-0.385528,-0.254951],[-0.395805,-0.348562,-0.849613],[0.238684,0.854326,-0.46169]],[[0.886774,-0.385528,-0.254951],[-0.458432,-0.803949,-0.378822],[-0.0589205,0.452807,-0.889659]]],"btipPosition":[40.7334,193.072,1.05361],"carpPosition":[47.4866,191.523,39.4949],"dipPosition":[39.8552,199.821,-12.2062],"direction":[-0.238684,-0.854326,0.46169],"extended":false,"handId":161,"id":1613,"length":51.395,"mcpPosition":[59.6063,232.485,7.09891],"pipPosition":[45.1297,218.7,-22.4086],"stabilizedTipPosition":[39.4623,197.915,-1.47042],"timeVisible":3.93718,"tipPosition":[39.463,198.412,-11.1734],"tipVelocity":[-1.86665,1.84411,2.9286],"tool":false,"touchDistance":0.333333,"touchZone":"none","type":3,"width":14.8573},{"bases":[[[0.759838,-0.590823,-0.271245],[0.537704,0.336636,0.773014],[-0.365404,-0.733215,0.573476]],[[0.779231,-0.548546,-0.303145],[0.38116,0.798734,-0.465554],[0.49751,0.247227,0.831482]],[[0.779231,-0.548546,-0.303145],[-0.47241,-0.196222,-0.859259],[0.411859,0.81277,-0.412041]],[[0.779231,-0.548546,-0.303145],[-0.626636,-0.673238,-0.392527],[0.0112299,0.495831,-0.868347]]],"btipPosition":[53.2345,194.644,0.0745707],"carpPosition":[55.7134,184.727,33.6198],"dipPosition":[53.389,201.461,-11.8651],"direction":[-0.411859,-0.81277,0.412041],"extended":false,"handId":161,"id":1614,"length":40.2927,"mcpPosition":[73.8477,221.116,5.15915],"pipPosition":[59.8148,214.142,-18.2938],"stabilizedTipPosition":[52.1207,199.68,-1.79229],"timeVisible":3.93718,"tipPosition":[52.9842,199.721,-9.59139],"tipVelocity":[-1.70275,3.17558,2.64405],"tool":false,"touchDistance":0.333333,"touchZone":"none","type":4,"width":13.1974}],"r":[[0.930997,0.286917,-0.225662],[-0.250223,0.951732,0.17775],[0.265769,-0.109019,0.957853]],"s":1.55251,"t":[-82.8562,82.2318,-44.4377],"timestamp":1132353754526},{"currentFrameRate":57.6596,"devices":[],"gestures":[],"hands":[{"armBasis":[[0.947452,-0.0994601,-0.304043],[0.251698,0.818382,0.516623],[0.19744,-0.566003,0.800411]],"armWidth":53.0314,"confidence":1,"direction":[0.142107,0.872105,-0.46823],"elbow":[87.5453,35.6727,234.564],"grabAngle":3.10907,"grabStrength":0.356762,"id":161,"palmNormal":[-0.20841,-0.436066,-0.875449],"palmPosition":[40.8704,220.469,13.2785],"palmVelocity":[-5.14571,-3.24326,0.332769],"palmWidth":77.8763,"pinchDistance":27.5777,"pinchStrength":0.793823,"r":[[0.930978,0.287458,-0.225052],[-0.251047,0.951649,0.177029],[0.265059,-0.108312,0.95813]],"s":1.55372,"sphereCenter":[46.9962,213.373,-25.6369],"sphereRadius":38.5788,"stabilizedPalmPosition":[39.4663,223.093,14.4591],"t":[-82.9626,82.2305,-44.4201],"timeVisible":3.9545,"type":"right","wrist":[41.9196,166.469,49.599]}],"id":127514,"interactionBox":{"center":[0,200,0],"size":[235.247,235.247,147.751]},"pointables":[{"bases":[[[0.603522,0.470876,0.643457],[-0.741024,0.0333206,0.670651],[0.294353,-0.88157,0.36904]],[[0.469492,0.739764,0.482003],[-0.839288,0.204396,0.503803],[0.274175,-0.641071,0.716838]],[[0.469492,0.739764,0.482003],[-0.881351,0.359958,0.306023],[0.0528841,-0.568489,0.820989]],[[0.469492,0.739764,0.482003],[-0.86301,0.499808,0.0735201],[-0.186521,-0.450491,0.87308]]],"btipPosition":[5.76349,230.419,-35.6788],"carpPosition":[15.4333,179.158,33.5761],"dipPosition":[2.28129,222.008,-19.3791],"direction":[-0.0528841,0.568489,-0.820989],"extended":false,"handId":161,"id":1610,"length":41.5735,"mcpPosition":[15.4333,179.158,33.5761],"pipPosition":[3.71964,206.546,2.95037],"stabilizedTipPosition":[2.79259,231.013,-31.3403],"timeVisible":3.9545,"tipPosition":[1.38176,227.106,-32.5379],"tipVelocity":[-9.18775,-0.589514,1.66738],"tool":false,"touchDistance":0.155776,"touchZone":"hovering","type":0,"width":16.6432},{"bases":[[[0.977785,-0.0724121,-0.196704],[0.202784,0.564302,0.800276],[0.0530507,-0.822387,0.56645]],[[0.978069,-0.077045,-0.193509],[0.140801,0.929201,0.341703],[0.153482,-0.361456,0.91967]],[[0.978069,-0.077045,-0.193509],[0.0266444,0.967718,-0.250623],[0.206571,0.239971,0.948548]],[[0.978069,-0.077045,-0.193509],[-0.0368254,0.850465,-0.52474],[0.205001,0.520358,0.828976]]],"btipPosition":[11.525,245.362,-53.6611],"carpPosition":[26.9023,192.91,43.1119],"dipPosition":[14.319,252.454,-42.3627],"direction":[-0.206571,-0.239971,-0.948548],"extended":false,"handId":161,"id":1611,"length":46.9111,"mcpPosition":[23.5619,244.693,7.44446],"pipPosition":[18.3019,257.081,-24.0739],"stabilizedTipPosition":[11.7701,247.958,-50.4883],"timeVisible":3.9545,"tipPosition":[11.7211,245.449,-50.4598],"tipVelocity":[-6.72793,0.150948,0.694708],"tool":false,"touchDistance":-0.127402,"touchZone":"touching","type":1,"width":15.8976},{"bases":[[[0.926971,-0.277985,-0.251892],[0.366287,0.525744,0.767742],[-0.0809905,-0.803939,0.589171]],[[0.929108,-0.251798,-0.270844],[0.09197,0.866708,-0.490264],[0.35819,0.430598,0.828423]],[[0.929108,-0.251798,-0.270844],[-0.351569,-0.37424,-0.858105],[0.114708,0.892492,-0.436234]],[[0.929108,-0.251798,-0.270844],[-0.350789,-0.831936,-0.429917],[-0.117073,0.494449,-0.861286]]],"btipPosition":[27.5815,197.184,-2.28562],"carpPosition":[37.3647,193.392,41.9416],"dipPosition":[25.8265,204.596,-15.1967],"direction":[-0.114708,-0.892492,0.436234],"extended":false,"handId":161,"id":1612,"length":53.4514,"mcpPosition":[42.2009,241.397,6.76045],"pipPosition":[28.4286,224.841,-25.0922],"stabilizedTipPosition":[26.3194,201.956,-5.13306],"timeVisible":3.9545,"tipPosition":[26.2899,201.784,-10.88],"tipVelocity":[-8.37264,-2.07458,2.35643],"tool":false,"touchDistance":0.333333,"touchZone":"none","type":2,"width":15.6135},{"bases":[[[0.874681,-0.432098,-0.219599],[0.42881,0.478644,0.766174],[-0.225953,-0.764324,0.603949]],[[0.886656,-0.385489,-0.255419],[0.220335,0.83779,-0.49956],[0.406562,0.38666,0.827769]],[[0.886656,-0.385489,-0.255419],[-0.396169,-0.348329,-0.849539],[0.238518,0.854439,-0.461567]],[[0.886656,-0.385489,-0.255419],[-0.458638,-0.803654,-0.379199],[-0.0590916,0.453364,-0.889365]]],"btipPosition":[40.6361,193.011,1.05742],"carpPosition":[47.4027,191.453,39.484],"dipPosition":[39.7553,199.768,-12.198],"direction":[-0.238518,-0.854438,0.461567],"extended":false,"handId":161,"id":1613,"length":51.395,"mcpPosition":[59.5165,232.43,7.10496],"pipPosition":[45.0261,218.649,-22.3977],"stabilizedTipPosition":[39.466,197.902,-1.47238],"timeVisible":3.9545,"tipPosition":[39.3653,198.364,-11.1681],"tipVelocity":[-5.65541,-3.45292,0.278381],"tool":false,"touchDistance":0.333333,"touchZone":"none","type":3,"width":14.8573},{"bases":[[[0.759695,-0.590763,-0.271778],[0.537977,0.336191,0.773018],[-0.365301,-0.733468,0.573219]],[[0.779115,-0.548392,-0.303721],[0.380907,0.798933,-0.46542],[0.497885,0.246926,0.831347]],[[0.779115,-0.548392,-0.303721],[-0.472702,-0.195716,-0.859213],[0.411743,0.812996,-0.411711]],[[0.779115,-0.548392,-0.303721],[-0.626781,-0.672787,-0.393069],[0.0112165,0.496612,-0.8679]]],"btipPosition":[53.1344,194.582,0.063],"carpPosition":[55.6269,184.659,33.6029],"dipPosition":[53.2886,201.411,-11.8705],"direction":[-0.411743,-0.812996,0.411711],"extended":false,"handId":161,"id":1614,"length":40.2927,"mcpPosition":[73.7562,221.06,5.15505],"pipPosition":[59.7127,214.095,-18.2941],"stabilizedTipPosition":[52.1254,199.665,-1.79626],"timeVisible":3.9545,"tipPosition":[52.8861,199.673,-9.59521],"tipVelocity":[-5.78494,-3.39025,-0.586605],"tool":false,"touchDistance":0.333333,"touchZone":"none","type":4,"width":13.1974}],"r":[[0.930978,0.287458,-0.225052],[-0.251047,0.951649,0.177029],[0.265059,-0.108312,0.95813]],"s":1.55372,"t":[-82.9626,82.2305,-44.4201],"timestamp":1132353771843},{"currentFrameRate":57.65,"devices":[],"gestures":[],"hands":[{"armBasis":[[0.947253,-0.0991809,-0.304755],[0.25169,0.818898,0.515808],[0.198405,-0.565305,0.800666]],"armWidth":53.0314,"confidence":1,"direction":[0.142122,0.872009,-0.468403],"elbow":[87.7206,35.8201,234.62],"grabAngle":3.10912,"grabStrength":0.356722,"id":161,"palmNormal":[-0.208378,-0.436245,-0.875368],"palmPosition":[40.8142,220.444,13.2624],"palmVelocity":[-3.23454,-1.40376,-0.923866],"palmWidth":77.8763,"pinchDistance":27.5598,"pinchStrength":0.794331,"r":[[0.930963,0.287883,-0.224568],[-0.251707,0.951589,0.176412],[0.264483,-0.107707,0.958357]],"s":1.55469,"sphereCenter":[46.9027,213.354,-25.6406],"sphereRadius":38.569,"stabilizedPalmPosition":[39.4779,223.07,14.4488],"t":[-83.044,82.2177,-44.4194],"timeVisible":3.97188,"type":"right","wrist":[41.8718,166.455,49.5971]}],"id":127515,"interactionBox":{"center":[0,200,0],"size":[235.247,235.247,147.751]},"pointables":[{"bases":[[[0.603498,0.471009,0.643382],[-0.741049,0.0334559,0.670617],[0.294342,-0.881494,0.369231]],[[0.469353,0.740032,0.481728],[-0.839261,0.204272,0.503899],[0.274497,-0.640801,0.716955]],[[0.469353,0.740032,0.481728],[-0.881344,0.359109,0.307039],[0.0542254,-0.568677,0.820772]],[[0.469353,0.740032,0.481728],[-0.863477,0.498768,0.0750874],[-0.184703,-0.451203,0.873098]]],"btipPosition":[5.62245,230.405,-35.6868],"carpPosition":[15.3765,179.137,33.5675],"dipPosition":[2.17419,221.982,-19.3868],"direction":[-0.0542254,0.568677,-0.820772],"extended":false,"handId":161,"id":1610,"length":41.5735,"mcpPosition":[15.3765,179.137,33.5675],"pipPosition":[3.64903,206.515,2.93681],"stabilizedTipPosition":[2.81086,230.99,-31.3457],"timeVisible":3.97188,"tipPosition":[1.3461,227.079,-32.5534],"tipVelocity":[-7.66694,-0.946842,-0.454833],"tool":false,"touchDistance":0.155645,"touchZone":"hovering","type":0,"width":16.6432},{"bases":[[[0.977793,-0.07245,-0.196653],[0.202754,0.564466,0.800168],[0.053032,-0.822271,0.56662]],[[0.978052,-0.0766733,-0.19374],[0.140384,0.929592,0.340809],[0.153968,-0.360527,0.919953]],[[0.978052,-0.0766733,-0.19374],[0.0260287,0.967508,-0.251495],[0.206728,0.240933,0.948269]],[[0.978052,-0.0766733,-0.19374],[-0.0373714,0.8502,-0.525131],[0.204981,0.520846,0.828675]]],"btipPosition":[11.4495,245.279,-53.6829],"carpPosition":[26.8451,192.892,43.101],"dipPosition":[14.2432,252.378,-42.3887],"direction":[-0.206728,-0.240933,-0.948269],"extended":false,"handId":161,"id":1611,"length":46.9111,"mcpPosition":[23.5058,244.667,7.42282],"pipPosition":[18.2291,257.023,-24.1052],"stabilizedTipPosition":[11.7731,247.948,-50.4939],"timeVisible":3.97188,"tipPosition":[11.6685,245.416,-50.484],"tipVelocity":[-4.3464,-4.66875,-1.31299],"tool":false,"touchDistance":-0.127782,"touchZone":"touching","type":1,"width":15.8976},{"bases":[[[0.92698,-0.278035,-0.251801],[0.366258,0.525902,0.767648],[-0.08101,-0.803819,0.589333]],[[0.929028,-0.253267,-0.269746],[0.0934542,0.866,-0.491233],[0.358013,0.43116,0.828207]],[[0.929028,-0.253267,-0.269746],[-0.351318,-0.375005,-0.857873],[0.116115,0.891755,-0.437368]],[[0.929028,-0.253267,-0.269746],[-0.35145,-0.832003,-0.429247],[-0.115715,0.493585,-0.861965]]],"btipPosition":[27.48,197.166,-2.26172],"carpPosition":[37.3075,193.373,41.9309],"dipPosition":[25.7454,204.565,-15.183],"direction":[-0.116115,-0.891755,0.437368],"extended":false,"handId":161,"id":1612,"length":53.4514,"mcpPosition":[42.1449,241.372,6.74017],"pipPosition":[28.3793,224.794,-25.1042],"stabilizedTipPosition":[26.3241,201.937,-5.13368],"timeVisible":3.97188,"tipPosition":[26.2377,201.744,-10.8725],"tipVelocity":[-5.57003,-1.18666,1.24112],"tool":false,"touchDistance":0.333333,"touchZone":"none","type":2,"width":15.6135},{"bases":[[[0.87469,-0.432141,-0.219479],[0.428781,0.478801,0.766091],[-0.225973,-0.764201,0.604097]],[[0.886667,-0.385539,-0.255308],[0.220185,0.83753,-0.500062],[0.406622,0.387174,0.827499]],[[0.886667,-0.385539,-0.255308],[-0.396198,-0.348722,-0.849365],[0.238432,0.854256,-0.46195]],[[0.886667,-0.385539,-0.255308],[-0.458631,-0.803668,-0.379178],[-0.0589948,0.453297,-0.889405]]],"btipPosition":[40.5784,192.972,1.05826],"carpPosition":[47.3456,191.434,39.4741],"dipPosition":[39.6991,199.728,-12.1977],"direction":[-0.238432,-0.854256,0.46195],"extended":false,"handId":161,"id":1613,"length":51.395,"mcpPosition":[59.4605,232.404,7.08714],"pipPosition":[44.968,218.605,-22.4059],"stabilizedTipPosition":[39.4701,197.887,-1.47472],"timeVisible":3.97188,"tipPosition":[39.3112,198.33,-11.1697],"tipVelocity":[-3.29909,-2.25067,0.0403729],"tool":false,"touchDistance":0.333333,"touchZone":"none","type":3,"width":14.8573},{"bases":[[[0.759706,-0.590816,-0.271629],[0.537948,0.33635,0.772969],[-0.36532,-0.733352,0.573355]],[[0.779202,-0.548276,-0.303708],[0.380566,0.798876,-0.465797],[0.498011,0.247369,0.83114]],[[0.779202,-0.548276,-0.303708],[-0.472712,-0.195888,-0.859169],[0.411569,0.813032,-0.411813]],[[0.779202,-0.548276,-0.303708],[-0.626671,-0.672736,-0.393332],[0.0113389,0.49681,-0.867785]]],"btipPosition":[53.076,194.541,0.0538602],"carpPosition":[55.5701,184.639,33.5947],"dipPosition":[53.2319,201.372,-11.8781],"direction":[-0.411569,-0.813032,0.411813],"extended":false,"handId":161,"id":1614,"length":40.2927,"mcpPosition":[73.7003,221.034,5.14007],"pipPosition":[59.6533,214.057,-18.3033],"stabilizedTipPosition":[52.1305,199.646,-1.80085],"timeVisible":3.97188,"tipPosition":[52.831,199.641,-9.6002],"tipVelocity":[-3.34005,-2.36676,-0.505024],"tool":false,"touchDistance":0