{"frames":52,"data":[{"currentFrameRate":57.6619,"devices":[],"gestures":[],"hands":[{"armBasis":[[0.775033,-0.104212,-0.623268],[0.369623,0.874746,0.313366],[0.512544,-0.473244,0.716476]],"armWidth":56.7046,"confidence":1,"direction":[0.155395,0.645729,-0.747587],"elbow":[168.518,63.0042,277.131],"grabAngle":0.951593,"grabStrength":0.164849,"id":89,"palmNormal":[-0.335623,-0.677253,-0.654741],"palmPosition":[43.5918,216.523,55.8581],"palmVelocity":[319.551,-117.261,-223.287],"palmWidth":79.6914,"pinchDistance":75.46,"pinchStrength":0,"r":[[0.783969,0.420253,0.456924],[-0.0961882,0.809366,-0.579374],[-0.613302,0.410261,0.674942]],"s":1.2764,"sphereCenter":[46.0034,186.532,-2.52683],"sphereRadius":70.0191,"stabilizedPalmPosition":[38.4965,218.244,59.4454],"t":[8.3702,-44.1116,-7.24176],"timeVisible":21.3851,"type":"right","wrist":[47.3147,174.914,107.704]}],"id":65343,"interactionBox":{"center":[0,200,0],"size":[235.247,235.247,147.751]},"pointables":[{"bases":[[[0.704376,0.58985,0.394881],[-0.658277,0.334682,0.674284],[0.265567,-0.734891,0.624027]],[[0.463729,0.885882,0.0130106],[-0.725039,0.371011,0.580232],[0.50919,-0.278503,0.814347]],[[0.463729,0.885882,0.0130106],[-0.750121,0.384763,0.537844],[0.47146,-0.259173,0.842944]],[[0.463729,0.885882,0.0130106],[-0.773149,0.397459,0.494233],[0.432661,-0.239249,0.869232]]],"btipPosition":[-28.2888,211.451,13.2671],"carpPosition":[16.8771,186.655,91.7787],"dipPosition":[-19.4368,206.556,31.0511],"direction":[-0.47146,0.259173,-0.842944],"extended":true,"handId":89,"id":890,"length":45.5601,"mcpPosition":[16.8771,186.655,91.7787],"pipPosition":[-5.38426,198.831,56.1762],"stabilizedTipPosition":[-24.1606,207.318,18.5369],"timeVisible":21.3851,"tipPosition":[-15.3405,205.625,12.3706],"tipVelocity":[2.89928,341.495,63.1922],"tool":false,"touchDistance":-0.367132,"touchZone":"touching","type":0,"width":18.1457},{"bases":[[[0.941992,-0.239225,-0.235418],[0.331493,0.772971,0.540951],[0.0525625,-0.587611,0.807434]],[[0.943084,-0.255356,-0.213038],[0.332537,0.730524,0.596452],[0.00332214,-0.633347,0.773861]],[[0.943084,-0.255356,-0.213038],[0.290413,0.944513,0.153479],[0.162026,-0.206613,0.964914]],[[0.943084,-0.255356,-0.213038],[0.208937,0.953365,-0.217811],[0.258722,0.160902,0.952456]]],"btipPosition":[19.8445,265.425,-20.5075],"carpPosition":[30.644,201.814,95.1977],"dipPosition":[23.7088,267.829,-6.28141],"direction":[-0.162026,0.206613,-0.964914],"extended":true,"handId":89,"id":891,"length":51.4095,"mcpPosition":[27.2572,239.676,43.1714],"pipPosition":[27.1324,263.463,14.107],"stabilizedTipPosition":[17.4301,266.137,-15.6237],"timeVisible":21.3851,"tipPosition":[15.7624,256.541,-18.1912],"tipVelocity":[730.075,-59.3013,-364.563],"tool":false,"touchDistance":-0.695831,"touchZone":"touching","type":1,"width":17.3328},{"bases":[[[0.870027,-0.444658,-0.212913],[0.487049,0.708311,0.510959],[-0.0763934,-0.548247,0.83282]],[[0.864468,-0.474311,-0.166508],[0.476848,0.668906,0.570245],[-0.159095,-0.572358,0.804422]],[[0.864468,-0.474311,-0.166508],[0.494264,0.862384,0.109529],[0.0916429,-0.176984,0.979938]],[[0.864468,-0.474311,-0.166508],[0.411216,0.85776,-0.308463],[0.289131,0.198185,0.93655]]],"btipPosition":[45.5043,259.479,-31.4547],"carpPosition":[41.1605,200.717,93.0761],"dipPosition":[50.2541,262.735,-16.0691],"direction":[-0.0916429,0.176984,-0.979938],"extended":true,"handId":89,"id":892,"length":58.577,"mcpPosition":[45.8285,234.218,42.187],"pipPosition":[52.5323,258.335,8.29127],"stabilizedTipPosition":[42.9704,262.852,-25.6431],"timeVisible":21.3851,"tipPosition":[43.5792,265.85,-27.2326],"tipVelocity":[686.226,-529.668,-446.733],"tool":false,"touchDistance":-0.878541,"touchZone":"touching","type":2,"width":17.0231},{"bases":[[[0.810094,-0.572613,-0.125945],[0.545281,0.656894,0.52073],[-0.215444,-0.490515,0.844381]],[[0.793498,-0.604761,-0.0680103],[0.548384,0.662081,0.510807],[-0.263888,-0.44262,0.857001]],[[0.793498,-0.604761,-0.0680103],[0.606106,0.795383,-0.00107213],[0.0547426,-0.0403707,0.997684]],[[0.793498,-0.604761,-0.0680103],[0.520479,0.732297,-0.439139],[0.315378,0.313058,0.895841]]],"btipPosition":[66.5645,236.972,-27.9899],"carpPosition":[50.9147,196.909,90.6011],"dipPosition":[71.7158,242.085,-13.3576],"direction":[-0.0547426,0.0403707,-0.997684],"extended":true,"handId":89,"id":893,"length":56.3233,"mcpPosition":[62.7343,223.819,44.2769],"pipPosition":[73.0415,241.108,10.8034],"stabilizedTipPosition":[66.0041,241.189,-23.067],"timeVisible":21.3851,"tipPosition":[68.8619,247.027,-23.6483],"tipVelocity":[431.516,-825.302,-414.803],"tool":false,"touchDistance":-0.83761,"touchZone":"touching","type":3,"width":16.1985},{"bases":[[[0.678408,-0.72615,-0.111667],[0.643451,0.513901,0.567341],[-0.354589,-0.456741,0.815877]],[[0.593977,-0.802706,0.0534359],[0.69077,0.542938,0.477551],[-0.412345,-0.246742,0.876978]],[[0.593977,-0.802706,0.0534359],[0.803608,0.588924,-0.085926],[0.0375036,0.0939795,0.994867]],[[0.593977,-0.802706,0.0534359],[0.712374,0.493946,-0.498538],[0.373785,0.334186,0.865219]]],"btipPosition":[82.5494,211.662,-11.9039],"carpPosition":[58.0692,187.482,86.6865],"dipPosition":[88.1817,216.698,1.13353],"direction":[-0.0375036,-0.0939795,-0.994868],"extended":true,"handId":89,"id":894,"length":44.1565,"mcpPosition":[76.077,210.678,45.2523],"pipPosition":[88.823,218.305,18.1441],"stabilizedTipPosition":[83.4059,214.946,-8.14944],"timeVisible":21.3851,"tipPosition":[88.3043,220.018,-8.52056],"tipVelocity":[164.573,-923.153,-325.178],"tool":false,"touchDistance":-0.764075,"touchZone":"touching","type":4,"width":14.3888}],"r":[[0.783969,0.420253,0.456924],[-0.0961882,0.809366,-0.579374],[-0.613302,0.410261,0.674942]],"s":1.2764,"t":[8.3702,-44.1116,-7.24176],"timestamp":1131364267228},{"currentFrameRate":57.6615,"devices":[],"gestures":[],"hands":[{"armBasis":[[0.71728,-0.249798,-0.65047],[0.490199,0.844346,0.216296],[0.495191,-0.474004,0.728084]],"armWidth":56.7046,"confidence":1,"direction":[0.217814,0.56665,-0.794648],"elbow":[165.183,64.3436,279.342],"grabAngle":0.948657,"grabStrength":0.158921,"id":89,"palmNormal":[-0.439467,-0.670044,-0.598255],"palmPosition":[48.091,214.454,52.567],"palmVelocity":[259.415,-119.284,-189.752],"palmWidth":79.6914,"pinchDistance":76.5407,"pinchStrength":0,"r":[[0.829553,0.359135,0.427626],[-0.020056,0.784434,-0.619888],[-0.558068,0.505653,0.657933]],"s":1.28892,"sphereCenter":[44.9823,184.615,-2.07346],"sphereRadius":67.3871,"stabilizedPalmPosition":[44.2071,215.988,55.3515],"t":[13.6207,-46.2572,-10.7638],"timeVisible":21.4024,"type":"right","wrist":[48.0838,176.433,107.17]}],"id":65344,"interactionBox":{"center":[0,200,0],"size":[235.247,235.247,147.751]},"pointables":[{"bases":[[[0.786243,0.516916,0.338556],[-0.589808,0.464432,0.660628],[0.184253,-0.719097,0.670038]],[[0.581089,0.812166,-0.0521709],[-0.641456,0.496516,0.584813],[0.500869,-0.306363,0.809489]],[[0.581089,0.812166,-0.0521709],[-0.670215,0.513921,0.535441],[0.461678,-0.276173,0.84296]],[[0.581089,0.812166,-0.0521709],[-0.683929,0.522072,0.50959],[0.441109,-0.260436,0.858834]]],"btipPosition":[-25.9811,217.879,12.9344],"carpPosition":[18.7022,190.925,91.0214],"dipPosition":[-16.9563,212.551,30.5057],"direction":[-0.461678,0.276173,-0.84296],"extended":true,"handId":89,"id":890,"length":45.5601,"mcpPosition":[18.7022,190.925,91.0214],"pipPosition":[-3.19534,204.319,55.6312],"stabilizedTipPosition":[-24.008,212.901,17.6033],"timeVisible":21.4024,"tipPosition":[-14.388,209.583,11.8452],"tipVelocity":[135.344,364.878,-22.0029],"tool":false,"touchDistance":-0.364476,"touchZone":"touching","type":0,"width":18.1457},{"bases":[[[0.895651,-0.377581,-0.235038],[0.444752,0.757439,0.477999],[-0.00245613,-0.532654,0.84633]],[[0.895023,-0.395884,-0.20545],[0.43751,0.689708,0.576965],[-0.0867103,-0.606283,0.790507]],[[0.895023,-0.395884,-0.20545],[0.426139,0.894997,0.131853],[0.131679,-0.205562,0.969745]],[[0.895023,-0.395884,-0.20545],[0.348374,0.908132,-0.232231],[0.278513,0.136279,0.950715]]],"btipPosition":[30.8979,263.723,-25.8214],"carpPosition":[34.4253,204.323,93.0913],"dipPosition":[35.0579,265.758,-11.6213],"direction":[-0.131679,0.205562,-0.969745],"extended":true,"handId":89,"id":891,"length":51.4095,"mcpPosition":[34.5836,238.644,38.5588],"pipPosition":[37.8402,261.415,8.86915],"stabilizedTipPosition":[28.906,264.589,-21.1384],"timeVisible":21.4024,"tipPosition":[25.3201,254.935,-23.4172],"tipVelocity":[641.226,-103.061,-306.727],"tool":false,"touchDistance":-0.734379,"touchZone":"touching","type":1,"width":17.3328},{"bases":[[[0.798054,-0.569628,-0.196555],[0.589607,0.670821,0.449846],[-0.124392,-0.474892,0.871208]],[[0.787354,-0.601557,-0.134917],[0.569559,0.62601,0.532648],[-0.235959,-0.496225,0.835514]],[[0.787354,-0.601557,-0.134917],[0.611549,0.78978,0.0474896],[0.077987,-0.119899,0.989718]],[[0.787354,-0.601557,-0.134917],[0.522291,0.767136,-0.372443],[0.327545,0.222778,0.918196]]],"btipPosition":[54.8686,250.947,-37.2684],"carpPosition":[44.6447,201.699,90.8599],"dipPosition":[60.2495,254.607,-22.1843],"direction":[-0.077987,0.119899,-0.989718],"extended":true,"handId":89,"id":892,"length":58.577,"mcpPosition":[52.2456,230.717,37.625],"pipPosition":[62.1882,251.626,2.41917],"stabilizedTipPosition":[53.2424,254.201,-32.021],"timeVisible":21.4024,"tipPosition":[52.6349,256.938,-33.8251],"tipVelocity":[548.283,-486.556,-339.198],"tool":false,"touchDistance":-0.907266,"touchZone":"touching","type":2,"width":17.0231},{"bases":[[[0.724317,-0.682241,-0.0995557],[0.640852,0.61293,0.462197],[-0.254309,-0.398578,0.881171]],[[0.701353,-0.712268,-0.0278959],[0.646585,0.619227,0.445517],[-0.300054,-0.330502,0.894839]],[[0.701353,-0.712268,-0.0278959],[0.707583,0.700405,-0.0935909],[0.0862002,0.0459016,0.99522]],[[0.701353,-0.712268,-0.0278959],[0.595684,0.607151,-0.525859],[0.39149,0.352196,0.850114]]],"btipPosition":[70.9333,224.382,-32.7965],"carpPosition":[53.7436,196.47,88.4842],"dipPosition":[77.3277,230.134,-18.9111],"direction":[-0.0862002,-0.0459016,-0.99522],"extended":true,"handId":89,"id":893,"length":56.3233,"mcpPosition":[67.6955,218.337,40.1416],"pipPosition":[79.4152,231.246,5.19018],"stabilizedTipPosition":[71.389,228.16,-28.5663],"timeVisible":21.4024,"tipPosition":[74.6984,234.918,-29.393],"tipVelocity":[268.375,-717.436,-287.039],"tool":false,"touchDistance":-0.856858,"touchZone":"touching","type":3,"width":16.1985},{"bases":[[[0.574105,-0.81562,-0.0718913],[0.720706,0.461717,0.517107],[-0.388569,-0.348686,0.852896]],[[0.479035,-0.870882,0.109954],[0.775778,0.478637,0.411188],[-0.410724,-0.111674,0.904895]],[[0.479035,-0.870882,0.109954],[0.872467,0.458594,-0.1688],[0.0965804,0.176792,0.979498]],[[0.479035,-0.870882,0.109954],[0.750182,0.341125,-0.566446],[0.4558,0.353833,0.816731]]],"btipPosition":[83.4004,198.737,-15.2168],"carpPosition":[59.4906,185.932,85.1233],"dipPosition":[90.2686,204.069,-2.90993],"direction":[-0.0965804,-0.176792,-0.979498],"extended":true,"handId":89,"id":894,"length":44.1565,"mcpPosition":[79.224,203.64,41.809],"pipPosition":[91.9199,207.092,13.8378],"stabilizedTipPosition":[84.8294,201.398,-11.9807],"timeVisible":21.4024,"tipPosition":[90.5852,206.961,-12.6853],"tipVelocity":[65.4553,-741.268,-200.696],"tool":false,"touchDistance":-0.768214,"touchZone":"touching","type":4,"width":14.3888}],"r":[[0.829553,0.359135,0.427626],[-0.020056,0.784434,-0.619888],[-0.558068,0.505653,0.657933]],"s":1.28892,"t":[13.6207,-46.2572,-10.7638],"timestamp":1131364284572},{"currentFrameRate":57.6622,"devices":[],"gestures":[],"hands":[{"armBasis":[[0.634832,-0.391561,-0.666084],[0.602477,0.790595,0.109454],[0.483745,-0.470786,0.737802]],"armWidth":56.7046,"confidence":1,"direction":[0.269366,0.494933,-0.826126],"elbow":[162.638,66.3035,280.313],"grabAngle":0.918581,"grabStrength":0.127983,"id":89,"palmNormal":[-0.539018,-0.633396,-0.55522],"palmPosition":[51.4261,212.487,49.325],"palmVelocity":[192.335,-113.459,-186.968],"palmWidth":79.6914,"pinchDistance":77.625,"pinchStrength":0,"r":[[0.870669,0.286989,0.399465],[0.0553518,0.74981,-0.659334],[-0.488745,0.596173,0.636951]],"s":1.30276,"sphereCenter":[44.3918,182.297,-3.2775],"sphereRadius":66.5883,"stabilizedPalmPosition":[48.177,214.063,52.0374],"t":[17.9135,-48.3136,-14.1459],"timeVisible":21.4198,"type":"right","wrist":[48.2456,177.632,105.843]}],"id":65345,"interactionBox":{"center":[0,200,0],"size":[235.247,235.247,147.751]},"pointables":[{"bases":[[[0.855812,0.423736,0.296704],[-0.506342,0.568843,0.648101],[0.105846,-0.704887,0.701378]],[[0.683767,0.722789,-0.10019],[-0.544921,0.597101,0.58867],[0.485308,-0.347917,0.802141]],[[0.683767,0.722789,-0.10019],[-0.578822,0.620856,0.52868],[0.444328,-0.303502,0.842888]],[[0.683767,0.722789,-0.10019],[-0.594591,0.631478,0.497692],[0.422994,-0.280733,0.861548]]],"btipPosition":[-22.8931,224.882,11.6611],"carpPosition":[20.2221,194.882,89.4801],"dipPosition":[-14.2389,219.139,29.2878],"direction":[-0.444328,0.303502,-0.842888],"extended":true,"handId":89,"id":890,"length":45.5601,"mcpPosition":[20.2221,194.882,89.4801],"pipPosition":[-0.995082,210.092,54.4113],"stabilizedTipPosition":[-21.8356,220.359,16.2825],"timeVisible":21.4198,"tipPosition":[-12.8829,214.767,10.5791],"tipVelocity":[173.172,398.379,-72.6988],"tool":false,"touchDistance":-0.375271,"touchZone":"touching","type":0,"width":18.1457},{"bases":[[[0.831959,-0.503309,-0.233506],[0.552568,0.71358,0.430664],[-0.050132,-0.487323,0.871782]],[[0.828586,-0.526157,-0.191321],[0.531092,0.630553,0.56599],[-0.177162,-0.57058,0.801905]],[[0.828586,-0.526157,-0.191321],[0.553165,0.822085,0.134849],[0.0863301,-0.217566,0.97222]],[[0.828586,-0.526157,-0.191321],[0.486074,0.845642,-0.220503],[0.277808,0.0897094,0.956439]]],"btipPosition":[41.5253,262.253,-30.5516],"carpPosition":[37.6148,206.165,90.567],"dipPosition":[45.6747,263.592,-16.266],"direction":[-0.0863301,0.217566,-0.97222],"extended":true,"handId":89,"id":891,"length":51.4095,"mcpPosition":[40.845,237.566,34.3944],"pipPosition":[47.4988,258.995,4.27673],"stabilizedTipPosition":[39.8368,262.956,-26.0729],"timeVisible":21.4198,"tipPosition":[34.182,254.062,-27.9568],"tipVelocity":[612.741,-94.0052,-271.658],"tool":false,"touchDistance":-0.759933,"touchZone":"touching","type":1,"width":17.3328},{"bases":[[[0.711066,-0.678745,-0.183552],[0.684031,0.607345,0.404023],[-0.162749,-0.412842,0.896144]],[[0.693948,-0.7125,-0.103827],[0.654079,0.563515,0.504611],[-0.301027,-0.418085,0.857081]],[[0.693948,-0.7125,-0.103827],[0.718108,0.695382,0.0276384],[0.0525072,-0.0937388,0.994211]],[[0.693948,-0.7125,-0.103827],[0.638045,0.675333,-0.369897],[0.33367,0.190443,0.923253]]],"btipPosition":[63.1823,244.156,-42.4873],"carpPosition":[47.3401,202.111,88.2682],"dipPosition":[68.6638,247.285,-27.3202],"direction":[-0.0525072,0.0937388,-0.994211],"extended":true,"handId":89,"id":892,"length":58.577,"mcpPosition":[57.2848,227.338,33.5096],"pipPosition":[69.9691,244.955,-2.60501],"stabilizedTipPosition":[62.0367,246.879,-37.4998],"timeVisible":21.4198,"tipPosition":[60.0043,249.156,-39.1327],"tipVelocity":[480.789,-398.677,-299.875],"tool":false,"touchDistance":-0.92287,"touchZone":"touching","type":2,"width":17.0231},{"bases":[[[0.625764,-0.77594,-0.0796072],[0.727549,0.543829,0.418238],[-0.281234,-0.319636,0.904843]],[[0.595048,-0.80363,0.00982929],[0.73457,0.548794,0.399039],[-0.326074,-0.230227,0.916881]],[[0.595048,-0.80363,0.00982929],[0.794868,0.586665,-0.154947],[0.118753,0.100014,0.987874]],[[0.595048,-0.80363,0.00982929],[0.661683,0.482929,-0.573546],[0.456172,0.347791,0.819115]]],"btipPosition":[73.448,214.045,-36.7784],"carpPosition":[55.6096,195.62,85.9776],"dipPosition":[80.8989,219.726,-23.3994],"direction":[-0.118753,-0.100014,-0.987874],"extended":true,"handId":89,"id":893,"length":56.3233,"mcpPosition":[71.0386,213.155,36.3364],"pipPosition":[83.7747,222.148,0.524025],"stabilizedTipPosition":[74.6063,217.237,-32.9454],"timeVisible":21.4198,"tipPosition":[78.087,224.602,-34.0365],"tipVelocity":[159.034,-597.062,-236.355],"tool":false,"touchDistance":-0.860982,"touchZone":"touching","type":3,"width":16.1985},{"bases":[[[0.460136,-0.886838,-0.0423497],[0.788297,0.386132,0.479051],[-0.408488,-0.253813,0.876765]],[[0.355497,-0.921293,0.15761],[0.845947,0.388853,0.36492],[-0.397486,0.00360189,0.917601]],[[0.355497,-0.921293,0.15761],[0.9231,0.319607,-0.213865],[0.146659,0.221519,0.964065]],[[0.355497,-0.921293,0.15761],[0.779504,0.199187,-0.593884],[0.515747,0.333982,0.788962]]],"btipPosition":[82.588,188.226,-18.2278],"carpPosition":[59.8354,184.268,83.0349],"dipPosition":[90.3595,193.259,-6.33936],"direction":[-0.146659,-0.221519,-0.964065],"extended":true,"handId":89,"id":894,"length":44.1565,"mcpPosition":[80.5804,197.158,38.5085],"pipPosition":[92.8671,197.047,10.1445],"stabilizedTipPosition":[84.4136,190.393,-15.1985],"timeVisible":21.4198,"tipPosition":[90.5066,196.014,-16.2548],"tipVelocity":[-34.8686,-610.138,-179.194],"tool":false,"touchDistance":-0.766335,"touchZone":"touching","type":4,"width":14.3888}],"r":[[0.870669,0.286989,0.399465],[0.0553518,0.74981,-0.659334],[-0.488745,0.596173,0.636951]],"s":1.30276,"t":[17.9135,-48.3136,-14.1459],"timestamp":1131364301912},{"currentFrameRate":57.6645,"devices":[],"gestures":[],"hands":[{"armBasis":[[0.535297,-0.520628,-0.665134],[0.699026,0.71509,0.00284219],[0.474151,-0.466468,0.746718]],"armWidth":56.7046,"confidence":1,"direction":[0.304566,0.415864,-0.856911],"elbow":[160.744,68.7978,282.003],"grabAngle":0.915617,"grabStrength":0.118044,"id":89,"palmNormal":[-0.631906,-0.58494,-0.508469],"palmPosition":[54.1304,210.289,47.0344],"palmVelocity":[156.01,-126.754,-132.143],"palmWidth":79.6914,"pinchDistance":78.4536,"pinchStrength":0,"r":[[0.904993,0.205922,0.372269],[0.12668,0.704914,-0.697889],[-0.406128,0.678744,0.611856]],"s":1.31537,"sphereCenter":[43.7278,179.669,-3.35122],"sphereRadius":65.7735,"stabilizedPalmPosition":[51.4846,211.966,49.2579],"t":[21.412,-50.4404,-16.9822],"timeVisible":21.4371,"type":"right","wrist":[48.6204,179.105,105.424]}],"id":65346,"interactionBox":{"center":[0,200,0],"size":[235.247,235.247,147.751]},"pointables":[{"bases":[[[0.911411,0.324126,0.253521],[-0.409837,0.659714,0.629929],[0.0369251,-0.678027,0.734109]],[[0.769611,0.620784,-0.149421],[-0.436453,0.682266,0.586534],[0.466056,-0.386188,0.796022]],[[0.769611,0.620784,-0.149421],[-0.477343,0.714798,0.511084],[0.424079,-0.322011,0.846443]],[[0.769611,0.620784,-0.149421],[-0.498905,0.730686,0.466038],[0.398488,-0.284121,0.872056]]],"btipPosition":[-18.9782,231.087,10.9197],"carpPosition":[22.1905,198.793,88.7923],"dipPosition":[-10.8253,225.275,28.7615],"direction":[-0.424079,0.322011,-0.846443],"extended":true,"handId":89,"id":890,"length":45.5601,"mcpPosition":[22.1905,198.793,88.7923],"pipPosition":[1.81492,215.677,53.9909],"stabilizedTipPosition":[-18.12,227.732,15.2939],"timeVisible":21.4371,"tipPosition":[-10.9047,219.561,10.0963],"tipVelocity":[219.199,357.051,-39.9153],"tool":false,"touchDistance":-0.376456,"touchZone":"touching","type":0,"width":18.1457},{"bases":[[[0.753715,-0.616639,-0.22731],[0.651702,0.656626,0.379641],[-0.0848444,-0.43428,0.896773]],[[0.747034,-0.642291,-0.171473],[0.613997,0.567733,0.548349],[-0.254849,-0.514919,0.81848]],[[0.747034,-0.642291,-0.171473],[0.662796,0.739539,0.117404],[0.0514032,-0.201356,0.978168]],[[0.747034,-0.642291,-0.171473],[0.599413,0.762322,-0.244067],[0.28748,0.0795434,0.954478]]],"btipPosition":[50.5592,258.177,-34.5765],"carpPosition":[40.9007,207.789,88.8714],"dipPosition":[54.853,259.365,-20.3202],"direction":[-0.0514032,0.201356,-0.978168],"extended":true,"handId":89,"id":891,"length":51.4095,"mcpPosition":[46.3676,235.771,31.0885],"pipPosition":[55.9392,255.11,0.348296],"stabilizedTipPosition":[49.4382,259.261,-30.3567],"timeVisible":21.4371,"tipPosition":[41.6973,251.246,-31.7681],"tipVelocity":[523.083,-237.152,-232.582],"tool":false,"touchDistance":-0.772747,"touchZone":"touching","type":1,"width":17.3328},{"bases":[[[0.613106,-0.772486,-0.165429],[0.767723,0.533229,0.355343],[-0.186286,-0.344867,0.919981]],[[0.589574,-0.805034,-0.0657462],[0.729106,0.495403,0.472208],[-0.347573,-0.326337,0.879032]],[[0.589574,-0.805034,-0.0657462],[0.806256,0.591446,-0.0119553],[0.0485097,-0.0459597,0.997765]],[[0.589574,-0.805034,-0.0657462],[0.715118,0.558095,-0.420875],[0.375511,0.201121,0.904733]]],"btipPosition":[68.6107,235.075,-46.3713],"carpPosition":[49.957,202.413,86.5497],"dipPosition":[74.7796,238.379,-31.5084],"direction":[-0.0485097,0.0459597,-0.997765],"extended":true,"handId":89,"id":892,"length":58.577,"mcpPosition":[61.3399,223.486,30.3346],"pipPosition":[75.9855,237.237,-6.70491],"stabilizedTipPosition":[68.5176,237.924,-41.9214],"timeVisible":21.4371,"tipPosition":[65.1486,240.682,-43.3381],"tipVelocity":[322.284,-521.55,-228.105],"tool":false,"touchDistance":-0.918226,"touchZone":"touching","type":2,"width":17.0231},{"bases":[[[0.51938,-0.8528,-0.0545567],[0.803235,0.46541,0.371762],[-0.291647,-0.236907,0.926724]],[[0.481988,-0.874546,0.0534561],[0.810155,0.468073,0.352925],[-0.333671,-0.126798,0.934123]],[[0.481988,-0.874546,0.0534561],[0.860641,0.46112,-0.216021],[0.16427,0.150126,0.974924]],[[0.481988,-0.874546,0.0534561],[0.696153,0.345195,-0.629454],[0.532033,0.340603,0.775197]]],"btipPosition":[73.6255,203.561,-39.2013],"carpPosition":[57.2606,194.81,84.3977],"dipPosition":[82.3155,209.125,-26.5396],"direction":[-0.16427,-0.150126,-0.974924],"extended":true,"handId":89,"id":893,"length":56.3233,"mcpPosition":[73.2609,207.808,33.556],"pipPosition":[86.2937,212.76,-2.92979],"stabilizedTipPosition":[75.5057,206.285,-35.8996],"timeVisible":21.4371,"tipPosition":[79.2289,214.05,-37.371],"tipVelocity":[26.686,-606.368,-149.295],"tool":false,"touchDistance":-0.842035,"touchZone":"touching","type":3,"width":16.1985},{"bases":[[[0.342229,-0.939586,-0.00760267],[0.845296,0.304332,0.439154],[-0.410309,-0.156718,0.89838]],[[0.232368,-0.949522,0.210746],[0.900118,0.292029,0.323275],[-0.368501,0.114577,0.92254]],[[0.232368,-0.949522,0.210746],[0.951123,0.17652,-0.253388],[0.203396,0.259325,0.94413]],[[0.232368,-0.949522,0.210746],[0.782411,0.0537667,-0.620437],[0.577787,0.30906,0.75541]]],"btipPosition":[79.9619,178.208,-19.7225],"carpPosition":[59.9177,182.882,81.9441],"dipPosition":[88.6683,182.865,-8.33967],"direction":[-0.203396,-0.259325,-0.94413],"extended":true,"handId":89,"id":894,"length":44.1565,"mcpPosition":[80.7553,190.841,36.3199],"pipPosition":[92.146,187.299,7.80334],"stabilizedTipPosition":[82.1146,179.961,-16.9875],"timeVisible":21.4371,"tipPosition":[88.4222,185.462,-18.4628],"tipVelocity":[-139.095,-582.953,-92.9397],"tool":false,"touchDistance":-0.7422,"touchZone":"touching","type":4,"width":14.3888}],"r":[[0.904993,0.205922,0.372269],[0.12668,0.704914,-0.697889],[-0.406128,0.678744,0.611856]],"s":1.31537,"t":[21.412,-50.4404,-16.9822],"timestamp":1131364319246},{"currentFrameRate":57.6628,"devices":[],"gestures":[],"hands":[{"armBasis":[[0.420365,-0.637679,-0.645491],[0.77889,0.618513,-0.103788],[0.465428,-0.459138,0.756683]],"armWidth":56.7046,"confidence":1,"direction":[0.326036,0.323849,-0.888157],"elbow":[158.914,72.3894,284.512],"grabAngle":0.908979,"grabStrength":0.11492,"id":89,"palmNormal":[-0.717291,-0.527223,-0.455554],"palmPosition":[56.0045,207.637,45.2204],"palmVelocity":[108.027,-152.906,-104.565],"palmWidth":79.6914,"pinchDistance":79.0011,"pinchStrength":0,"r":[[0.930701,0.118037,0.346212],[0.19172,0.648653,-0.736541],[-0.311511,0.751875,0.581072]],"s":1.32666,"sphereCenter":[41.9043,176.168,-2.76074],"sphereRadius":65.3279,"stabilizedPalmPosition":[54.1284,209.434,46.8963],"t":[24.0983,-52.8301,-19.3074],"timeVisible":21.4545,"type":"right","wrist":[48.8531,180.963,105.577]}],"id":65347,"interactionBox":{"center":[0,200,0],"size":[235.247,235.247,147.751]},"pointables":[{"bases":[[[0.952976,0.218635,0.209846],[-0.302039,0.741636,0.598956],[-0.0246766,-0.634173,0.772797]],[[0.840345,0.503792,-0.200035],[-0.317418,0.756503,0.571795],[0.439393,-0.417011,0.795636]],[[0.840345,0.503792,-0.200035],[-0.362566,0.796743,0.483473],[0.402946,-0.333758,0.852197]],[[0.840345,0.503792,-0.200035],[-0.385535,0.814916,0.432752],[0.381029,-0.286541,0.87904]]],"btipPosition":[-14.743,236.77,10.2367],"carpPosition":[24.2728,202.728,88.4067],"dipPosition":[-6.94742,230.907,28.2214],"direction":[-0.402946,0.333758,-0.852197],"extended":true,"handId":89,"id":890,"length":45.5601,"mcpPosition":[24.2728,202.728,88.4067],"pipPosition":[5.06294,220.959,53.6222],"stabilizedTipPosition":[-13.729,234.263,14.5119],"timeVisible":21.4545,"tipPosition":[-8.89389,224.062,9.87422],"tipVelocity":[239.391,326.884,-37.4777],"tool":false,"touchDistance":-0.376896,"touchZone":"touching","type":0,"width":18.1457},{"bases":[[[0.661787,-0.720066,-0.208667],[0.741696,0.588314,0.322139],[-0.1092,-0.367955,0.923409]],[[0.651783,-0.745538,-0.139114],[0.688403,0.504612,0.521026],[-0.318246,-0.435362,0.842128]],[[0.651783,-0.745538,-0.139114],[0.757917,0.646898,0.0841757],[0.0272363,-0.160301,0.986692]],[[0.651783,-0.745538,-0.139114],[0.693605,0.660168,-0.288255],[0.306743,0.0913894,0.947395]]],"btipPosition":[57.7937,251.324,-38.6685],"carpPosition":[43.962,209.242,87.458],"dipPosition":[62.3753,252.689,-24.5181],"direction":[-0.0272363,0.160301,-0.986692],"extended":true,"handId":89,"id":891,"length":51.4095,"mcpPosition":[50.9982,232.951,27.9589],"pipPosition":[62.9508,249.302,-3.66949],"stabilizedTipPosition":[57.2509,252.932,-34.5558],"timeVisible":21.4545,"tipPosition":[47.7642,246.056,-35.5615],"tipVelocity":[420.839,-392.638,-237.286],"tool":false,"touchDistance":-0.785552,"touchZone":"touching","type":1,"width":17.3328},{"bases":[[[0.504747,-0.85283,-0.133831],[0.840324,0.449888,0.302419],[-0.197703,-0.265107,0.943733]],[[0.475844,-0.879419,-0.0139665],[0.79458,0.423022,0.435539],[-0.377113,-0.218346,0.900062]],[[0.475844,-0.879419,-0.0139665],[0.877473,0.475757,-0.0608029],[0.0601158,0.0166774,0.998052]],[[0.475844,-0.879419,-0.0139665],[0.768654,0.423524,-0.479374],[0.427485,0.217372,0.8775]]],"btipPosition":[71.638,224.041,-49.5826],"carpPosition":[52.1843,202.627,85.2357],"dipPosition":[78.6607,227.612,-35.167],"direction":[-0.0601158,-0.0166774,-0.998052],"extended":true,"handId":89,"id":892,"length":58.577,"mcpPosition":[64.2648,218.827,27.5693],"pipPosition":[80.1552,228.027,-10.3564],"stabilizedTipPosition":[72.5233,226.876,-45.5972],"timeVisible":21.4545,"tipPosition":[68.2931,230.557,-47.0077],"tipVelocity":[185.826,-632.49,-191.038],"tool":false,"touchDistance":-0.904449,"touchZone":"touching","type":2,"width":17.0231},{"bases":[[[0.405359,-0.914019,-0.0159087],[0.867508,0.379127,0.322014],[-0.288296,-0.144332,0.946601]],[[0.364388,-0.92503,0.107431],[0.871413,0.379384,0.310977],[-0.328421,-0.0196994,0.944326]],[[0.364388,-0.92503,0.107431],[0.908203,0.327493,-0.260605],[0.205884,0.192531,0.95945]],[[0.364388,-0.92503,0.107431],[0.720909,0.207174,-0.661339],[0.589501,0.318432,0.742354]]],"btipPosition":[72.4228,192.866,-40.8136],"carpPosition":[58.3932,194.042,83.3632],"dipPosition":[82.0514,198.067,-28.6883],"direction":[-0.205884,-0.192531,-0.95945],"extended":true,"handId":89,"id":893,"length":56.3233,"mcpPosition":[74.2096,201.96,31.431],"pipPosition":[87.0374,202.729,-5.45327],"stabilizedTipPosition":[74.7109,195.097,-37.8448],"timeVisible":21.4545,"tipPosition":[78.302,202.722,-39.7529],"tipVelocity":[-56.886,-621.337,-100.05],"tool":false,"touchDistance":-0.8122,"touchZone":"touching","type":3,"width":16.1985},{"bases":[[[0.220321,-0.974575,0.0407711],[0.891094,0.218097,0.397976],[-0.39675,-0.0513515,0.916489]],[[0.11212,-0.955566,0.272623],[0.938769,0.191808,0.286222],[-0.325795,0.223838,0.918561]],[[0.11212,-0.955566,0.272623],[0.959006,0.0321969,-0.281551],[0.260263,0.293014,0.920003]],[[0.11212,-0.955566,0.272623],[0.768935,-0.0903478,-0.632911],[0.629419,0.280591,0.724638]]],"btipPosition":[75.724,168.201,-20.0148],"carpPosition":[59.4388,181.75,81.5723],"dipPosition":[85.2083,172.429,-9.09568],"direction":[-0.260263,-0.293014,-0.920003],"extended":true,"handId":89,"id":894,"length":44.1565,"mcpPosition":[79.5877,184.358,35.0284],"pipPosition":[89.6583,177.439,6.63481],"stabilizedTipPosition":[78.0764,169.612,-17.4825],"timeVisible":21.4545,"tipPosition":[84.4054,174.684,-19.4208],"tipVelocity":[-233.977,-582.516,-22.9983],"tool":false,"touchDistance":-0.702298,"touchZone":"touching","type":4,"width":14.3888}],"r":[[0.930701,0.118037,0.346212],[0.19172,0.648653,-0.736541],[-0.311511,0.751875,0.581072]],"s":1.32666,"t":[24.0983,-52.8301,-19.3074],"timestamp":1131364336594},{"currentFrameRate":57.6509,"devices":[],"gestures":[],"hands":[{"armBasis":[[0.297295,-0.736059,-0.608139],[0.839389,0.505032,-0.20092],[0.455019,-0.450733,0.767983]],"armWidth":56.7046,"confidence":1,"direction":[0.333631,0.254459,-0.907712],"elbow":[156.919,74.9553,286.679],"grabAngle":0.881897,"grabStrength":0.12677,"id":89,"palmNormal":[-0.796107,-0.439637,-0.415853],"palmPosition":[57.4553,204.985,43.5437],"palmVelocity":[83.451,-152.541,-96.4464],"palmWidth":79.6914,"pinchDistance":78.7722,"pinchStrength":0,"r":[[0.946458,0.0218683,0.322086],[0.248819,0.586263,-0.770964],[-0.205687,0.809826,0.549432]],"s":1.3352,"sphereCenter":[39.9458,175.017,-2.76838],"sphereRadius":64.5931,"stabilizedPalmPosition":[56.0991,206.798,44.9103],"t":[26.1669,-55.351,-21.3083],"timeVisible":21.4718,"type":"right","wrist":[49.3195,181.541,105.072]}],"id":65348,"interactionBox":{"center":[0,200,0],"size":[235.247,235.247,147.751]},"pointables":[{"bases":[[[0.980324,0.0962604,0.172332],[-0.1805,0.790536,0.585211],[-0.0799022,-0.604803,0.792357]],[[0.896797,0.376632,-0.232172],[-0.187738,0.799097,0.571138],[0.400636,-0.468607,0.787336]],[[0.896797,0.376632,-0.232172],[-0.240808,0.855717,0.457996],[0.371169,-0.35482,0.8581]],[[0.896797,0.376632,-0.232172],[-0.265369,0.877762,0.398889],[0.354026,-0.296112,0.887121]]],"btipPosition":[-8.8988,242.57,9.70801],"carpPosition":[26.923,205.449,87.8565],"dipPosition":[-1.65564,236.512,27.858],"direction":[-0.371169,0.35482,-0.8581],"extended":true,"handId":89,"id":890,"length":45.5601,"mcpPosition":[26.923,205.449,87.8565],"pipPosition":[9.40756,225.936,53.4348],"stabilizedTipPosition":[-7.89937,240.467,13.9471],"timeVisible":21.4718,"tipPosition":[-6.04749,229.802,10.1066],"tipVelocity":[328.857,331.059,-28.2238],"tool":false,"touchDistance":-0.3749,"touchZone":"touching","type":0,"width":18.1457},{"bases":[[[0.553731,-0.806424,-0.207513],[0.823512,0.493438,0.279906],[-0.123328,-0.325882,0.937332]],[[0.542201,-0.829737,-0.132495],[0.757318,0.414266,0.50483],[-0.363988,-0.37406,0.85299]],[[0.542201,-0.829737,-0.132495],[0.839919,0.539627,0.0577851],[0.0235514,-0.142616,0.989498]],[[0.542201,-0.829737,-0.132495],[0.764832,0.552654,-0.331067],[0.347922,0.0781685,0.934259]]],"btipPosition":[63.1725,246.171,-41.2183],"carpPosition":[47.2497,209.278,86.0764],"dipPosition":[68.3691,247.338,-27.264],"direction":[-0.0235514,0.142616,-0.989498],"extended":true,"handId":89,"id":891,"length":51.4095,"mcpPosition":[55.1962,230.276,25.6802],"pipPosition":[68.8668,244.325,-6.35617],"stabilizedTipPosition":[63.3165,247.398,-37.4988],"timeVisible":21.4718,"tipPosition":[52.5148,242.387,-38.0716],"tipVelocity":[317.53,-299.071,-149.26],"tool":false,"touchDistance":-0.774253,"touchZone":"touching","type":1,"width":17.3328},{"bases":[[[0.383422,-0.915262,-0.123624],[0.902364,0.342724,0.261305],[-0.196793,-0.211744,0.957307]],[[0.354188,-0.935168,0.00343583],[0.851978,0.324191,0.411137],[-0.385596,-0.142693,0.911567]],[[0.354188,-0.935168,0.00343583],[0.932039,0.352698,-0.0831145],[0.0765142,0.0326405,0.996534]],[[0.354188,-0.935168,0.00343583],[0.805903,0.303362,-0.508421],[0.474417,0.182845,0.861102]]],"btipPosition":[73.0254,216.714,-52.0292],"carpPosition":[54.4485,201.579,83.7963],"dipPosition":[80.8191,219.718,-37.883],"direction":[-0.0765142,-0.0326405,-0.996534],"extended":true,"handId":89,"id":892,"length":58.577,"mcpPosition":[66.4734,214.517,25.3004],"pipPosition":[82.7212,220.53,-13.1101],"stabilizedTipPosition":[74.5116,218.67,-48.3512],"timeVisible":21.4718,"tipPosition":[69.7756,223.138,-49.6186],"tipVelocity":[90.0059,-428.96,-144.294],"tool":false,"touchDistance":-0.879965,"touchZone":"touching","type":2,"width":17.0231},{"bases":[[[0.28116,-0.959661,-0.000745476],[0.920718,0.269532,0.282188],[-0.270604,-0.0800265,0.959359]],[[0.242841,-0.961805,0.12633],[0.919074,0.269783,0.287262],[-0.310371,0.0463476,0.949485]],[[0.242841,-0.961805,0.12633],[0.940813,0.201773,-0.272321],[0.23643,0.184984,0.953877]],[[0.242841,-0.961805,0.12633],[0.749147,0.103206,-0.654315],[0.616285,0.253534,0.745596]]],"btipPosition":[70.5834,186.161,-43.0054],"carpPosition":[59.4066,192.201,81.9909],"dipPosition":[80.6496,190.302,-30.8271],"direction":[-0.23643,-0.184984,-0.953877],"extended":true,"handId":89,"id":893,"length":56.3233,"mcpPosition":[74.2524,196.592,29.3588],"pipPosition":[86.3752,194.781,-7.72703],"stabilizedTipPosition":[73.0372,187.723,-40.024],"timeVisible":21.4718,"tipPosition":[75.5289,194.072,-41.7218],"tipVelocity":[-100.014,-399.704,-125.372],"tool":false,"touchDistance":-0.792007,"touchZone":"touching","type":3,"width":16.1985},{"bases":[[[0.0919311,-0.993727,0.0636796],[0.925692,0.108852,0.362278],[-0.366937,0.025643,0.929892]],[[-0.00447736,-0.954483,0.298231],[0.961793,0.0775291,0.26257],[-0.27374,0.288012,0.917668]],[[-0.00447736,-0.954483,0.298231],[0.9543,-0.0931965,-0.283947],[0.298817,0.28333,0.911281]],[[-0.00447736,-0.954483,0.298231],[0.760717,-0.196827,-0.618521],[0.649068,0.2241,0.726973]]],"btipPosition":[70.9732,161.411,-21.5795],"carpPosition":[58.7664,179.837,80.5467],"dipPosition":[80.7536,164.787,-10.6252],"direction":[-0.298817,-0.28333,-0.911281],"extended":true,"handId":89,"id":894,"length":44.1565,"mcpPosition":[77.4013,178.535,33.3222],"pipPosition":[85.8629,169.632,4.95616],"stabilizedTipPosition":[73.3781,162.425,-19.0095],"timeVisible":21.4718,"tipPosition":[78.4438,166.463,-20.7635],"tipVelocity":[-269.35,-401.853,-89.5367],"tool":false,"touchDistance":-0.68375,"touchZone":"touching","type":4,"width":14.3888}],"r":[[0.946458,0.0218683,0.322086],[0.248819,0.586263,-0.770964],[-0.205687,0.809826,0.549432]],"s":1.3352,"t":[26.1669,-55.351,-21.3083],"timestamp":1131364353979},{"currentFrameRate":57.6547,"devices":[],"gestures":[],"hands":[{"armBasis":[[0.17174,-0.807686,-0.564047],[0.879276,0.38388,-0.281976],[0.444275,-0.447526,0.776106]],"armWidth":56.7046,"confidence":1,"direction":[0.323667,0.173415,-0.930143],"elbow":[155.229,76.8717,289.155],"grabAngle":0.831863,"grabStrength":0.108993,"id":89,"palmNormal":[-0.86196,-0.351381,-0.365453],"palmPosition":[58.3578,202.169,42.7537],"palmVelocity":[52.0748,-162.45,-45.5825],"palmWidth":79.6914,"pinchDistance":77.8083,"pinchStrength":0,"r":[[0.95105,-0.0783064,0.298951],[0.295195,0.516465,-0.803819],[-0.0914535,0.852721,0.514299]],"s":1.3423,"sphereCenter":[35.987,171.847,-1.80601],"sphereRadius":65.3102,"stabilizedPalmPosition":[57.5649,203.794,43.5108],"t":[27.6524,-58.0192,-22.7038],"timeVisible":21.4892,"type":"right","wrist":[50.1703,182.7,105.627]}],"id":65349,"interactionBox":{"center":[0,200,0],"size":[235.247,235.247,147.751]},"pointables":[{"bases":[[[0.991138,-0.0220946,0.130985],[-0.0548738,0.829901,0.555206],[-0.120972,-0.557473,0.821334]],[[0.934237,0.238922,-0.264796],[-0.0548633,0.829886,0.555229],[0.352407,-0.504188,0.788419]],[[0.934237,0.238922,-0.264796],[-0.109075,0.898279,0.425674],[0.339563,-0.368798,0.865266]],[[0.934237,0.238922,-0.264796],[-0.131904,0.92127,0.365872],[0.331363,-0.306884,0.8922]]],"btipPosition":[-2.25708,247.597,9.59865],"carpPosition":[30.0505,208.283,88.1119],"dipPosition":[4.52242,241.318,27.8525],"direction":[-0.339563,0.368798,-0.865266],"extended":true,"handId":89,"id":890,"length":45.5601,"mcpPosition":[30.0505,208.283,88.1119],"pipPosition":[14.6436,230.326,53.643],"stabilizedTipPosition":[-1.19592,245.759,13.8074],"timeVisible":21.4892,"tipPosition":[-2.63149,235.088,11.0303],"tipVelocity":[377.052,287.095,-4.93115],"tool":false,"touchDistance":-0.367025,"touchZone":"touching","type":0,"width":18.1457},{"bases":[[[0.439015,-0.877854,-0.191412],[0.890036,0.395768,0.226281],[-0.122887,-0.269704,0.95507]],[[0.426609,-0.89805,-0.107291],[0.819703,0.333778,0.465489],[-0.382221,-0.286528,0.878526]],[[0.426609,-0.89805,-0.107291],[0.904054,0.426866,0.0217196],[0.0262937,-0.106263,0.99399]],[[0.426609,-0.89805,-0.107291],[0.826145,0.435207,-0.357881],[0.368089,0.0640371,0.927583]]],"btipPosition":[66.8215,238.855,-43.9911],"carpPosition":[50.6015,209.427,85.4008],"dipPosition":[72.3194,239.811,-30.1365],"direction":[-0.0262937,0.106263,-0.99399],"extended":true,"handId":89,"id":891,"length":51.4095,"mcpPosition":[58.5196,226.805,23.8617],"pipPosition":[72.875,237.566,-9.13372],"stabilizedTipPosition":[67.4587,240.17,-40.3697],"timeVisible":21.4892,"tipPosition":[55.6427,236.773,-40.2702],"tipVelocity":[214.533,-424.885,-161.302],"tool":false,"touchDistance":-0.767097,"touchZone":"touching","type":1,"width":17.3328},{"bases":[[[0.260171,-0.960741,-0.0963704],[0.94853,0.235641,0.211576],[-0.180561,-0.146456,0.972599]],[[0.23332,-0.971725,0.0362408],[0.899639,0.229857,0.371235],[-0.369069,-0.0540129,0.927831]],[[0.23332,-0.971725,0.0362408],[0.967975,0.228545,-0.103882],[0.0926623,0.0593179,0.993929]],[[0.23332,-0.971725,0.0362408],[0.837433,0.181853,-0.515398],[0.494235,0.150602,0.856184]]],"btipPosition":[72.8371,208.067,-54.0962],"carpPosition":[56.6754,200.791,83.2034],"dipPosition":[80.9564,210.541,-40.0308],"direction":[-0.0926623,-0.0593179,-0.993929],"extended":true,"handId":89,"id":892,"length":58.577,"mcpPosition":[67.7085,209.74,23.7732],"pipPosition":[83.2599,212.016,-15.3227],"stabilizedTipPosition":[74.6841,209.698,-50.5955],"timeVisible":21.4892,"tipPosition":[69.4127,214.261,-51.4659],"tipVelocity":[-6.54504,-505.956,-120.332],"tool":false,"touchDistance":-0.851586,"touchZone":"touching","type":2,"width":17.0231},{"bases":[[[0.158515,-0.986834,0.0321325],[0.958455,0.16161,0.235047],[-0.237145,-0.00646079,0.971453]],[[0.124889,-0.978592,0.163584],[0.951472,0.164864,0.259849],[-0.281255,0.123193,0.951693]],[[0.124889,-0.978592,0.163584],[0.960688,0.078067,-0.266427],[0.247953,0.190427,0.949872]],[[0.124889,-0.978592,0.163584],[0.770359,-0.0082619,-0.637557],[0.62526,0.205642,0.752836]]],"btipPosition":[68.117,178.367,-44.1276],"carpPosition":[60.3387,190.795,81.6396],"dipPosition":[78.3297,181.726,-31.8311],"direction":[-0.247953,-0.190427,-0.949872],"extended":true,"handId":89,"id":893,"length":56.3233,"mcpPosition":[73.3489,191.15,28.344],"pipPosition":[84.3344,186.338,-8.82801],"stabilizedTipPosition":[70.6071,179.611,-41.2294],"timeVisible":21.4892,"tipPosition":[71.1292,184.611,-42.3505],"tipVelocity":[-140.36,-460.02,-63.1804],"tool":false,"touchDistance":-0.757565,"touchZone":"touching","type":3,"width":16.1985},{"bases":[[[-0.0305558,-0.993995,0.10507],[0.9467,0.00494355,0.322079],[-0.320664,0.109312,0.940864]],[[-0.1103,-0.934461,0.338552],[0.970487,-0.0277635,0.239552],[-0.214452,0.354982,0.909944]],[[-0.1103,-0.934461,0.338552],[0.941325,-0.207535,-0.26615],[0.318968,0.289331,0.902523]],[[-0.1103,-0.934461,0.338552],[0.746062,-0.302902,-0.592994],[0.656677,0.187173,0.730576]]],"btipPosition":[65.6593,154.272,-21.5681],"carpPosition":[58.0943,178.564,80.7811],"dipPosition":[75.5544,157.093,-10.5595],"direction":[-0.318968,-0.289331,-0.902523],"extended":true,"handId":89,"id":894,"length":44.1565,"mcpPosition":[74.3792,173.013,32.9994],"pipPosition":[81.0082,162.04,4.87213],"stabilizedTipPosition":[68.0501,155.079,-19.0355],"timeVisible":21.4892,"tipPosition":[71.1221,158.261,-20.3025],"tipVelocity":[-305.075,-419.237,1.3795],"tool":false,"touchDistance":-0.64335,"touchZone":"touching","type":4,"width":14.3888}],"r":[[0.95105,-0.0783064,0.298951],[0.295195,0.516465,-0.803819],[-0.0914535,0.8527