{"frames":62,"data":[{"currentFrameRate":57.6568,"devices":[],"gestures":[],"hands":[{"armBasis":[[0.816002,0.471547,-0.334343],[-0.13923,0.721701,0.678058],[0.561032,-0.506746,0.654563]],"armWidth":56.7046,"confidence":1,"direction":[-0.416097,0.677652,-0.606343],"elbow":[175.786,110.337,263.078],"grabAngle":0.660355,"grabStrength":0,"id":89,"palmNormal":[0.0834733,-0.635528,-0.767552],"palmPosition":[8.40453,268.621,66.0929],"palmVelocity":[-8.18202,-12.7216,-8.33984],"palmWidth":79.6914,"pinchDistance":52.437,"pinchStrength":0.120089,"r":[[0.48441,0.670851,0.561522],[-0.251729,0.721594,-0.64493],[-0.837842,0.171059,0.51842]],"s":1.15438,"sphereCenter":[-12.8751,272.7,32.5766],"sphereRadius":50.2533,"stabilizedPalmPosition":[7.92373,272.287,69.5242],"t":[-20.7363,5.90658,-0.696436],"timeVisible":8.75876,"type":"right","wrist":[43.1169,230.169,108.292]}],"id":64615,"interactionBox":{"center":[0,200,0],"size":[235.247,235.247,147.751]},"pointables":[{"bases":[[[0.208508,0.849548,0.484553],[-0.603668,-0.278011,0.747191],[0.769486,-0.448305,0.454878]],[[-0.160263,0.960413,0.227866],[-0.90279,-0.23596,0.359574],[0.399106,-0.148089,0.904867]],[[-0.160263,0.960413,0.227866],[-0.952281,-0.211189,0.220362],[0.259761,-0.181677,0.948429]],[[-0.160263,0.960413,0.227866],[-0.985239,-0.141573,-0.0962361],[-0.0601666,-0.239926,0.968925]]],"btipPosition":[-10.7187,240.964,8.38042],"carpPosition":[13.2415,224.166,96.0332],"dipPosition":[-11.9496,236.055,28.2041],"direction":[-0.259761,0.181677,-0.948429],"extended":false,"handId":89,"id":890,"length":45.5601,"mcpPosition":[13.2415,224.166,96.0332],"pipPosition":[-4.2071,230.64,56.4733],"stabilizedTipPosition":[-12.247,241.788,13.1059],"timeVisible":8.75876,"tipPosition":[-14.2534,238.609,14.3073],"tipVelocity":[32.0897,-21.9868,-12.3173],"tool":false,"touchDistance":-0.283661,"touchZone":"touching","type":0,"width":18.1457},{"bases":[[[0.822763,0.478516,-0.30673],[-0.16595,0.718378,0.675569],[0.543619,-0.504931,0.670465]],[[0.772819,0.520276,-0.363405],[-0.281613,0.794307,0.538304],[0.568721,-0.313672,0.760372]],[[0.772819,0.520276,-0.363405],[-0.578692,0.812789,-0.0670043],[0.260511,0.262082,0.929219]],[[0.772819,0.520276,-0.363405],[-0.634069,0.609027,-0.47649],[-0.0265823,0.598664,0.800559]]],"btipPosition":[-47.1864,273.85,-1.3232],"carpPosition":[14.3086,244.014,102.027],"dipPosition":[-47.5834,282.792,10.6341],"direction":[-0.260511,-0.262082,-0.929219],"extended":true,"handId":89,"id":891,"length":51.4095,"mcpPosition":[-20.719,276.549,58.8261],"pipPosition":[-42.0789,288.329,30.2683],"stabilizedTipPosition":[-47.2586,277.732,2.03317],"timeVisible":8.75876,"tipPosition":[-47.8252,278.702,1.53506],"tipVelocity":[7.14899,-64.0765,-8.40402],"tool":false,"touchDistance":0.268518,"touchZone":"hovering","type":1,"width":17.3328},{"bases":[[[0.904798,0.276374,-0.323972],[-0.0124877,0.777675,0.628543],[0.425658,-0.564659,0.70709]],[[0.877028,0.31044,-0.366673],[0.0252249,0.732396,0.680411],[0.479777,-0.605989,0.634501]],[[0.877028,0.31044,-0.366673],[-0.0977127,0.862508,0.49652],[0.470398,-0.399634,0.786778]],[[0.877028,0.31044,-0.366673],[-0.210214,0.934226,0.288152],[0.432009,-0.175638,0.884601]]],"btipPosition":[-42.4584,323.308,-4.61709],"carpPosition":[22.5582,250.45,99.4159],"dipPosition":[-35.3614,320.422,9.9151],"direction":[-0.470398,0.399633,-0.786778],"extended":true,"handId":89,"id":892,"length":58.577,"mcpPosition":[-3.45146,284.954,56.2095],"pipPosition":[-23.6677,310.488,29.4737],"stabilizedTipPosition":[-40.3632,325.234,0.538573],"timeVisible":8.75876,"tipPosition":[-39.3212,324.605,-0.55703],"tipVelocity":[-37.0077,-28.1152,-4.46826],"tool":false,"touchDistance":0.201465,"touchZone":"hovering","type":2,"width":17.0231},{"bases":[[[0.955925,0.130851,-0.262841],[0.0657633,0.777037,0.626011],[0.286151,-0.615704,0.734184]],[[0.940725,0.160918,-0.298565],[0.103129,0.702892,0.703781],[0.32311,-0.692856,0.644633]],[[0.940725,0.160918,-0.298565],[0.0114776,0.864675,0.5022],[0.338975,-0.475859,0.811575]],[[0.940725,0.160918,-0.298565],[-0.0710455,0.954246,0.290461],[0.331645,-0.252032,0.909116]]],"btipPosition":[-10.015,330.91,-4.02543],"carpPosition":[31.93,254.428,95.9348],"dipPosition":[-4.59808,326.793,10.8237],"direction":[-0.338975,0.475859,-0.811575],"extended":true,"handId":89,"id":893,"length":56.3233,"mcpPosition":[16.2312,288.207,55.6562],"pipPosition":[3.6109,315.269,30.4776],"stabilizedTipPosition":[-8.43203,331.486,0.758281],"timeVisible":8.75876,"tipPosition":[-7.68311,329.796,-0.739269],"tipVelocity":[-41.8159,-14.7508,-6.14858],"tool":false,"touchDistance":0.246607,"touchZone":"hovering","type":3,"width":16.1985},{"bases":[[[0.958525,-0.0714888,-0.275898],[0.238665,0.73046,0.639896],[0.155787,-0.679203,0.717226]],[[0.967374,-0.121153,-0.222506],[0.24445,0.677105,0.694099],[0.0665678,-0.725845,0.684629]],[[0.967374,-0.121153,-0.222506],[0.214071,0.860596,0.462112],[0.135502,-0.494667,0.858454]],[[0.967374,-0.121153,-0.222506],[0.176071,0.95299,0.246595],[0.18217,-0.277727,0.943229]]],"btipPosition":[27.722,322.303,3.51125],"carpPosition":[42.7532,252.73,89.9892],"dipPosition":[30.467,318.118,17.7242],"direction":[-0.135502,0.494667,-0.858454],"extended":true,"handId":89,"id":894,"length":44.1565,"mcpPosition":[34.8415,287.224,53.5649],"pipPosition":[32.7839,309.66,32.4023],"stabilizedTipPosition":[29.476,321.112,6.91186],"timeVisible":8.75876,"tipPosition":[27.0314,316.608,5.0539],"tipVelocity":[-40.9381,4.54273,-5.91125],"tool":false,"touchDistance":-0.277952,"touchZone":"touching","type":4,"width":14.3888}],"r":[[0.48441,0.670851,0.561522],[-0.251729,0.721594,-0.64493],[-0.837842,0.171059,0.51842]],"s":1.15438,"t":[-20.7363,5.90658,-0.696436],"timestamp":1131351640885},{"currentFrameRate":57.6535,"devices":[],"gestures":[],"hands":[{"armBasis":[[0.811387,0.492411,-0.314931],[-0.162645,0.707719,0.687517],[0.561424,-0.506621,0.654323]],"armWidth":56.7046,"confidence":1,"direction":[-0.427212,0.665399,-0.612155],"elbow":[175.99,110.478,262.855],"grabAngle":0.646519,"grabStrength":0,"id":89,"palmNormal":[0.112385,-0.632719,-0.766183],"palmPosition":[8.05472,267.861,65.5327],"palmVelocity":[-20.1551,-43.7994,-32.2789],"palmWidth":79.6914,"pinchDistance":53.328,"pinchStrength":0.0953014,"r":[[0.475667,0.676123,0.562671],[-0.256444,0.718475,-0.646552],[-0.841414,0.16325,0.515143]],"s":1.15592,"sphereCenter":[-12.4664,273.298,32.7175],"sphereRadius":49.735,"stabilizedPalmPosition":[7.92373,272.287,69.5242],"t":[-20.9507,5.45523,-1.00834],"timeVisible":8.77611,"type":"right","wrist":[43.2283,230.28,108.125]}],"id":64616,"interactionBox":{"center":[0,200,0],"size":[235.247,235.247,147.751]},"pointables":[{"bases":[[[0.177123,0.855159,0.487165],[-0.605547,-0.295516,0.738907],[0.775848,-0.425879,0.465496]],[[-0.189876,0.955333,0.226466],[-0.900625,-0.261321,0.347254],[0.390923,-0.138026,0.910015]],[[-0.189876,0.955333,0.226466],[-0.950533,-0.236626,0.201236],[0.245835,-0.177054,0.953004]],[[-0.189876,0.955333,0.226466],[-0.978932,-0.166573,-0.118088],[-0.0750905,-0.244117,0.966834]]],"btipPosition":[-9.11459,239.866,7.57563],"carpPosition":[13.7674,223.56,95.5471],"dipPosition":[-10.6509,234.872,27.3565],"direction":[-0.245835,0.177054,-0.953004],"extended":false,"handId":89,"id":890,"length":45.5601,"mcpPosition":[13.7674,223.56,95.5471],"pipPosition":[-3.32346,229.594,55.7621],"stabilizedTipPosition":[-11.8813,241.384,12.9768],"timeVisible":8.77611,"tipPosition":[-12.9274,237.248,13.4171],"tipVelocity":[88.3752,-64.4014,-46.9366],"tool":false,"touchDistance":-0.295848,"touchZone":"touching","type":0,"width":18.1457},{"bases":[[[0.812674,0.502218,-0.295531],[-0.19596,0.713157,0.673058],[0.548782,-0.489065,0.677978]],[[0.765786,0.540012,-0.349227],[-0.302529,0.781701,0.545362],[0.567493,-0.311979,0.761985]],[[0.765786,0.540012,-0.349227],[-0.594412,0.80162,-0.0638783],[0.245452,0.256502,0.934858]],[[0.765786,0.540012,-0.349227],[-0.64154,0.603729,-0.473221],[-0.0447066,0.586429,0.808766]]],"btipPosition":[-47.0164,272.48,-2.5864],"carpPosition":[14.1763,243.429,101.55],"dipPosition":[-47.6841,281.239,9.4935],"direction":[-0.245452,-0.256502,-0.934858],"extended":true,"handId":89,"id":891,"length":51.4095,"mcpPosition":[-21.184,274.942,57.8652],"pipPosition":[-42.4978,286.659,29.2468],"stabilizedTipPosition":[-47.2545,277.582,1.94781],"timeVisible":8.77611,"tipPosition":[-47.5288,276.203,0.206286],"tipVelocity":[6.20896,-81.3383,-71.1576],"tool":false,"touchDistance":0.247935,"touchZone":"hovering","type":1,"width":17.3328},{"bases":[[[0.900764,0.302543,-0.311597],[-0.0436503,0.776886,0.628127],[0.432111,-0.552193,0.712996]],[[0.874698,0.333493,-0.351689],[-0.000144236,0.725808,0.687898],[0.484668,-0.601652,0.634911]],[[0.874698,0.333493,-0.351689],[-0.120586,0.852557,0.508533],[0.469427,-0.402404,0.785945]],[[0.874698,0.333493,-0.351689],[-0.231788,0.925106,0.300755],[0.425649,-0.181553,0.886488]]],"btipPosition":[-43.2176,322.182,-5.37047],"carpPosition":[22.2708,250.103,99.051],"dipPosition":[-36.225,319.199,9.19272],"direction":[-0.469427,0.402404,-0.785945],"extended":true,"handId":89,"id":892,"length":58.577,"mcpPosition":[-4.13314,283.844,55.4837],"pipPosition":[-24.5555,309.196,28.7306],"stabilizedTipPosition":[-40.3931,325.145,0.477017],"timeVisible":8.77611,"tipPosition":[-40.448,322.378,-1.79682],"tipVelocity":[-45.1258,-66.1602,-42.9965],"tool":false,"touchDistance":0.189028,"touchZone":"hovering","type":2,"width":17.0231},{"bases":[[[0.955245,0.158554,-0.249736],[0.0346137,0.778517,0.626668],[0.293784,-0.607266,0.738186]],[[0.941035,0.18576,-0.282749],[0.0749928,0.700439,0.709761],[0.329893,-0.689114,0.645207]],[[0.941035,0.18576,-0.282749],[-0.0157614,0.858934,0.511844],[0.337942,-0.477206,0.811215]],[[0.941035,0.18576,-0.282749],[-0.0961664,0.948168,0.302868],[0.324354,-0.257818,0.910123]]],"btipPosition":[-10.9144,330.351,-4.51216],"carpPosition":[31.5702,254.351,95.6978],"dipPosition":[-5.61656,326.14,10.3534],"direction":[-0.337942,0.477206,-0.811215],"extended":true,"handId":89,"id":893,"length":56.3233,"mcpPosition":[15.4527,287.667,55.1997],"pipPosition":[2.56741,314.583,29.9986],"stabilizedTipPosition":[-8.45618,331.446,0.722905],"timeVisible":8.77611,"tipPosition":[-8.92384,328.597,-1.50584],"tipVelocity":[-53.399,-33.4507,-27.8258],"tool":false,"touchDistance":0.238558,"touchZone":"hovering","type":3,"width":16.1985},{"bases":[[[0.963889,-0.0436237,-0.262708],[0.208586,0.736971,0.642935],[0.165561,-0.674515,0.719457]],[[0.973578,-0.0939977,-0.20811],[0.215025,0.684167,0.696907],[0.0768743,-0.723243,0.686302]],[[0.973578,-0.0939977,-0.20811],[0.182876,0.866724,0.464054],[0.136754,-0.489852,0.861013]],[[0.973578,-0.0939977,-0.20811],[0.14632,0.956469,0.252503],[0.175316,-0.276283,0.944951]]],"btipPosition":[26.7544,322.119,3.18898],"carpPosition":[42.5186,252.969,89.9016],"dipPosition":[29.3961,317.956,17.4279],"direction":[-0.136754,0.489852,-0.861013],"extended":true,"handId":89,"id":894,"length":44.1565,"mcpPosition":[34.1106,287.224,53.364],"pipPosition":[31.7344,309.58,32.1497],"stabilizedTipPosition":[29.3813,321.114,6.8918],"timeVisible":8.77611,"tipPosition":[26.1252,316.405,4.75351],"tipVelocity":[-57.1207,-10.3161,-18.2246],"tool":false,"touchDistance":-0.283223,"touchZone":"touching","type":4,"width":14.3888}],"r":[[0.475667,0.676123,0.562671],[-0.256444,0.718475,-0.646552],[-0.841414,0.16325,0.515143]],"s":1.15592,"t":[-20.9507,5.45523,-1.00834],"timestamp":1131351658241},{"currentFrameRate":57.6584,"devices":[],"gestures":[],"hands":[{"armBasis":[[0.800399,0.530525,-0.279112],[-0.205443,0.680162,0.703685],[0.563164,-0.505888,0.653394]],"armWidth":56.7046,"confidence":1,"direction":[-0.441987,0.640942,-0.627567],"elbow":[176.627,111.219,262.934],"grabAngle":0.615016,"grabStrength":0,"id":89,"palmNormal":[0.168424,-0.627873,-0.759874],"palmPosition":[7.75718,266.731,64.8333],"palmVelocity":[-17.1724,-65.1706,-40.366],"palmWidth":79.6914,"pinchDistance":55.5089,"pinchStrength":0.0346254,"r":[[0.458103,0.68548,0.565914],[-0.263607,0.71277,-0.649977],[-0.848913,0.148578,0.50722]],"s":1.15866,"sphereCenter":[-10.8615,275.736,33.556],"sphereRadius":48.7537,"stabilizedPalmPosition":[7.92373,272.287,69.5242],"t":[-21.2067,4.66495,-1.514],"timeVisible":8.79344,"type":"right","wrist":[43.4535,230.848,108.425]}],"id":64617,"interactionBox":{"center":[0,200,0],"size":[235.247,235.247,147.751]},"pointables":[{"bases":[[[0.11765,0.864335,0.488962],[-0.611908,-0.324702,0.721206],[0.78213,-0.384049,0.490692]],[[-0.243635,0.944888,0.218696],[-0.893386,-0.306409,0.328595],[0.377496,-0.115323,0.918802]],[[-0.243635,0.944888,0.218696],[-0.94354,-0.283099,0.172007],[0.22444,-0.164442,0.960513]],[[-0.243635,0.944888,0.218696],[-0.965386,-0.214614,-0.148223],[-0.0931186,-0.247239,0.96447]]],"btipPosition":[-6.4635,237.859,6.65263],"carpPosition":[14.8249,222.857,95.1837],"dipPosition":[-8.36865,232.8,26.3851],"direction":[-0.22444,0.164442,-0.960513],"extended":false,"handId":89,"id":890,"length":45.5601,"mcpPosition":[14.8249,222.857,95.1837],"pipPosition":[-1.6789,227.899,55.0145],"stabilizedTipPosition":[-9.93518,239.552,12.2789],"timeVisible":8.79344,"tipPosition":[-9.92854,234.992,12.1972],"tipVelocity":[148.107,-116.7,-53.9116],"tool":false,"touchDistance":-0.308609,"touchZone":"touching","type":0,"width":18.1457},{"bases":[[[0.794349,0.542899,-0.272524],[-0.253139,0.703657,0.663918],[0.552204,-0.458396,0.696379]],[[0.753819,0.573605,-0.320521],[-0.337655,0.756618,0.559927],[0.563689,-0.313858,0.764034]],[[0.753819,0.573605,-0.320521],[-0.617435,0.785224,-0.0468807],[0.22479,0.233241,0.946081]],[[0.753819,0.573605,-0.320521],[-0.654684,0.61402,-0.440872],[-0.0560799,0.542178,0.83839]]],"btipPosition":[-46.6417,271.033,-4.96108],"carpPosition":[14.0221,242.735,101.118],"dipPosition":[-47.4793,279.131,7.5613],"direction":[-0.22479,-0.233241,-0.946081],"extended":true,"handId":89,"id":891,"length":51.4095,"mcpPosition":[-21.5587,272.272,56.2471],"pipPosition":[-42.7296,284.06,27.5517],"stabilizedTipPosition":[-47.2369,277.385,1.77864],"timeVisible":8.79344,"tipPosition":[-46.2593,272.171,-2.17664],"tipVelocity":[19.3682,-92.2889,-131.177],"tool":false,"touchDistance":0.210053,"touchZone":"hovering","type":1,"width":17.3328},{"bases":[[[0.893088,0.348012,-0.285098],[-0.103016,0.775076,0.623414],[0.437928,-0.527395,0.728062]],[[0.870796,0.373184,-0.320076],[-0.0456912,0.709642,0.70308],[0.489517,-0.597614,0.635004]],[[0.870796,0.373184,-0.320076],[-0.16465,0.834796,0.525363],[0.463255,-0.404783,0.788381]],[[0.870796,0.373184,-0.320076],[-0.274775,0.909276,0.312595],[0.407693,-0.184257,0.894335]]],"btipPosition":[-43.7656,320.31,-6.69463],"carpPosition":[21.8342,249.813,98.8409],"dipPosition":[-37.0681,317.283,7.99747],"direction":[-0.463255,0.404783,-0.788381],"extended":true,"handId":89,"id":892,"length":58.577,"mcpPosition":[-4.92528,282.039,54.3529],"pipPosition":[-25.552,307.221,27.5959],"stabilizedTipPosition":[-40.47,324.913,0.317984],"timeVisible":8.79344,"tipPosition":[-41.5178,318.659,-4.04578],"tipVelocity":[-35.5466,-108.622,-74.7108],"tool":false,"touchDistance":0.167452,"touchZone":"hovering","type":2,"width":17.0231},{"bases":[[[0.953006,0.207184,-0.221029],[-0.0249326,0.780752,0.624344],[0.301922,-0.589493,0.749227]],[[0.941346,0.228572,-0.248241],[0.022553,0.691389,0.72213],[0.33669,-0.685373,0.645681]],[[0.941346,0.228572,-0.248241],[-0.0662823,0.846565,0.528142],[0.33087,-0.48071,0.812061]],[[0.941346,0.228572,-0.248241],[-0.143487,0.936962,0.318612],[0.305418,-0.264305,0.914802]]],"btipPosition":[-11.7156,329.598,-5.17433],"carpPosition":[31.0004,254.529,95.7568],"dipPosition":[-6.72705,325.281,9.76763],"direction":[-0.33087,0.48071,-0.812061],"extended":true,"handId":89,"id":893,"length":56.3233,"mcpPosition":[14.4364,286.87,54.6529],"pipPosition":[1.28566,313.639,29.4334],"stabilizedTipPosition":[-8.50915,331.375,0.661193],"timeVisible":8.79344,"tipPosition":[-10.2995,326.595,-2.80288],"tipVelocity":[-50.3455,-44.8557,-37.2019],"tool":false,"touchDistance":0.227815,"touchZone":"hovering","type":3,"width":16.1985},{"bases":[[[0.972477,0.00569378,-0.232929],[0.150371,0.748304,0.646088],[0.177981,-0.663332,0.726852]],[[0.983539,-0.0469956,-0.174479],[0.157698,0.694656,0.701844],[0.0882192,-0.717805,0.690632]],[[0.983539,-0.0469956,-0.174479],[0.124591,0.875734,0.466441],[0.130876,-0.480501,0.867173]],[[0.983539,-0.0469956,-0.174479],[0.0914911,0.962185,0.256573],[0.155823,-0.268313,0.950646]]],"btipPosition":[25.8272,321.835,2.89054],"carpPosition":[42.1786,253.701,90.3037],"dipPosition":[28.1752,317.792,17.2153],"direction":[-0.130876,0.480502,-0.867173],"extended":true,"handId":89,"id":894,"length":44.1565,"mcpPosition":[33.1399,287.389,53.3906],"pipPosition":[30.413,309.577,32.0424],"stabilizedTipPosition":[29.1723,321.1,6.84279],"timeVisible":8.79344,"tipPosition":[25.1793,316.095,4.47626],"tipVelocity":[-57.409,-14.7801,-16.0846],"tool":false,"touchDistance":-0.287415,"touchZone":"touching","type":4,"width":14.3888}],"r":[[0.458103,0.68548,0.565914],[-0.263607,0.71277,-0.649977],[-0.848913,0.148578,0.50722]],"s":1.15866,"t":[-21.2067,4.66495,-1.514],"timestamp":1131351675568},{"currentFrameRate":57.6448,"devices":[],"gestures":[],"hands":[{"armBasis":[[0.790301,0.557832,-0.25347],[-0.234254,0.657335,0.716265],[0.566171,-0.506688,0.650168]],"armWidth":56.7046,"confidence":1,"direction":[-0.4506,0.627514,-0.634969],"elbow":[177.514,111.322,262.362],"grabAngle":0.59238,"grabStrength":0,"id":89,"palmNormal":[0.206172,-0.618892,-0.757935],"palmPosition":[7.64821,266.088,64.5161],"palmVelocity":[-6.26509,-36.9619,-18.2363],"palmWidth":79.6914,"pinchDistance":57.5617,"pinchStrength":0,"r":[[0.436676,0.695427,0.570697],[-0.271378,0.706653,-0.653449],[-0.857711,0.130471,0.497302]],"s":1.16283,"sphereCenter":[-10.099,280.011,35.8166],"sphereRadius":48.2306,"stabilizedPalmPosition":[7.92373,272.287,69.5242],"t":[-21.3892,3.94837,-1.92542],"timeVisible":8.81083,"type":"right","wrist":[43.6296,231.14,108.615]}],"id":64618,"interactionBox":{"center":[0,200,0],"size":[235.247,235.247,147.751]},"pointables":[{"bases":[[[0.0771862,0.866111,0.493857],[-0.615388,-0.348335,0.707079],[0.784436,-0.35849,0.506107]],[[-0.281467,0.935022,0.215661],[-0.885474,-0.339688,0.317091],[0.369745,-0.101712,0.923549]],[[-0.281467,0.935022,0.215661],[-0.935875,-0.317131,0.153512],[0.21193,-0.158624,0.964326]],[[-0.281467,0.935022,0.215661],[-0.954402,-0.249493,-0.163921],[-0.0994643,-0.251966,0.962611]]],"btipPosition":[-4.85528,236.705,6.06853],"carpPosition":[15.5915,222.376,94.8828],"dipPosition":[-6.89026,231.55,25.763],"direction":[-0.21193,0.158624,-0.964326],"extended":false,"handId":89,"id":890,"length":45.5601,"mcpPosition":[15.5915,222.376,94.8828],"pipPosition":[-0.573409,226.822,54.506],"stabilizedTipPosition":[-7.82908,237.71,11.5114],"timeVisible":8.81083,"tipPosition":[-7.7154,234.005,11.3936],"tipVelocity":[90.7466,-67.5885,-34.0856],"tool":false,"touchDistance":-0.314974,"touchZone":"touching","type":0,"width":18.1457},{"bases":[[[0.780605,0.571093,-0.253987],[-0.291418,0.692043,0.660418],[0.55293,-0.441509,0.706639]],[[0.746109,0.596496,-0.295828],[-0.351201,0.730041,0.586258],[0.565667,-0.333517,0.75418]],[[0.746109,0.596496,-0.295828],[-0.627934,0.778127,-0.0147304],[0.221406,0.196751,0.955127]],[[0.746109,0.596496,-0.295828],[-0.661909,0.616378,-0.426562],[-0.0721001,0.514073,0.854711]]],"btipPosition":[-46.5006,271.331,-5.94882],"carpPosition":[13.9734,242.192,100.856],"dipPosition":[-47.5775,279.009,6.81733],"direction":[-0.221406,-0.196751,-0.955127],"extended":true,"handId":89,"id":891,"length":51.4095,"mcpPosition":[-21.6541,270.641,55.3242],"pipPosition":[-42.8993,283.167,26.9989],"stabilizedTipPosition":[-47.2266,277.295,1.67796],"timeVisible":8.81083,"tipPosition":[-45.3596,270.41,-3.5158],"tipVelocity":[4.94699,11.5804,-53.5657],"tool":false,"touchDistance":0.194525,"touchZone":"hovering","type":1,"width":17.3328},{"bases":[[[0.886296,0.379792,-0.265021],[-0.143042,0.768768,0.623325],[0.440474,-0.514541,0.735683]],[[0.867698,0.400353,-0.294648],[-0.0715368,0.687144,0.722991],[0.491917,-0.60626,0.624873]],[[0.867698,0.400353,-0.294648],[-0.189482,0.814375,0.548535],[0.459562,-0.420132,0.782491]],[[0.867698,0.400353,-0.294648],[-0.30037,0.894568,0.330946],[0.396078,-0.198658,0.896469]]],"btipPosition":[-43.9924,320.239,-6.69662],"carpPosition":[21.5814,249.545,98.7663],"dipPosition":[-37.4857,316.975,8.03053],"direction":[-0.459562,0.420132,-0.782491],"extended":true,"handId":89,"id":892,"length":58.577,"mcpPosition":[-5.33359,280.985,53.8127],"pipPosition":[-26.0614,306.531,27.4825],"stabilizedTipPosition":[-40.5608,324.669,0.155268],"timeVisible":8.81083,"tipPosition":[-42.0112,316.944,-4.97248],"tipVelocity":[-15.5628,-7.22346,0.349032],"tool":false,"touchDistance":0.167553,"touchZone":"hovering","type":2,"width":17.0231},{"bases":[[[0.9497,0.240893,-0.200101],[-0.0652407,0.777144,0.625932],[0.30629,-0.581393,0.75377]],[[0.940574,0.257384,-0.221526],[-0.00995255,0.672951,0.73962],[0.339442,-0.693463,0.635522]],[[0.940574,0.257384,-0.221526],[-0.0968803,0.828606,0.551386],[0.325476,-0.497158,0.804301]],[[0.940574,0.257384,-0.221526],[-0.172711,0.924236,0.340527],[0.292389,-0.282031,0.913765]]],"btipPosition":[-12.0781,330.215,-4.68702],"carpPosition":[30.6415,254.587,95.8917],"dipPosition":[-7.30237,325.609,10.238],"direction":[-0.325476,0.497158,-0.804301],"extended":true,"handId":89,"id":893,"length":56.3233,"mcpPosition":[13.8379,286.483,54.5386],"pipPosition":[0.579694,313.569,29.7158],"stabilizedTipPosition":[-8.56655,331.323,0.616694],"timeVisible":8.81083,"tipPosition":[-11.034,325.962,-3.07216],"tipVelocity":[-23.6563,31.6593,27.7934],"tool":false,"touchDistance":0.235871,"touchZone":"hovering","type":3,"width":16.1985},{"bases":[[[0.976404,0.0402437,-0.212168],[0.110585,0.750713,0.651307],[0.185488,-0.659402,0.728549]],[[0.988419,-0.0145504,-0.151051],[0.119009,0.691919,0.712099],[0.0941537,-0.721829,0.685637]],[[0.988419,-0.0145504,-0.151051],[0.0858609,0.874364,0.477614],[0.125124,-0.485052,0.865487]],[[0.988419,-0.0145504,-0.151051],[0.0549305,0.962197,0.266757],[0.141459,-0.271965,0.951853]]],"btipPosition":[25.3533,322.359,3.34096],"carpPosition":[41.9547,254.167,90.6752],"dipPosition":[27.4849,318.26,17.6839],"direction":[-0.125124,0.485052,-0.865487],"extended":true,"handId":89,"id":894,"length":44.1565,"mcpPosition":[32.5347,287.654,53.6759],"pipPosition":[29.6243,309.967,32.4822],"stabilizedTipPosition":[28.937,321.122,6.82845],"timeVisible":8.81083,"tipPosition":[24.6552,316.398,4.7447],"tipVelocity":[-30.1074,29.3508,26.137],"tool":false,"touchDistance":-0.279838,"touchZone":"touching","type":4,"width":14.3888}],"r":[[0.436676,0.695427,0.570697],[-0.271378,0.706653,-0.653449],[-0.857711,0.130471,0.497302]],"s":1.16283,"t":[-21.3892,3.94837,-1.92542],"timestamp":1131351692961},{"currentFrameRate":57.6585,"devices":[],"gestures":[],"hands":[{"armBasis":[[0.783749,0.573402,-0.238637],[-0.247836,0.641054,0.72638],[0.569487,-0.510157,0.644535]],"armWidth":56.7046,"confidence":1,"direction":[-0.455749,0.62104,-0.637653],"elbow":[178.397,110.788,261.035],"grabAngle":0.57122,"grabStrength":0,"id":89,"palmNormal":[0.226268,-0.612013,-0.757788],"palmPosition":[7.55472,265.948,64.3523],"palmVelocity":[-5.40441,-8.12713,-9.47224],"palmWidth":79.6914,"pinchDistance":59.1711,"pinchStrength":0,"r":[[0.415383,0.704254,0.575746],[-0.278762,0.701033,-0.656388],[-0.86588,0.112157,0.487516]],"s":1.1682,"sphereCenter":[-9.96147,284.589,38.3907],"sphereRadius":48.3287,"stabilizedPalmPosition":[7.92373,272.287,69.5242],"t":[-21.5271,3.51979,-2.21306],"timeVisible":8.82813,"type":"right","wrist":[43.7288,231.427,108.62]}],"id":64619,"interactionBox":{"center":[0,200,0],"size":[235.247,235.247,147.751]},"pointables":[{"bases":[[[0.0550993,0.865617,0.497667],[-0.61615,-0.36273,0.699132],[0.785699,-0.345159,0.513363]],[[-0.303904,0.928393,0.213845],[-0.879425,-0.359698,0.311817],[0.366408,-0.0932983,0.925765]],[[-0.303904,0.928393,0.213845],[-0.929828,-0.33793,0.145681],[0.207514,-0.154566,0.965944]],[[-0.303904,0.928393,0.213845],[-0.947665,-0.271531,-0.167932],[-0.0978408,-0.253688,0.962325]]],"btipPosition":[-4.19018,236.161,5.69833],"carpPosition":[16.0123,222.285,94.6518],"dipPosition":[-6.19195,230.971,25.3869],"direction":[-0.207514,0.154566,-0.965944],"extended":false,"handId":89,"id":890,"length":45.5601,"mcpPosition":[16.0123,222.285,94.6518],"pipPosition":[-0.00672285,226.364,54.1782],"stabilizedTipPosition":[-6.47739,236.544,10.9651],"timeVisible":8.82813,"tipPosition":[-6.54129,233.812,10.9289],"tipVelocity":[38.891,-31.928,-21.479],"tool":false,"touchDistance":-0.317383,"touchZone":"touching","type":0,"width":18.1457},{"bases":[[[0.772127,0.586965,-0.243501],[-0.311853,0.683864,0.659604],[0.553686,-0.433362,0.711076]],[[0.74332,0.608005,-0.278935],[-0.351898,0.710034,0.609934],[0.568896,-0.35522,0.741738]],[[0.74332,0.608005,-0.278935],[-0.630011,0.776467,0.0136113],[0.224859,0.165614,0.960214]],[[0.74332,0.608005,-0.278935],[-0.664116,0.620784,-0.416626],[-0.0801528,0.494931,0.865227]]],"btipPosition":[-46.6495,272.418,-6.21226],"carpPosition":[13.9473,242.045,100.676],"dipPosition":[-47.8467,279.81,6.71097],"direction":[-0.224859,-0.165614,-0.960214],"extended":true,"handId":89,"id":891,"length":51.4095,"mcpPosition":[-21.729,269.968,54.858],"pipPosition":[-43.0955,283.309,27],"stabilizedTipPosition":[-47.2177,277.201,1.53354],"timeVisible":8.82813,"tipPosition":[-45.0621,270.089,-4.10907],"tipVelocity":[-10.2062,59.002,-13.1412],"tool":false,"touchDistance":0.190737,"touchZone":"hovering","type":1,"width":17.3328},{"bases":[[[0.881607,0.39778,-0.254048],[-0.164594,0.763572,0.624393],[0.442355,-0.508655,0.738643]],[[0.866131,0.414766,-0.278901],[-0.0809004,0.666984,0.740667],[0.493226,-0.618951,0.611251]],[[0.866131,0.414766,-0.278901],[-0.197878,0.796966,0.570692],[0.458978,-0.439106,0.77235]],[[0.866131,0.414766,-0.278901],[-0.310113,0.883562,0.350924],[0.391977,-0.217455,0.893905]]],"btipPosition":[-44.2281,321.2,-6.08113],"carpPosition":[21.4339,249.55,98.6944],"dipPosition":[-37.7887,317.627,8.60391],"direction":[-0.458978,0.439106,-0.77235],"extended":true,"handId":89,"id":892,"length":58.577,"mcpPosition":[-5.59598,280.631,53.56],"pipPosition":[-26.3789,306.712,27.8038],"stabilizedTipPosition":[-40.6523,324.49,0.0356895],"timeVisible":8.82813,"tipPosition":[-42.377,316.63,-5.14525],"tipVelocity":[-14.5193,51.4423,35.0219],"tool":false,"touchDistance":0.17765,"touchZone":"hovering","type":2,"width":17.0231},{"bases":[[[0.946977,0.259891,-0.188923],[-0.0870016,0.773436,0.627875],[0.309299,-0.578147,0.755037]],[[0.939786,0.272819,-0.205845],[-0.0243548,0.654232,0.755901],[0.340894,-0.705372,0.621483]],[[0.939786,0.272819,-0.205845],[-0.109214,0.810456,0.575529],[0.323843,-0.518393,0.791451]],[[0.939786,0.272819,-0.205845],[-0.184698,0.912201,0.365755],[0.287556,-0.305712,0.907663]]],"btipPosition":[-12.3975,331.593,-3.753],"carpPosition":[30.4255,254.776,95.936],"dipPosition":[-7.70068,326.6,11.0723],"direction":[-0.323843,0.518393,-0.791451],"extended":true,"handId":89,"id":893,"length":56.3233,"mcpPosition":[13.4568,286.495,54.5134],"pipPosition":[0.141855,314.046,30.239],"stabilizedTipPosition":[-8.64464,331.298,0.589445],"timeVisible":8.82813,"tipPosition":[-11.5223,326.244,-2.89543],"tipVelocity":[-19.5125,74.5019,52.6709],"tool":false,"touchDistance":0.251056,"touchZone":"hovering","type":3,"width":16.1985},{"bases":[[[0.977681,0.0598391,-0.201395],[0.0890169,0.750306,0.65507],[0.190307,-0.658377,0.728233]],[[0.990192,0.00444373,-0.139646],[0.0990505,0.682588,0.72406],[0.0985383,-0.73079,0.675453]],[[0.990192,0.00444373,-0.139646],[0.0658813,0.866551,0.494721],[0.123209,-0.499069,0.857759]],[[0.990192,0.00444373,-0.139646],[0.0357968,0.958063,0.284312],[0.135053,-0.286523,0.948507]]],"btipPosition":[24.948,323.469,4.02062],"carpPosition":[41.8004,254.594,90.8415],"dipPosition":[26.9831,319.152,18.3131],"direction":[-0.123209,0.499069,-0.857759],"extended":true,"handId":89,"id":894,"length":44.1565,"mcpPosition":[32.1357,288.029,53.8582],"pipPosition":[29.0897,310.619,32.9793],"stabilizedTipPosition":[28.6262,321.241,6.87078],"timeVisible":8.82813,"tipPosition":[24.2916,317.083,5.06373],"tipVelocity":[-24.7124,61.3036,38.6209],"tool":false,"touchDistance":-0.268704,"touchZone":"touching","type":4,"width":14.3888}],"r":[[0.415383,0.704254,0.575746],[-0.278762,0.701033,-0.656388],[-0.86588,0.112157,0.487516]],"s":1.1682,"t":[-21.5271,3.51979,-2.21306],"timestamp":1131351710259},{"currentFrameRate":57.6821,"devices":[],"gestures":[],"hands":[{"armBasis":[[0.779852,0.582482,-0.229226],[-0.252772,0.628052,0.735973],[0.572657,-0.516009,0.637023]],"armWidth":56.7046,"confidence":1,"direction":[-0.458488,0.617323,-0.639298],"elbow":[179.195,109.776,259.237],"grabAngle":0.547279,"grabStrength":0,"id":89,"palmNormal":[0.237727,-0.607953,-0.757548],"palmPosition":[7.49374,266.112,64.2702],"palmVelocity":[-3.5334,9.5182,-4.7575],"palmWidth":79.6914,"pinchDistance":60.9238,"pinchStrength":0,"r":[[0.395889,0.711628,0.580394],[-0.285253,0.696065,-0.658881],[-0.87287,0.0952848,0.478558]],"s":1.17452,"sphereCenter":[-10.2706,288.975,41.0034],"sphereRadius":48.9359,"stabilizedPalmPosition":[7.92373,272.287,69.5242],"t":[-21.6266,3.38764,-2.39793],"timeVisible":8.84539,"type":"right","wrist":[43.7773,231.798,108.598]}],"id":64620,"interactionBox":{"center":[0,200,0],"size":[235.247,235.247,147.751]},"pointables":[{"bases":[[[0.0424835,0.865149,0.499713],[-0.61654,-0.370871,0.694502],[0.786176,-0.337598,0.517643]],[[-0.318632,0.924174,0.210655],[-0.875079,-0.372216,0.309342],[0.364295,-0.0857733,0.927325]],[[-0.318632,0.924174,0.210655],[-0.925035,-0.351673,0.143651],[0.206841,-0.149091,0.966948]],[[-0.318632,0.924174,0.210655],[-0.943384,-0.287574,-0.165311],[-0.092197,-0.251402,0.963482]]],"btipPosition":[-3.96815,235.82,5.46108],"carpPosition":[16.2374,222.482,94.5364],"dipPosition":[-5.85444,230.676,25.1734],"direction":[-0.206841,0.149091,-0.966948],"extended":false,"handId":89,"id":890,"length":45.5601,"mcpPosition":[16.2374,222.482,94.5364],"pipPosition":[0.310719,226.232,53.9946],"stabilizedTipPosition":[-5.71665,235.845,10.6095],"timeVisible":8.84539,"tipPosition":[-5.85374,233.961,10.668],"tipVelocity":[14.4045,-19.1611,-13.4316],"tool":false,"touchDistance":-0.317455,"touchZone":"touching","type":0,"width":18.1457},{"bases":[[[0.767177,0.595866,-0.23745],[-0.323472,0.679065,0.658966],[0.5539,-0.428736,0.713709]],[[0.743336,0.613278,-0.267097],[-0.345949,0.694209,0.631184],[0.572513,-0.37678,0.728194]],[[0.743336,0.613278,-0.267097],[-0.625861,0.778582,0.0459115],[0.236114,0.133038,0.962575]],[[0.743336,0.613278,-0.267097],[-0.66473,0.632629,-0.397385],[-0.0747342,0.472938,0.877921]]],"btipPosition":[-47.1468,274.107,-6.20233],"carpPosition":[13.9183,242.206,100.586],"dipPosition":[-48.2631,281.171,6.91049],"direction":[-0.236114,-0.133038,-0.962575],"extended":true,"handId":89,"id":891,"length":51.4095,"mcpPosition":[-21.7718,269.831,54.5987],"pipPosition":[-43.2741,283.982,27.2495],"stabilizedTipPosition":[-47.2265,277.132,1.31014],"timeVisible":8.84539,"tipPosition":[-45.0695,270.564,-4.34686],"tipVelocity":[-27.738,93.5416,3.10216],"tool":false,"touchDistance":0.191629,"touchZone":"hovering","type":1,"width":17.3328},{"bases":[[[0.878786,0.407911,-0.247678],[-0.176875,0.76045,0.624845],[0.443228,-0.505297,0.740422]],[[0.865898,0.42204,-0.268522],[-0.0828566,0.650401,0.755059],[0.493311,-0.631555,0.598149]],[[0.865898,0.42204,-0.268522],[-0.19788,0.782018,0.591009],[0.459418,-0.458618,0.76066]],[[0.865898,0.42204,-0.268522],[-0.311126,0.874731,0.371545],[0.391691,-0.238176,0.888735]]],"btipPosition":[-44.3905,322.598,-5.28964],"carpPosition":[21.3347,249.797,98.667],"dipPosition":[-37.9558,318.685,9.31047],"direction":[-0.459418,0.458618,-0.76066],"extended":true,"handId":89,"id":892,"length":58.577,"mcpPosition":[-5.74854,280.673,53.4239],"pipPosition":[-26.5351,307.284,28.2198],"stabilizedTipPosition":[-40.7565,324.361,-0.0550824],"timeVisible":8.84539,"tipPosition":[-42.5917,316.998,-5.0381],"tipVelocity":[-9.4721,76.48,44.7303],"tool":false,"touchDistance":0.190516,"touchZone":"hovering","type":2,"width":17.0231},{"bases":[[[0.945249,0.270612,-0.182413],[-0.0994185,0.771155,0.628838],[0.31084,-0.576273,0.755836]],[[0.939618,0.280736,-0.195718],[-0.0303606,0.638025,0.769417],[0.340876,-0.717016,0.608023]],[[0.939618,0.280736,-0.195718],[-0.112908,0.79418,0.597101],[0.323063,-0.538949,0.777923]],[[0.939618,0.280736,-0.195718],[-0.188145,0.901475,0.389801],[0.285866,-0.329441,0.899861]]],"btipPosition":[-12.5745,333.181,-2.77622],"carpPosition":[30.2857,255.127,95.9759],"dipPosition":[-7.90532,327.8,11.9217],"direction":[-0.323063,0.538949,-0.777923],"extended":true,"handId":89,"id":893,"length":56.3233,"mcpPosition":[13.2326,286.742,54.5094],"pipPosition":[-0.0816787,314.748,30.7607],"stabilizedTipPosition":[-8.74686,331.321,0.589976],"timeVisible":8.84539,"tipPosition":[-11.7837,326.933,-2.59515],"tipVelocity":[-10.6263,86.8365,54.9],"tool":false,"touchDistance":0.266847,"touchZone":"hovering","type":3,"width":16.1985},{"bases":[[[0.978218,0.0709337,-0.195085],[0.0766676,0.749895,0.6571],[0.192904,-0.657743,0.728122]],[[0.990982,0.0153252,-0.133113],[0.0884364,0.671519,0.735691],[0.100663,-0.740829,0.664108]],[[0.990982,0.0153252,-0.133113],[0.0556464,0.856646,0.512894],[0.121891,-0.515676,0.848069]],[[0.990982,0.0153252,-0.133113],[0.0259965,0.952571,0.303204],[0.131446,-0.303931,0.943583]]],"btipPosition":[24.7209,324.779,4.72845],"carpPosition":[41.6939,255.079,90.9531],"dipPosition":[26.7016,320.199,18.9467],"direction":[-0.121891,0.515676,-0.848069],"extended":true,"handId":89,"id":894,"length":44.1565,"mcpPosition":[31.8973,288.482,53.9755],"pipPosition":[28.7857,311.382,33.4473],"stabilizedTipPosition":[28.2409,321.519,6.99675],"timeVisible":8.84539,"tipPosition":[24.1122,317.922,5.35977],"tipVelocity":[-13.8883,72.3891,40.0258],"tool":false,"touchDistance":-0.257191,"touchZone":"touching","type":4,"width":14.3888}],"r":[[0.395889,0.711628,0.580394],[-0.285253,0.696065,-0.658881],[-0.87287,0.0952848,0.478558]],"s":1.17452,"t":[-21.6266,3.38764,-2.39793],"timestamp":1131351727517},{"currentFrameRate":57.6609,"devices":[],"gestures":[],"hands":[{"armBasis":[[0.776787,0.59056,-0.218723],[-0.25592,0.613357,0.747194],[0.575418,-0.524435,0.627584]],"armWidth":56.7046,"confidence":1,"direction":[-0.459738,0.618868,-0.636902],"elbow":[179.865,107.657,256.76],"grabAngle":0.520042,"grabStrength":0,"id":89,"palmNormal":[0.246159,-0.600278,-0.760968],"palmPosition":[7.46695,266.132,64.1837],"palmVelocity":[-1.5387,1.11375,-4.96695],"palmWidth":79.6914,"pinchDistance":62.8283,"pinchStrength":0,"r":[[0.378493,0.716917,0.585468],[-0.290713,0.692592,-0.660153],[-0.878766,0.0796606,0.470558]],"s":1.18156,"sphereCenter":[-11.1168,292.898,43.8243],"sphereRadius":49.9539,"stabilizedPalmPosition":[7.92373,272.287,69.5242],"t":[-21.6898,3.33125,-2.53361],"timeVisible":8.8628,"type":"right","wrist":[43.7942,231.671,108.354]}],"id":64621,"interactionBox":{"center":[0,200,0],"size":[235.247,235.247,147.751]},"pointables":[{"bases":[[[0.0334672,0.861531,0.506601],[-0.617362,-0.380798,0.688373],[0.785967,-0.335794,0.519132]],[[-0.329881,0.919699,0.212913],[-0.871231,-0.383446,0.306472],[0.363503,-0.0843971,0.927762]],[[-0.329881,0.919699,0.212913],[-0.920319,-0.363535,0.144412],[0.210217,-0.148309,0.96634]],[[-0.329881,0.919699,0.212913],[-0.940509,-0.300743,-0.158105],[-0.0813771,-0.252402,0.964194]]],"btipPosition":[-4.11562,235.608,5.0663],"carpPosition":[16.3773,222.334,94.1572],"dipPosition":[-5.78055,230.444,24.7931],"direction":[-0.210217,0.148309,-0.96634],"extended":false,"handId":89,"id":890,"length":45.5601,"mcpPosition":[16.3773,222.334,94.1572],"pipPosition":[0.485254,226.024,53.5962],"stabilizedTipPosition":[-5.44093,235.522,10.3818],"timeVisible":8.8628,"tipPosition":[-5.31815,234.306,10.2308],"tipVelocity":[-5.54497,-12.4253,-22.4793],"tool":false,"touchDistance":-0.319914,"touchZone":"touching","type":0,"width":18.1457},{"bases":[[[0.763953,0.603342,-0.228813],[-0.331917,0.671519,0.662491],[0.55336,-0.430165,0.713268]],[[0.744089,0.618047,-0.25367],[-0.337144,0.675186,0.656093],[0.576771,-0.402668,0.71077]],[[0.744089,0.618047,-0.25367],[-0.61816,0.780945,0.0894635],[0.253395,0.0902401,0.963145]],[[0.744089,0.618047,-0.25367],[-0.665413,0.651724,-0.36398],[-0.0596338,0.439629,0.896197]]],"btipPosition":[-47.9005,276.36,-6.04367],"carpPosition":[13.8804,241.992,100.347],"dipPosition":[-48.7912,282.926,7.34213],"direction":[-0.253395,-0.0902401,-0.963145],"extended":true,"handId":89,"id":891,"length":51.4095,"mcpPosition":[-21.7749,269.71,54.388],"pipPosition":[-43.437,284.833,27.6931],"stabilizedTipPosition":[-47.2966,277.191,0.969583],"timeVisible":8.8628,"tipPosition":[-45.223,271.695,-4.44036],"tipVelocity":[-40.3048,122.775,12.7175],"tool":false,"touchDistance":0.199266,"touchZone":"hovering","type":1,"width":17.3328},{"bases":[[[0.877005,0.416301,-0.239908],[-0.185754,0.754246,0.629769],[0.443122,-0.507747,0.738807]],[[0.866126,0.428358,-0.257556],[-0.0829916,0.631389,0.771012],[0.492887,-0.646419,0.582413]],[[0.866126,0.428358,-0.257556],[-0.195187,0.764246,0.614679],[0.460139,-0.482118,0.745543]],[[0.866126,0.428358,-0.257556],[-0.309106,0.863986,0.397468],[0.392784,-0.264646,0.880729]]],"btipPosition":[-44.4866,324.248,-4.16213],"carpPosition":[21.2502,249.652,98.5255],"dipPosition":[-38.034,319.901,10.3064],"direction":[-0.460139,0.482118,-0.745543],"extended":true,"handId":89,"id":892,"length":58.577,"mcpPosition":[-5.82666,280.678,53.381],"pipPosition":[-26.5953,307.916,28.84],"stabilizedTipPosition":[-40.8698,324.305,-0.094392],"timeVisible":8.8628,"tipPosition":[-42.6737,317.822,-4.55321],"tipVelocity":[-5.28323,89.034,63.0138],"tool":false,"touchDistance":0.208804,"touchZone":"hovering","type":2,"width":17.0231},{"bases":[[[0.944146,0.278993,-0.175359],[-0.1084,0.765491,0.63425],[0.311187,-0.579815,0.752979]],[[0.939656,0.287156,-0.185977],[-0.0335346,0.618293,0.785232],[0.340472,-0.731612,0.590612]],[[0.939656,0.287156,-0.185977],[-0.113524,0.774511,0.62229],[0.322736,-0.563626,0.760373]],[[0.939656,0.287156,-0.185977],[-0.188661,0.888401,0.418509],[0.2854,-0.358168,0.888967]]],"btipPosition":[-12.6728,334.954,-1.38976],"carpPosition":[30.1752,255.069,95.9226],"dipPosition":[-8.01123,329.104,13.1302],"direction":[-0.322736,0.563626,-0.760373],"extended":true,"handId":89,"id":893,"length":56.3233,"mcpPosition":[13.1029,286.879,54.6129],"pipPosition":[-0.19552,315.454,31.5442],"stabilizedTipPosition":[-8.86352,331.415,0.645567],"timeVisible":8.8628,"tipPosition":[-11.8828,327.962,-1.87847],"tipVelocity":[-5.7455,95.6424,77.2722],"tool":false,"touchDistance":0.289273,"touchZone":"hovering","type":3,"width":16.1985},{"bases":[[[0.978662,0.0796688,-0.189401],[0.0676897,0.745313,0.663269],[0.194005,-0.661937,0.724017]],[[0.991488,0.0238569,-0.127994],[0.0813366,0.654139,0.751989],[0.101666,-0.755998,0.64663]],[[0.991488,0.0238569,-0.127994],[0.0491992,0.841528,0.537969],[0.120545,-0.539687,0.833191]],[[0.991488,0.0238569,-0.127994],[0.0200315,0.943413,0.331015],[0.128648,-0.330762,0.934904]]],"btipPosition":[24.6145,326.341,5.86865],"carpPosition":[41.6093,255.144,90.9595],"dipPosition":[26.553,321.357,19.9562],"direction":[-0.120545,0.539687,-0.833191],"extended":true,"handId":89,"id":894,"length":44.1565,"mcpPosition":[31.7567,288.761,54.1903],"pipPosition":[28.6141,312.129,34.2023],"stabilizedTipPosition":[27.8268,321.998,7.27175],"timeVisible":8.8628,"tipPosition":[24.0787,318.983,5.99588],"tipVelocity":[-6.66484,84.3639,63.7522],"tool":false,"touchDistance":-0.238689,"touchZone":"touching","type":4,"width":14.3888}],"r":[[0.378493,0.716917,0.585468],[-0.290713,0.692592,-0.660153],[-0.878766,0.0796606,0.470558]],"s":1.1815