{"frames":54,"data":[{"currentFrameRate":57.6567,"devices":[],"gestures":[],"hands":[{"armBasis":[[0.769587,0.23937,-0.591978],[0.0623805,0.894459,0.442777],[0.635488,-0.377683,0.673432]],"armWidth":56.7046,"confidence":1,"direction":[-0.218574,0.724469,-0.653735],"elbow":[179.626,85.5308,266.185],"grabAngle":0.992184,"grabStrength":0.109957,"id":89,"palmNormal":[-0.146777,-0.68672,-0.711949],"palmPosition":[3.6241,216.941,61.9941],"palmVelocity":[314.298,-127.919,-223.984],"palmWidth":79.6914,"pinchDistance":64.5591,"pinchStrength":0,"r":[[0.661592,0.653239,0.368206],[-0.477068,0.745511,-0.465425],[-0.578534,0.132262,0.804863]],"s":1.22999,"sphereCenter":[8.92315,188.104,-3.34864],"sphereRadius":73.7871,"stabilizedPalmPosition":[-17.9998,224.129,100.903],"t":[-30.5111,-44.2386,-1.0705],"timeVisible":24.5937,"type":"right","wrist":[29.3508,174.843,106.937]}],"id":65528,"interactionBox":{"center":[0,200,0],"size":[235.247,235.247,147.751]},"pointables":[{"bases":[[[0.476831,0.779596,0.406033],[-0.625457,-0.0236382,0.779901],[0.617605,-0.625837,0.476332]],[[0.103569,0.988181,0.113011],[-0.755478,0.0042546,0.65516],[0.646936,-0.153232,0.74699]],[[0.103569,0.988181,0.113011],[-0.795136,0.0140024,0.60627],[0.597522,-0.15265,0.787189]],[[0.103569,0.988181,0.113011],[-0.875403,0.0366263,0.482004],[0.472168,-0.148851,0.86885]]],"btipPosition":[-59.6167,189.812,21.6245],"carpPosition":[-3.86298,175.518,95.5216],"dipPosition":[-49.9564,186.767,39.4007],"direction":[-0.597522,0.15265,-0.787189],"extended":true,"handId":89,"id":890,"length":45.5601,"mcpPosition":[-3.86298,175.518,95.5216],"pipPosition":[-32.1465,182.217,62.8639],"stabilizedTipPosition":[-54.8686,189.36,24.1709],"timeVisible":24.5937,"tipPosition":[-45.9334,190.04,20.6681],"tipVelocity":[-343.448,-29.8843,298.669],"tool":false,"touchDistance":-0.338178,"touchZone":"touching","type":0,"width":18.1457},{"bases":[[[0.914324,0.180453,-0.362558],[0.0891623,0.783579,0.614861],[0.395047,-0.594508,0.700356]],[[0.912393,0.18334,-0.365957],[0.0378717,0.852425,0.521476],[0.407559,-0.48965,0.770804]],[[0.912393,0.18334,-0.365957],[-0.180193,0.982688,0.0430624],[0.367517,0.0266533,0.929635]],[[0.912393,0.18334,-0.365957],[-0.314702,0.885909,-0.340776],[0.261727,0.426089,0.865995]]],"btipPosition":[-49.0194,244.258,-6.87816],"carpPosition":[3.41682,194.489,99.7759],"dipPosition":[-45.1102,250.623,6.05653],"direction":[-0.367517,-0.0266533,-0.929635],"extended":true,"handId":89,"id":891,"length":51.4095,"mcpPosition":[-22.0377,232.796,54.6491],"pipPosition":[-37.3446,251.186,25.6995],"stabilizedTipPosition":[-50.8578,243.748,-1.6202],"timeVisible":24.5937,"tipPosition":[-47.6225,241.049,-4.12938],"tipVelocity":[390.237,192.076,-327.286],"tool":false,"touchDistance":-0.574306,"touchZone":"touching","type":1,"width":17.3328},{"bases":[[[0.930603,-0.0377689,-0.364075],[0.251108,0.789564,0.559941],[0.266312,-0.612505,0.744255]],[[0.924149,-0.0234942,-0.381309],[0.246857,0.798474,0.54909],[0.291565,-0.60157,0.743709]],[[0.924149,-0.0234942,-0.381309],[0.0895399,0.983626,0.156405],[0.371391,-0.178684,0.911121]],[[0.924149,-0.0234942,-0.381309],[-0.0343291,0.988962,-0.144135],[0.380487,0.146292,0.913142]]],"btipPosition":[-30.9414,262.703,-18.0022],"carpPosition":[13.1002,197.889,96.4634],"dipPosition":[-24.6907,265.106,-3.0011],"direction":[-0.371391,0.178684,-0.911121],"extended":true,"handId":89,"id":892,"length":58.577,"mcpPosition":[-3.17269,235.316,50.986],"pipPosition":[-15.4583,260.664,19.6485],"stabilizedTipPosition":[-34.7634,265.478,-10.6476],"timeVisible":24.5937,"tipPosition":[-30.8521,269.93,-11.9547],"tipVelocity":[702.55,-414.496,-573.349],"tool":false,"touchDistance":-0.706097,"touchZone":"touching","type":2,"width":17.0231},{"bases":[[[0.938055,-0.186905,-0.291751],[0.325315,0.76492,0.555939],[0.119259,-0.616412,0.77834]],[[0.940575,-0.201192,-0.273569],[0.322485,0.781612,0.533934],[0.106401,-0.590427,0.800047]],[[0.940575,-0.201192,-0.273569],[0.216742,0.975841,0.0275297],[0.261421,-0.0851877,0.961458]],[[0.940575,-0.201192,-0.273569],[0.10035,0.934293,-0.342091],[0.324419,0.294309,0.898963]]],"btipPosition":[0.742225,252.682,-19.4448],"carpPosition":[23.0706,198.547,92.4721],"dipPosition":[6.04114,257.489,-4.76159],"direction":[-0.261421,0.0851877,-0.961458],"extended":true,"handId":89,"id":893,"length":56.3233,"mcpPosition":[16.5279,232.365,49.771],"pipPosition":[12.372,255.426,18.5221],"stabilizedTipPosition":[0.221914,255.881,-14.5111],"timeVisible":24.5937,"tipPosition":[0.0561308,257.848,-15.3644],"tipVelocity":[624.001,-810.025,-583.244],"tool":false,"touchDistance":-0.645853,"touchZone":"touching","type":3,"width":16.1985},{"bases":[[[0.878821,-0.380792,-0.287526],[0.476506,0.669054,0.570359],[-0.0248178,-0.638251,0.769428]],[[0.862606,-0.481133,-0.156275],[0.496121,0.74422,0.447214],[-0.0988665,-0.463301,0.880669]],[[0.862606,-0.481133,-0.156275],[0.475975,0.876554,-0.0714171],[0.171345,-0.0127783,0.985128]],[[0.862606,-0.481133,-0.156275],[0.37269,0.813308,-0.446803],[0.342071,0.327172,0.880878]]],"btipPosition":[28.8307,235.212,-9.93299],"carpPosition":[32.5984,193.188,86.4821],"dipPosition":[33.9852,240.142,3.34043],"direction":[-0.171345,0.0127783,-0.985128],"extended":true,"handId":89,"id":894,"length":44.1565,"mcpPosition":[33.8588,225.602,47.4068],"pipPosition":[36.9149,239.923,20.1844],"stabilizedTipPosition":[29.0145,238.634,-5.73836],"timeVisible":24.5937,"tipPosition":[31.1743,245.022,-5.23662],"tipVelocity":[419.138,-1036.46,-505.283],"tool":false,"touchDistance":-0.678437,"touchZone":"touching","type":4,"width":14.3888}],"r":[[0.661592,0.653239,0.368206],[-0.477068,0.745511,-0.465425],[-0.578534,0.132262,0.804863]],"s":1.22999,"t":[-30.5111,-44.2386,-1.0705],"timestamp":1131367475875},{"currentFrameRate":57.6614,"devices":[],"gestures":[],"hands":[{"armBasis":[[0.752446,0.0686531,-0.655066],[0.198368,0.924755,0.324774],[0.628073,-0.374318,0.68221]],"armWidth":56.7046,"confidence":1,"direction":[-0.121789,0.66601,-0.735933],"elbow":[177.229,86.5007,269.671],"grabAngle":0.994499,"grabStrength":0.126773,"id":89,"palmNormal":[-0.257902,-0.73722,-0.624495],"palmPosition":[8.1526,214.779,58.8929],"palmVelocity":[261.355,-124.78,-178.983],"palmWidth":79.6914,"pinchDistance":70.0378,"pinchStrength":0,"r":[[0.726598,0.5998,0.335105],[-0.404535,0.767707,-0.496968],[-0.555344,0.225534,0.800455]],"s":1.24319,"sphereCenter":[5.72988,179.238,-1.99173],"sphereRadius":73.1171,"stabilizedPalmPosition":[-9.13988,220.961,86.6707],"t":[-25.7892,-46.1581,-4.5153],"timeVisible":24.6111,"type":"right","wrist":[28.7066,175.017,108.347]}],"id":65529,"interactionBox":{"center":[0,200,0],"size":[235.247,235.247,147.751]},"pointables":[{"bases":[[[0.592593,0.74358,0.309713],[-0.608499,0.161313,0.776986],[0.52779,-0.648897,0.548061]],[[0.249225,0.968428,-0.00587796],[-0.710404,0.186941,0.678512],[0.658189,-0.164927,0.734566]],[[0.249225,0.968428,-0.00587796],[-0.732176,0.192391,0.653379],[0.633881,-0.158535,0.757008]],[[0.249225,0.968428,-0.00587796],[-0.777089,0.203599,0.59555],[0.577944,-0.143858,0.803297]]],"btipPosition":[-64.2117,194.06,26.031],"carpPosition":[-4.71823,179.181,97.1442],"dipPosition":[-52.3874,191.117,42.466],"direction":[-0.633881,0.158535,-0.757008],"extended":true,"handId":89,"id":890,"length":45.5601,"mcpPosition":[-4.71823,179.181,97.1442],"pipPosition":[-33.4937,186.391,65.0296],"stabilizedTipPosition":[-59.2028,191.992,27.8616],"timeVisible":24.6111,"tipPosition":[-50.3307,191.543,23.7121],"tipVelocity":[-236.469,246.508,236.509],"tool":false,"touchDistance":-0.271848,"touchZone":"touching","type":0,"width":18.1457},{"bases":[[[0.924409,-0.000302707,-0.381403],[0.213367,0.82929,0.516481],[0.316137,-0.558818,0.766668]],[[0.927757,-0.00631452,-0.373133],[0.193931,0.862407,0.467594],[0.31884,-0.506175,0.801329]],[[0.927757,-0.00631452,-0.373133],[0.0183358,0.999421,0.028677],[0.372735,-0.033447,0.927335]],[[0.927757,-0.00631452,-0.373133],[-0.124735,0.937105,-0.326],[0.351723,0.348992,0.868617]]],"btipPosition":[-40.1466,247.756,-12.9695],"carpPosition":[5.32748,197.244,99.0943],"dipPosition":[-34.8932,252.969,0.00432521],"direction":[-0.372735,0.033447,-0.927335],"extended":true,"handId":89,"id":891,"length":51.4095,"mcpPosition":[-15.0425,233.251,49.6947],"pipPosition":[-27.0174,252.262,19.5987],"stabilizedTipPosition":[-42.8655,247.239,-7.2294],"timeVisible":24.6111,"tipPosition":[-39.7876,241.497,-9.75697],"tipVelocity":[529.919,186.578,-351.034],"tool":false,"touchDistance":-0.636445,"touchZone":"touching","type":1,"width":17.3328},{"bases":[[[0.908612,-0.217168,-0.356738],[0.373466,0.80483,0.461272],[0.18694,-0.552347,0.812383]],[[0.909084,-0.218569,-0.354675],[0.374788,0.800831,0.467123],[0.181937,-0.557582,0.809939]],[[0.909084,-0.218569,-0.354675],[0.249735,0.967314,0.0439991],[0.333466,-0.128574,0.933954]],[[0.909084,-0.218569,-0.354675],[0.120608,0.952945,-0.278118],[0.398774,0.210056,0.892668]]],"btipPosition":[-18.5855,255.757,-26.2506],"carpPosition":[15.3443,198.766,95.3999],"dipPosition":[-12.0344,259.207,-11.5859],"direction":[-0.333466,0.128574,-0.933954],"extended":true,"handId":89,"id":892,"length":58.577,"mcpPosition":[3.92144,232.517,45.7595],"pipPosition":[-3.74478,256.011,11.6313],"stabilizedTipPosition":[-22.7508,259.414,-18.9552],"timeVisible":24.6111,"tipPosition":[-19.1846,262.258,-21.1425],"tipVelocity":[717.088,-386.976,-480.512],"tool":false,"touchDistance":-0.788708,"touchZone":"touching","type":2,"width":17.0231},{"bases":[[[0.895462,-0.356132,-0.267052],[0.443197,0.76924,0.460267],[0.0415107,-0.530509,0.846662]],[[0.896424,-0.379788,-0.228442],[0.442867,0.78753,0.428562],[0.0171419,-0.485342,0.874156]],[[0.896424,-0.379788,-0.228442],[0.360152,0.924624,-0.123939],[0.258293,0.0288285,0.965636]],[[0.896424,-0.379788,-0.228442],[0.226146,0.835253,-0.501208],[0.38116,0.397634,0.834629]]],"btipPosition":[9.80516,238.341,-26.2498],"carpPosition":[25.2328,197.472,91.3604],"dipPosition":[16.0308,244.835,-12.6174],"direction":[-0.258293,-0.0288285,-0.965636],"extended":true,"handId":89,"id":893,"length":56.3233,"mcpPosition":[22.9555,226.577,44.911],"pipPosition":[22.286,245.534,10.7675],"stabilizedTipPosition":[9.67133,242.115,-21.8915],"timeVisible":24.6111,"tipPosition":[9.51266,245.437,-22.8533],"tipVelocity":[535.355,-805.29,-406.689],"tool":false,"touchDistance":-0.715301,"touchZone":"touching","type":3,"width":16.1985},{"bases":[[[0.808628,-0.537312,-0.239619],[0.578994,0.654572,0.486108],[-0.104344,-0.531819,0.840406]],[[0.776218,-0.624983,-0.0829618],[0.615198,0.722053,0.316498],[-0.137903,-0.296709,0.944958]],[[0.776218,-0.624983,-0.0829618],[0.591325,0.76734,-0.248039],[0.21868,0.143474,0.965191]],[[0.776218,-0.624983,-0.0829618],[0.452401,0.643795,-0.61714],[0.439112,0.441503,0.782467]]],"btipPosition":[32.9758,217.172,-14.1251],"carpPosition":[33.7698,190.098,86.0581],"dipPosition":[39.5926,223.824,-2.33459],"direction":[-0.21868,-0.143474,-0.965191],"extended":true,"handId":89,"id":894,"length":44.1565,"mcpPosition":[39.0689,217.106,43.3781],"pipPosition":[43.3316,226.278,14.1685],"stabilizedTipPosition":[33.9681,220.627,-10.8652],"timeVisible":24.6111,"tipPosition":[37.5957,228.094,-11.2528],"tipVelocity":[258.641,-1018.28,-261.626],"tool":false,"touchDistance":-0.706925,"touchZone":"touching","type":4,"width":14.3888}],"r":[[0.726598,0.5998,0.335105],[-0.404535,0.767707,-0.496968],[-0.555344,0.225534,0.800455]],"s":1.24319,"t":[-25.7892,-46.1581,-4.5153],"timestamp":1131367493202},{"currentFrameRate":57.6337,"devices":[],"gestures":[],"hands":[{"armBasis":[[0.685064,-0.176808,-0.706701],[0.379685,0.914576,0.139244],[0.621712,-0.363715,0.693675]],"armWidth":56.7046,"confidence":1,"direction":[-0.017642,0.587175,-0.809268],"elbow":[172.997,88.9034,272.466],"grabAngle":1.00735,"grabStrength":0.110473,"id":89,"palmNormal":[-0.425981,-0.736674,-0.525217],"palmPosition":[11.0937,211.653,54.8819],"palmVelocity":[168.615,-179.206,-229.945],"palmWidth":79.6914,"pinchDistance":71.8607,"pinchStrength":0,"r":[[0.798062,0.526698,0.292722],[-0.316598,0.779839,-0.540016],[-0.512701,0.338291,0.789111]],"s":1.25861,"sphereCenter":[-1.02335,174.646,-0.127059],"sphereRadius":70.7505,"stabilizedPalmPosition":[-2.61295,217.959,76.4163],"t":[-21.9576,-48.6809,-8.24316],"timeVisible":24.6285,"type":"right","wrist":[25.9787,174.912,108.431]}],"id":65530,"interactionBox":{"center":[0,200,0],"size":[235.247,235.247,147.751]},"pointables":[{"bases":[[[0.741559,0.638487,0.205974],[-0.530595,0.370279,0.762471],[0.41056,-0.674706,0.613361]],[[0.444131,0.887618,-0.121988],[-0.605984,0.397879,0.688823],[0.659948,-0.232005,0.714592]],[[0.444131,0.887618,-0.121988],[-0.62785,0.405461,0.664384],[0.639181,-0.218483,0.737369]],[[0.444131,0.887618,-0.121988],[-0.662527,0.417017,0.622218],[0.603163,-0.195526,0.773281]]],"btipPosition":[-67.2271,204.734,28.373],"carpPosition":[-6.98272,184.079,97.4135],"dipPosition":[-54.8867,200.734,44.1939],"direction":[-0.639181,0.218483,-0.737369],"extended":true,"handId":89,"id":890,"length":45.5601,"mcpPosition":[-6.98272,184.079,97.4135],"pipPosition":[-35.8351,194.222,66.1722],"stabilizedTipPosition":[-63.0508,200.764,30.9411],"timeVisible":24.6285,"tipPosition":[-54.6878,198.245,25.4801],"tipVelocity":[-166.065,598.014,126.172],"tool":false,"touchDistance":-0.259621,"touchZone":"touching","type":0,"width":18.1457},{"bases":[[[0.888757,-0.232117,-0.395264],[0.396159,0.822744,0.407616],[0.230586,-0.518859,0.823174]],[[0.893547,-0.243312,-0.377323],[0.395787,0.823644,0.406156],[0.211957,-0.512259,0.832265]],[[0.893547,-0.243312,-0.377323],[0.258245,0.966013,-0.0113646],[0.367264,-0.087287,0.926012]],[[0.893547,-0.243312,-0.377323],[0.095332,0.924079,-0.370122],[0.438731,0.294751,0.848903]]],"btipPosition":[-30.5948,249.941,-19.5791],"carpPosition":[6.53667,199.827,96.9651],"dipPosition":[-24.0418,254.343,-6.89973],"direction":[-0.367264,0.087287,-0.926012],"extended":true,"handId":89,"id":891,"length":51.4095,"mcpPosition":[-8.32097,233.26,43.9246],"pipPosition":[-16.2816,252.499,12.6667],"stabilizedTipPosition":[-33.8661,249.665,-13.3911],"timeVisible":24.6285,"tipPosition":[-32.2991,242.415,-15.8972],"tipVelocity":[564.74,114.574,-382.808],"tool":false,"touchDistance":-0.701293,"touchZone":"touching","type":1,"width":17.3328},{"bases":[[[0.831094,-0.436916,-0.344074],[0.545676,0.760066,0.352898],[0.107333,-0.481044,0.870101]],[[0.833852,-0.450654,-0.318751],[0.548601,0.74047,0.388253],[0.0610578,-0.498613,0.864672]],[[0.833852,-0.450654,-0.318751],[0.457234,0.887419,-0.0585189],[0.309238,-0.0969479,0.94603]],[[0.833852,-0.450654,-0.318751],[0.305419,0.857687,-0.413633],[0.459794,0.247556,0.852822]]],"btipPosition":[-7.88228,247.593,-34.1978],"carpPosition":[16.4898,198.846,92.9314],"dipPosition":[-0.328807,251.66,-20.1877],"direction":[-0.309238,0.0969479,-0.94603],"extended":true,"handId":89,"id":892,"length":58.577,"mcpPosition":[9.93133,228.24,39.7642],"pipPosition":[7.35855,249.25,3.32972],"stabilizedTipPosition":[-11.5102,252.045,-27.0918],"timeVisible":24.6285,"tipPosition":[-9.05849,253.24,-30.0105],"tipVelocity":[626.827,-459.914,-464.242],"tool":false,"touchDistance":-0.859637,"touchZone":"touching","type":2,"width":17.0231},{"bases":[[[0.794314,-0.558989,-0.237899],[0.606803,0.711186,0.35497],[-0.0292342,-0.426316,0.904102]],[[0.79104,-0.584012,-0.18217],[0.608793,0.722173,0.328386],[-0.0602235,-0.37067,0.92681]],[[0.79104,-0.584012,-0.18217],[0.538812,0.806125,-0.244631],[0.289719,0.0953581,0.95235]],[[0.79104,-0.584012,-0.18217],[0.360344,0.685443,-0.632709],[0.494376,0.434854,0.752658]]],"btipPosition":[14.6064,223.567,-32.2569],"carpPosition":[25.7414,195.113,88.9005],"dipPosition":[22.6813,230.67,-19.9633],"direction":[-0.289719,-0.0953581,-0.95235],"extended":true,"handId":89,"id":893,"length":56.3233,"mcpPosition":[27.3452,218.501,39.3],"pipPosition":[29.6975,232.979,3.09979],"stabilizedTipPosition":[15.534,227.516,-28.3977],"timeVisible":24.6285,"tipPosition":[15.1681,231.277,-29.9622],"tipVelocity":[299.637,-838.953,-362.036],"tool":false,"touchDistance":-0.766829,"touchZone":"touching","type":3,"width":16.1985},{"bases":[[[0.674339,-0.714347,-0.187019],[0.717979,0.575108,0.392119],[-0.172552,-0.398697,0.900703]],[[0.628798,-0.777491,-0.0110219],[0.763475,0.614652,0.198267],[-0.147376,-0.133085,0.980086]],[[0.628798,-0.777491,-0.0110219],[0.706271,0.577013,-0.410166],[0.32526,0.250127,0.911944]],[[0.628798,-0.777491,-0.0110219],[0.503191,0.417682,-0.756532],[0.5928,0.470159,0.653864]]],"btipPosition":[31.2283,198.596,-17.101],"carpPosition":[32.4036,185.596,84.382],"dipPosition":[40.1608,205.68,-7.24827],"direction":[-0.32526,-0.250127,-0.911944],"extended":true,"handId":89,"id":894,"length":44.1565,"mcpPosition":[41.1667,205.843,38.6399],"pipPosition":[45.7222,209.957,8.34442],"stabilizedTipPosition":[33.3316,201.679,-14.552],"timeVisible":24.6285,"tipPosition":[38.6796,209.012,-16.5886],"tipVelocity":[-69.6512,-1059.25,-196.155],"tool":false,"touchDistance":-0.715889,"touchZone":"touching","type":4,"width":14.3888}],"r":[[0.798062,0.526698,0.292722],[-0.316598,0.779839,-0.540016],[-0.512701,0.338291,0.789111]],"s":1.25861,"t":[-21.9576,-48.6809,-8.24316],"timestamp":1131367510645},{"currentFrameRate":57.6704,"devices":[],"gestures":[],"hands":[{"armBasis":[[0.570665,-0.421267,-0.704893],[0.544348,0.836755,-0.0593808],[0.614839,-0.349821,0.706823]],"armWidth":56.7046,"confidence":1,"direction":[0.0513287,0.46836,-0.882046],"elbow":[169.3,93.429,276.515],"grabAngle":0.991348,"grabStrength":0.0715142,"id":89,"palmNormal":[-0.59004,-0.698355,-0.405157],"palmPosition":[13.0341,207.534,51.687],"palmVelocity":[112.695,-239.228,-185.555],"palmWidth":79.6914,"pinchDistance":73.3406,"pinchStrength":0,"r":[[0.868238,0.432987,0.242248],[-0.219842,0.773451,-0.594511],[-0.444783,0.462921,0.766728]],"s":1.27549,"sphereCenter":[-6.92379,168.636,2.28146],"sphereRadius":70.0899,"stabilizedPalmPosition":[2.85249,214.317,67.7785],"t":[-19.0717,-52.0017,-11.7045],"timeVisible":24.6457,"type":"right","wrist":[23.9072,176.152,109.371]}],"id":65531,"interactionBox":{"center":[0,200,0],"size":[235.247,235.247,147.751]},"pointables":[{"bases":[[[0.861992,0.498227,0.0934892],[-0.404613,0.565116,0.71898],[0.305383,-0.657582,0.688714]],[[0.61003,0.752512,-0.248172],[-0.453152,0.588243,0.669793],[0.650013,-0.296134,0.699849]],[[0.61003,0.752512,-0.248172],[-0.487542,0.603355,0.631083],[0.624633,-0.263985,0.734946]],[[0.61003,0.752512,-0.248172],[-0.536116,0.622601,0.570041],[0.583475,-0.214693,0.783239]]],"btipPosition":[-66.6081,215.124,29.619],"carpPosition":[-7.63449,189.916,98.1465],"dipPosition":[-54.6705,210.732,45.6436],"direction":[-0.624633,0.263985,-0.734946],"extended":true,"handId":89,"id":890,"length":45.5601,"mcpPosition":[-7.63449,189.916,98.1465],"pipPosition":[-36.0525,202.863,67.5497],"stabilizedTipPosition":[-63.7088,211.586,32.8572],"timeVisible":24.6457,"tipPosition":[-56.7542,205.245,27.3091],"tipVelocity":[30.5704,598.191,75.087],"tool":false,"touchDistance":-0.260443,"touchZone":"touching","type":0,"width":18.1457},{"bases":[[[0.80292,-0.454917,-0.385188],[0.57095,0.7726,0.277679],[0.171275,-0.442878,0.880071]],[[0.80877,-0.471179,-0.351968],[0.578373,0.745737,0.330697],[0.106658,-0.471026,0.875647]],[[0.80877,-0.471179,-0.351968],[0.476855,0.875648,-0.0764879],[0.344239,-0.105977,0.932882]],[[0.80877,-0.471179,-0.351968],[0.3066,0.848489,-0.431351],[0.501885,0.240951,0.830695]]],"btipPosition":[-21.169,247.31,-26.5932],"carpPosition":[8.6428,202.442,95.1197],"dipPosition":[-13.6727,250.908,-14.1857],"direction":[-0.34424,0.105977,-0.932882],"extended":true,"handId":89,"id":891,"length":51.4095,"mcpPosition":[-2.39317,230.979,38.4131],"pipPosition":[-6.39901,248.669,5.52581],"stabilizedTipPosition":[-24.8825,248.713,-19.8375],"timeVisible":24.6457,"tipPosition":[-25.377,239.815,-21.9864],"tipVelocity":[560.04,-163.56,-411],"tool":false,"touchDistance":-0.765646,"touchZone":"touching","type":1,"width":17.3328},{"bases":[[[0.709502,-0.635568,-0.304402],[0.702095,0.674657,0.227816],[0.0605747,-0.375355,0.9249]],[[0.711809,-0.656075,-0.250785],[0.701756,0.649344,0.293073],[-0.0294322,-0.384602,0.922613]],[[0.711809,-0.656075,-0.250785],[0.631002,0.754148,-0.181926],[0.308486,-0.0287493,0.950794]],[[0.711809,-0.656075,-0.250785],[0.444603,0.69729,-0.562241],[0.543742,0.288709,0.78803]]],"btipPosition":[-1.09103,234.083,-41.0028],"carpPosition":[17.9715,198.969,90.9704],"dipPosition":[7.84155,238.826,-28.0571],"direction":[-0.308486,0.0287493,-0.950794],"extended":true,"handId":89,"id":892,"length":58.577,"mcpPosition":[14.2701,221.905,34.4547],"pipPosition":[15.5102,238.111,-4.42121],"stabilizedTipPosition":[-2.77371,240.228,-34.7496],"timeVisible":24.6457,"tipPosition":[-2.7501,240.056,-37.5994],"tipVelocity":[412.85,-775.606,-409.442],"tool":false,"touchDistance":-0.907753,"touchZone":"touching","type":2,"width":17.0231},{"bases":[[[0.655723,-0.732915,-0.181279],[0.752565,0.615215,0.234853],[-0.0606014,-0.290423,0.954977]],[[0.648311,-0.754729,-0.100386],[0.753725,0.617551,0.224787],[-0.10766,-0.221395,0.969223]],[[0.648311,-0.754729,-0.100386],[0.688764,0.637555,-0.345148],[0.324495,0.154621,0.933164]],[[0.648311,-0.754729,-0.100386],[0.469615,0.500167,-0.727527],[0.599295,0.424521,0.678696]]],"btipPosition":[15.9609,206.868,-36.7062],"carpPosition":[26.0781,192.966,87.2263],"dipPosition":[25.7495,213.802,-25.6207],"direction":[-0.324495,-0.154621,-0.933164],"extended":true,"handId":89,"id":893,"length":56.3233,"mcpPosition":[29.4028,208.899,34.8346],"pipPosition":[33.6078,217.547,-3.02221],"stabilizedTipPosition":[17.9001,210.684,-33.4852],"timeVisible":24.6457,"tipPosition":[16.3277,213.949,-35.0195],"tipVelocity":[101.56,-972.097,-274.548],"tool":false,"touchDistance":-0.789387,"touchZone":"touching","type":3,"width":16.1985},{"bases":[[[0.510883,-0.853112,-0.105829],[0.837062,0.465639,0.28724],[-0.195769,-0.235331,0.951995]],[[0.458326,-0.883517,0.0966195],[0.878338,0.466873,0.102724],[-0.135868,0.0377833,0.990006]],[[0.458326,-0.883517,0.0966195],[0.797152,0.360563,-0.484296],[0.393046,0.298986,0.869553]],[[0.458326,-0.883517,0.0966195],[0.533664,0.186636,-0.824845],[0.710732,0.42961,0.557041]]],"btipPosition":[27.2085,180.999,-18.3325],"carpPosition":[30.4965,181.802,83.8782],"dipPosition":[37.918,187.473,-9.93874],"direction":[-0.393046,-0.298986,-0.869553],"extended":true,"handId":89,"id":894,"length":44.1565,"mcpPosition":[40.4387,193.753,35.5312],"pipPosition":[44.6385,192.585,4.92913],"stabilizedTipPosition":[29.8573,183.462,-16.3081],"timeVisible":24.6457,"tipPosition":[35.0879,189.589,-19.2824],"tipVelocity":[-209.729,-1030.15,-91.0132],"tool":false,"touchDistance":-0.696139,"touchZone":"touching","type":4,"width":14.3888}],"r":[[0.868238,0.432987,0.242248],[-0.219842,0.773451,-0.594511],[-0.444783,0.462921,0.766728]],"s":1.27549,"t":[-19.0717,-52.0017,-11.7045],"timestamp":1131367527863},{"currentFrameRate":57.6789,"devices":[],"gestures":[],"hands":[{"armBasis":[[0.448606,-0.603003,-0.659652],[0.652087,0.72558,-0.219808],[0.611175,-0.331544,0.71871]],"armWidth":56.7046,"confidence":1,"direction":[0.0864307,0.362521,-0.927959],"elbow":[167.639,99.3786,280.298],"grabAngle":0.946052,"grabStrength":0.0580559,"id":89,"palmNormal":[-0.71218,-0.628851,-0.312003],"palmPosition":[14.5246,204.188,49.9089],"palmVelocity":[86.1115,-193.321,-102.727],"palmWidth":79.6914,"pinchDistance":73.8139,"pinchStrength":0,"r":[[0.926563,0.322986,0.192774],[-0.124521,0.746998,-0.65306],[-0.354931,0.581097,0.732359]],"s":1.29211,"sphereCenter":[-12.0223,165.392,4.90737],"sphereRadius":69.9193,"stabilizedPalmPosition":[7.5399,210.25,60.6023],"t":[-16.8834,-55.3353,-14.3243],"timeVisible":24.663,"type":"right","wrist":[23.1127,177.78,110.342]}],"id":65532,"interactionBox":{"center":[0,200,0],"size":[235.247,235.247,147.751]},"pointables":[{"bases":[[[0.934191,0.356416,0.0159689],[-0.275899,0.693322,0.665721],[0.226202,-0.626316,0.74603]],[[0.721612,0.606931,-0.333033],[-0.304626,0.710352,0.63451],[0.621675,-0.35642,0.697485]],[[0.721612,0.606931,-0.333033],[-0.350524,0.735149,0.580249],[0.597,-0.301979,0.743236]],[[0.721612,0.606931,-0.333033],[-0.408177,0.761544,0.503431],[0.559167,-0.227346,0.797274]]],"btipPosition":[-63.0209,224.204,29.5769],"carpPosition":[-6.60715,194.969,98.5352],"dipPosition":[-51.5806,219.552,45.8886],"direction":[-0.597,0.301979,-0.743236],"extended":true,"handId":89,"id":890,"length":45.5601,"mcpPosition":[-6.60715,194.969,98.5352],"pipPosition":[-33.7862,210.551,68.0418],"stabilizedTipPosition":[-60.8166,221.648,33.2679],"timeVisible":24.663,"tipPosition":[-56.2601,212.328,28.4678],"tipVelocity":[200.638,521.124,1.37911],"tool":false,"touchDistance":-0.270721,"touchZone":"touching","type":0,"width":18.1457},{"bases":[[[0.701278,-0.617208,-0.35674],[0.699588,0.692039,0.177928],[0.13706,-0.374348,0.917103]],[[0.706466,-0.632551,-0.317466],[0.706971,0.651704,0.274724],[0.033117,-0.418523,0.907602]],[[0.706466,-0.632551,-0.317466],[0.62723,0.767363,-0.133178],[0.327853,-0.105039,0.938871]],[[0.706466,-0.632551,-0.317466],[0.447306,0.746672,-0.492339],[0.548473,0.205817,0.810443]]],"btipPosition":[-13.8745,243.262,-31.3813],"carpPosition":[11.3202,204.277,93.742],"dipPosition":[-5.68235,246.336,-19.2764],"direction":[-0.327853,0.105039,-0.938871],"extended":true,"handId":89,"id":891,"length":51.4095,"mcpPosition":[2.48891,228.398,34.6492],"pipPosition":[1.24511,244.117,0.561737],"stabilizedTipPosition":[-16.66,245.687,-25.4243],"timeVisible":24.663,"tipPosition":[-19.7274,236.46,-26.2174],"tipVelocity":[430.675,-240.819,-280.647],"tool":false,"touchDistance":-0.790281,"touchZone":"touching","type":1,"width":17.3328},{"bases":[[[0.583741,-0.770981,-0.254627],[0.810915,0.569343,0.135147],[0.0407746,-0.285372,0.957549]],[[0.58516,-0.789736,-0.184131],[0.807252,0.545733,0.224767],[-0.0770199,-0.280165,0.956857]],[[0.58516,-0.789736,-0.184131],[0.746388,0.613292,-0.258414],[0.317005,0.0137802,0.948324]],[[0.58516,-0.789736,-0.184131],[0.529966,0.5443,-0.650288],[0.613778,0.282939,0.737036]]],"btipPosition":[2.56425,223.169,-44.7837],"carpPosition":[19.774,198.917,89.7283],"dipPosition":[12.6474,227.818,-32.6757],"direction":[-0.317005,-0.0137802,-0.948324],"extended":true,"handId":89,"id":892,"length":58.577,"mcpPosition":[17.2825,216.355,31.2176],"pipPosition":[20.5278,228.16,-9.10127],"stabilizedTipPosition":[2.9867,228.199,-40.2032],"timeVisible":24.663,"tipPosition":[0.717447,229.115,-41.8739],"tipVelocity":[226.466,-631.762,-229.568],"tool":false,"touchDistance":-0.904915,"touchZone":"touching","type":2,"width":17.0231},{"bases":[[[0.520576,-0.845284,-0.120399],[0.851435,0.503418,0.147065],[-0.0637007,-0.179071,0.981772]],[[0.512164,-0.858478,-0.0265259],[0.850052,0.502234,0.158659],[-0.122883,-0.103808,0.986977]],[[0.512164,-0.858478,-0.0265259],[0.787781,0.481842,-0.383704],[0.342183,0.175623,0.923075]],[[0.512164,-0.858478,-0.0265259],[0.556933,0.355458,-0.75065],[0.653845,0.369682,0.660168]]],"btipPosition":[15.9623,194.904,-39.1284],"carpPosition":[26.6341,191.317,86.4206],"dipPosition":[26.6419,200.942,-28.3455],"direction":[-0.342183,-0.175623,-0.923075],"extended":true,"handId":89,"id":893,"length":56.3233,"mcpPosition":[30.1289,201.141,32.5589],"pipPosition":[34.9285,205.195,-5.99134],"stabilizedTipPosition":[18.3729,197.561,-36.3695],"timeVisible":24.663,"tipPosition":[15.4824,200.44,-36.9821],"tipVelocity":[11.9169,-703.11,-143.959],"tool":false,"touchDistance":-0.776158,"touchZone":"touching","type":3,"width":16.1985},{"bases":[[[0.361819,-0.93181,-0.0285936],[0.913044,0.348006,0.212704],[-0.188249,-0.103068,0.976698]],[[0.310521,-0.931245,0.190683],[0.944133,0.325449,0.0519156],[-0.110404,0.163909,0.980278]],[[0.310521,-0.931245,0.190683],[0.854354,0.185478,-0.485466],[0.41672,0.313658,0.853207]],[[0.310521,-0.931245,0.190683],[0.583667,0.0284598,-0.811494],[0.750273,0.363281,0.552374]]],"btipPosition":[23.5881,168.629,-18.6566],"carpPosition":[29.0458,179.298,84.1581],"dipPosition":[34.8935,174.103,-10.3332],"direction":[-0.41672,-0.313658,-0.853207],"extended":true,"handId":89,"id":894,"length":44.1565,"mcpPosition":[38.606,184.533,34.5565],"pipPosition":[42.0187,179.466,4.25518],"stabilizedTipPosition":[26.3093,170.336,-16.7279],"timeVisible":24.663,"tipPosition":[29.5916,174.912,-18.9359],"tipVelocity":[-201.245,-727.963,-19.661],"tool":false,"touchDistance":-0.659963,"touchZone":"touching","type":4,"width":14.3888}],"r":[[0.926563,0.322986,0.192774],[-0.124521,0.746998,-0.65306],[-0.354931,0.581097,0.732359]],"s":1.29211,"t":[-16.8834,-55.3353,-14.3243],"timestamp":1131367545172},{"currentFrameRate":57.6555,"devices":[],"gestures":[],"hands":[{"armBasis":[[0.284637,-0.766374,-0.575893],[0.733951,0.560671,-0.383359],[0.616682,-0.313559,0.722069]],"armWidth":56.7046,"confidence":1,"direction":[0.0979097,0.254071,-0.962217],"elbow":[168.726,105.279,282.741],"grabAngle":0.825756,"grabStrength":0.0151644,"id":89,"palmNormal":[-0.833213,-0.507793,-0.218864],"palmPosition":[15.4418,200.818,49.5282],"palmVelocity":[52.6428,-193.431,-21.8516],"palmWidth":79.6914,"pinchDistance":73.4325,"pinchStrength":0,"r":[[0.970245,0.193298,0.145812],[-0.032625,0.701091,-0.712325],[-0.239919,0.686372,0.686536]],"s":1.31087,"sphereCenter":[-19.6592,163.107,8.60369],"sphereRadius":71.4048,"stabilizedPalmPosition":[12.3407,204.519,53.8742],"t":[-15.3308,-58.687,-15.8245],"timeVisible":24.6805,"type":"right","wrist":[22.8975,179.428,111.992]}],"id":65533,"interactionBox":{"center":[0,200,0],"size":[235.247,235.247,147.751]},"pointables":[{"bases":[[[0.983344,0.172524,-0.0571807],[-0.103567,0.790412,0.603757],[0.149359,-0.587779,0.795115]],[[0.812724,0.417181,-0.406743],[-0.120922,0.803663,0.58267],[0.569963,-0.424365,0.703602]],[[0.812724,0.417181,-0.406743],[-0.170656,0.837919,0.518429],[0.557096,-0.351926,0.752191]],[[0.812724,0.417181,-0.406743],[-0.228879,0.870566,0.435578],[0.535812,-0.26091,0.803014]]],"btipPosition":[-56.6515,234.596,30.0303],"carpPosition":[-4.16576,200.216,99.6405],"dipPosition":[-45.6891,229.258,46.4595],"direction":[-0.557096,0.351926,-0.752191],"extended":true,"handId":89,"id":890,"length":45.5601,"mcpPosition":[-4.16576,200.216,99.6405],"pipPosition":[-29.084,218.768,68.8796],"stabilizedTipPosition":[-54.7028,232.364,33.7627],"timeVisible":24.6805,"tipPosition":[-53.7836,221.803,30.6566],"tipVelocity":[359.287,587.448,27.5781],"tool":false,"touchDistance":-0.274839,"touchZone":"touching","type":0,"width":18.1457},{"bases":[[[0.552928,-0.768816,-0.321236],[0.824758,0.559831,0.079768],[0.118511,-0.309048,0.943634]],[[0.557273,-0.7807,-0.282762],[0.830042,0.514833,0.214422],[-0.0218241,-0.354197,0.934916]],[[0.557273,-0.7807,-0.282762],[0.770228,0.613242,-0.175165],[0.310153,-0.120177,0.94306]],[[0.557273,-0.7807,-0.282762],[0.593363,0.612648,-0.522095],[0.580834,0.123169,0.80465]]],"btipPosition":[-7.18029,239.394,-34.6339],"carpPosition":[14.8651,205.478,93.2267],"dipPosition":[1.49516,241.233,-22.6154],"direction":[-0.310153,0.120177,-0.94306],"extended":true,"handId":89,"id":891,"length":51.4095,"mcpPosition":[7.22896,225.391,32.4245],"pipPosition":[8.04862,238.694,-2.6888],"stabilizedTipPosition":[-8.75183,241.642,-29.8662],"timeVisible":24.6805,"tipPosition":[-14.416,233.492,-28.7457],"tipVelocity":[390.617,-238.322,-187.833],"tool":false,"touchDistance":-0.788672,"touchZone":"touching","type":1,"width":17.3328},{"bases":[[[0.415098,-0.887599,-0.199654],[0.908765,0.414873,0.0450088],[0.0428816,-0.200122,0.978832]],[[0.417191,-0.900664,-0.121471],[0.904126,0.397748,0.156054],[-0.0922375,-0.174929,0.980251]],[[0.417191,-0.900664,-0.121471],[0.852078,0.434122,-0.292407],[0.316094,0.0184868,0.948548]],[[0.417191,-0.900664,-0.121471],[0.642283,0.386755,-0.661735],[0.642981,0.198051,0.739832]]],"btipPosition":[4.77807,214.156,-47.4179],"carpPosition":[21.9324,198.27,89.4318],"dipPosition":[15.3409,217.41,-35.264],"direction":[-0.316094,-0.0184868,-0.948548],"extended":true,"handId":89,"id":892,"length":58.577,"mcpPosition":[19.3121,210.499,29.6206],"pipPosition":[23.1987,217.87,-11.684],"stabilizedTipPosition":[6.38916,217.482,-43.7657],"timeVisible":24.6805,"tipPosition":[2.282,218.661,-43.8332],"tipVelocity":[133.403,-535.746,-150.593],"tool":false,"touchDistance":-0.882111,"touchZone":"touching","type":2,"width":17.0231},{"bases":[[[0.347189,-0.936106,-0.0562561],[0.937004,0.343807,0.0618094],[-0.0385189,-0.0741717,0.996501]],[[0.341637,-0.938842,0.0431188],[0.933459,0.344297,0.100568],[-0.109263,0.00589174,0.993995]],[[0.341637,-0.938842,0.0431188],[0.877411,0.30217,-0.372618],[0.3368,0.165133,0.926983]],[[0.341637,-0.938842,0.0431188],[0.666754,0.209782,-0.715143],[0.662361,0.273069,0.697647]]],"btipPosition":[14.4685,184.618,-40.7117],"carpPosition":[27.0626,189.238,86.6263],"dipPosition":[25.2872,189.078,-29.3166],"direction":[-0.3368,-0.165133,-0.926983],"extended":true,"handId":89,"id":893,"length":56.3233,"mcpPosition":[29.1758,193.307,31.9565],"pipPosition":[33.4435,193.077,-6.86782],"stabilizedTipPosition":[17.0441,186.378,-37.9847],"timeVisible":24.6805,"tipPosition":[12.2583,188.221,-36.9264],"tipVelocity":[-83.9045,-611.259,-82.7958],"tool":false,"touchDistance":-0.748513,"touchZone":"touching","type":3,"width":16.1985},{"bases":[[[0.180773,-0.982252,0.050022],[0.972489,0.186111,0.140101],[-0.146924,0.0233193,0.988873]],[[0.14111,-0.949164,0.28138],[0.987997,0.15306,0.0208349],[-0.0628437,0.275063,0.95937]],[[0.14111,-0.949164,0.28138],[0.902708,0.00666982,-0.430202],[0.406455,0.31471,0.85776]],[[0.14111,-0.949164,0.28138],[0.674609,-0.115829,-0.729031],[0.724562,0.292695,0.62397]]],"btipPosition":[18.6082,157.348,-18.4641],"carpPosition":[27.0718,176.826,85.4793],"dipPosition":[29.5262,161.758,-9.06184],"direction":[-0.406455,-0.31471,-0.85776],"extended":true,"handId":89,"id":894,"length":44.1565,"mcpPosition":[34.5333,175.641,35.2595],"pipPosition":[36.4759,167.139,5.60439],"stabilizedTipPosition":[21.229,158.615,-16.3106],"timeVisible":24.6805,"tipPosition":[20.884,161.828,-16.5203],"tipVelocity":[-290.951,-661.576,25.2933],"tool":false,"touchDistance":-0.61569,"touchZone":"touching","type":4,"width":14.3888}],"r":[[0.970245,0.193298,0.145812],[-0.032625,0.701091,-0.712325],[-0.239919,0.686372,0.686536]],"s":1.31087,"t":[-15.3308,-58.687,-15.8245],"timestamp":1131367562594},{"currentFrameRate":57.686,"devices":[],"gestures":[],"hands":[{"armBasis":[[0.179221,-0.845473,-0.503046],[0.759449,0.443938,-0.475559],[0.625394,-0.296808,0.721656]],"armWidth":56.7046,"confidence":1,"direction":[0.115476,0.200781,-0.972806],"elbow":[170.845,109.119,282.46],"grabAngle":0.769087,"grabStrength":0.0144243,"id":89,"palmNormal":[-0.89176,-0.410426,-0.190565],"palmPosition":[16.8747,198.309,48.5178],"palmVelocity":[83.1425,-145.588,-58.6298],"palmWidth":79.6914,"pinchDistance":72.4764,"pinchStrength":0,"r":[[0.991742,0.0598607,0.113418],[0.0484804,0.643759,-0.763691],[-0.118729,0.762883,0.635541]],"s":1.32531,"sphereCenter":[-22.4497,162.62,8.85865],"sphereRadius":72.2587,"stabilizedPalmPosition":[15.5455,200.13,50.0881],"t":[-13.838,-61.6174,-17.0798],"timeVisible":24.6977,"type":"right","wrist":[22.9563,179.306,111.807]}],"id":65534,"interactionBox":{"center":[0,200,0],"size":[235.247,235.247,147.751]},"pointables":[{"bases":[[[0.996207,0.048337,-0.0723574],[0.00162195,0.821067,0.57083],[0.0870025,-0.568782,0.817874]],[[0.863988,0.286268,-0.414216],[-0.00381408,0.826351,0.563143],[0.503498,-0.484969,0.715049]],[[0.863988,0.286268,-0.414216],[-0.0629723,0.877629,0.475187],[0.499559,-0.384472,0.776288]],[[0.863988,0.286268,-0.414216],[-0.129923,0.921545,0.36589],[0.486461,-0.262309,0.833396]]],"btipPosition":[-48.8523,240.182,27.3181],"carpPosition":[-1.99706,202.153,98.7685],"dipPosition":[-38.8996,234.815,44.3689],"direction":[-0.499559,0.384472,-0.776288],"extended":true,"handId":89,"id":890,"length":45.5601,"mcpPosition":[-1.99706,202.153,98.7685],"pipPosition":[-24.0095,223.355,67.5072],"stabilizedTipPosition":[-47.1799,238.449,31.431],"timeVisible":24.6977,"tipPosition":[-49.1512,228.324,29.5776],"tipVelocity":[439.07,323.716,-149.079],"tool":false,"touchDistance":-0.314227,"touchZone":"touching","type":0,"width":18.1457},{"bases":[[[0.450705,-0.843176,-0.293121],[0.887883,0.457402,0.0494774],[0.0923561,-0.282557,0.954794]],[[0.45405,-0.853842,-0.254545],[0.888211,0.411286,0.204754],[-0.070137,-0.319058,0.945136]],[[0.45405,-0.853842,-0.254545],[0.842944,0.504205,-0.18768],[0.288591,-0.129351,0.948674]],[[0.45405,-0.853842,-0.254545],[0.668796,0.515382,-0.535812],[0.588686,0.0730467,0.805055]]],"btipPosition":[-0.759874,236.611,-37.1031],"carpPosition":[17.4474,204.78,91.9851],"dipPosition":[8.03287,237.702,-25.0786],"direction":[-0.288592,0.129351,-0.948674],"extended":true,"handId":89,"id":891,"length":51.4095,"mcpPosition":[11.4966,222.986,30.4638],"pipPosition":[14.1307,234.969,-5.03337],"stabilizedTipPosition":[-1.369,238.118,-33.1625],"timeVisible":24.6977,"tipPosition":[-8.8723,231.657,-31.1115],"tipVelocity":[374.109,-171.441,-143.197],"tool":false,"touchDistance":-0.775156,"touchZone":"touching","type":1,"width":17.3328},{"bases":[[[0.301028,-0.939137,-0.165541],[0.95311,0.301953,0.0201597],[0.0310531,-0.163848,0.985997]],[[0.30257,-0.949542,-0.082593],[0.946941,0.289619,0.139367],[-0.108415,-0.120379,0.98679]],[[0.30257,-0.949542,-0.082593],[0.903669,0.313342,-0.291888],[0.30304,0.0136798,0.95288]],[[0.30257,-0.949542,-0.082593],[0.697143,0.279567,-0.660177],[0.649956,0.142171,0.746555]]],"btipPosition":[7.99182,209.021,-49.342],"carpPosition":[23.5318,196.612,88.4392],"dipPosition":[18.6693,211.356,-37.0776],"direction":[-0.30304,-0.0136798,-0.95288],"extended":true,"handId":89,"id":892,"length":58.577,"mcpPosition":[21.6343,206.624,28.1902],"pipPosition":[26.2025,211.697,-13.3899],"stabilizedTipPosition":[9.7845,210.853,-46.071],"timeVisible":24.6977,"tipPosition":[5.23735,213.456,-45.4951],"tipVelocity":[188.006,-310.24,-110.17],"tool":false,"touchDistance":-0.850714,"touchZone":"touching","type":2,"width":17.0231},{"bases":[[[0.229605,-0.973085,-0.0196851],[0.972685,0.228708,0.0397022],[-0.0341314,-0.0282632,0.999018]],[[0.225043,-0.971036,0.0802769],[0.968173,0.232118,0.0936027],[-0.109525,0.0566573,0.992368]],[[0.225043,-0.971036,0.0802769],[0.919566,0.184431,-0.346963],[0.322108,0.151902,0.934437]],[[0.225043,-0.971036,0.0802769],[0.72287,0.111149,-0.681986],[0.653311,0.211506,0.726946]]],"btipPosition":[15.1632,179.117,-42.0973],"carpPosition":[27.4841,186.913,85.9742],"dipPosition":[25.834,182.572,-30.2237],"direction":[-0.322108,-0.151902,-0.934437],"extended":true,"handId":89,"id":893,"length":56.3233,"mcpPosition":[29.3566,188.464,31.1664],"pipPosition":[33.6345,186.251,-7.5944],"stabilizedTipPosition":[17.5877,180.248,-39.2946],"timeVisible":24.6977,"tipPosition":[11.9987,182.281,-37.6039],"tipVelocity":[38.3358,-332.577,-74.0164],"tool":false,"touchDistance":-0.721129,"touchZone":"touching","type":3,"width":16.1985},{"bases":[[[0.0602185,-0.994139,0.0897851],[0.989694,0.0711718,0.124261],[-0.129923,0.0813769,0.988179]],[[0.0274083,-0.945849,0.323447],[0.998428,0.0417256,0.0374122],[-0.0488824,0.321914,0.945506]],[[0.0274083,-0.945849,0.323447],[0.921657,-0.101369,-0.37453],[0.387037,0.308373,0.86897]],[[0.0274083,-0.945849,0.323447],[0.725105,-0.203917,-0.657754],[0.688092,0.252561,0.680251]]],"btipPosition":[17.0867,151.395,-19.1696],"carpPosition":[25.9637,174.557,85.3498],"dipPosition":[27.4552,155.201,-8.91929],"direction":[-0.387037,-0.308373,-0.86897],"extended":true,"handId":89,"id":894,"length":44.1565,"mcpPosition":[32.5618,170.424,35.1652],"pipPosition":[34.0728,160.473,5.93862],"stabilizedTipPosition":[19.4981,152.367,-16.8044],"timeVisible":24.6977,"tipPosition":[17.1789,155.533,-16.0522],"tipVelocity":[-95.62,-353.46,-29.6191],"tool":false,"touchDistance":-0.590111,"touchZone":"touching","type":4,"width":14.3888}],"r":[[0.991