{"frames":64,"data":[{"currentFrameRate":57.6497,"devices":[],"gestures":[],"hands":[{"armBasis":[[0.634232,0.772034,-0.0413845],[-0.452754,0.414265,0.789556],[0.626709,-0.482025,0.612282]],"armWidth":56.7046,"confidence":1,"direction":[-0.713734,0.443722,-0.541937],"elbow":[209.791,88.6355,258.703],"grabAngle":0.897289,"grabStrength":0,"id":89,"palmNormal":[0.397561,-0.380368,-0.835024],"palmPosition":[12.7889,225.522,74.8228],"palmVelocity":[3.98776,-5.47675,-0.960559],"palmWidth":79.6914,"pinchDistance":58.8961,"pinchStrength":0,"r":[[0.138611,0.808691,0.571669],[-0.687065,0.494256,-0.53259],[-0.713252,-0.318951,0.624133]],"s":1.04405,"sphereCenter":[16.6012,205.193,17.094],"sphereRadius":63.4703,"stabilizedPalmPosition":[-8.20828,231.72,120.872],"t":[-16.492,-37.2877,7.98614],"timeVisible":17.7949,"type":"right","wrist":[61.5917,202.621,113.915]}],"id":65136,"interactionBox":{"center":[0,200,0],"size":[235.247,235.247,147.751]},"pointables":[{"bases":[[[-0.262818,0.753317,0.602861],[-0.363337,-0.656103,0.661449],[0.893819,-0.0452014,0.446143]],[[-0.609976,0.704171,0.363417],[-0.608709,-0.710011,0.354059],[0.507348,-0.00524742,0.861725]],[[-0.609976,0.704171,0.363417],[-0.769135,-0.636478,-0.0576874],[0.190685,-0.314704,0.929839]],[[-0.609976,0.704171,0.363417],[-0.771437,-0.422853,-0.475479],[-0.181147,-0.570384,0.801154]]],"btipPosition":[16.2337,207.485,17.2976],"carpPosition":[40.3919,186.205,99.0777],"dipPosition":[12.5275,195.815,33.6888],"direction":[-0.190685,0.314704,-0.929839],"extended":false,"handId":89,"id":890,"length":45.5601,"mcpPosition":[40.3919,186.205,99.0777],"pipPosition":[18.2111,186.435,61.4039],"stabilizedTipPosition":[8.45124,209.851,40.8915],"timeVisible":17.7949,"tipPosition":[14.9451,203.511,20.2739],"tipVelocity":[-0.125322,-9.52224,-4.49331],"tool":false,"touchDistance":-0.29227,"touchZone":"touching","type":0,"width":18.1457},{"bases":[[[0.44863,0.87442,-0.184718],[-0.511897,0.420837,0.748904],[0.732593,-0.241425,0.636414]],[[0.446322,0.875175,-0.18672],[-0.652633,0.4611,0.601213],[0.612264,-0.146475,0.776967]],[[0.446322,0.875175,-0.18672],[-0.853866,0.478935,0.203796],[0.267785,0.0684751,0.961042]],[[0.446322,0.875175,-0.18672],[-0.894731,0.432719,-0.110502],[-0.0159114,0.216384,0.976179]]],"btipPosition":[-44.6517,218.988,2.55244],"carpPosition":[30.968,202.61,107.627],"dipPosition":[-44.8894,222.22,17.1329],"direction":[-0.267785,-0.0684751,-0.961042],"extended":true,"handId":89,"id":891,"length":51.4095,"mcpPosition":[-16.2359,218.166,66.6206],"pipPosition":[-39.2312,223.667,37.4394],"stabilizedTipPosition":[-48.7484,214,39.8959],"timeVisible":17.7949,"tipPosition":[-37.243,216.546,5.23906],"tipVelocity":[6.10509,-1.13344,-3.36053],"tool":false,"touchDistance":-0.289471,"touchZone":"touching","type":1,"width":17.3328},{"bases":[[[0.62413,0.749123,-0.221983],[-0.412473,0.557207,0.720684],[0.663572,-0.358239,0.656763]],[[0.599674,0.761613,-0.245637],[-0.459987,0.579232,0.67298],[0.654831,-0.290579,0.697682]],[[0.599674,0.761613,-0.245637],[-0.677306,0.646526,0.351086],[0.426202,-0.0441656,0.903549]],[[0.599674,0.761613,-0.245637],[-0.777063,0.627538,0.0486779],[0.19122,0.161685,0.968139]]],"btipPosition":[-47.2631,245.266,-1.45037],"carpPosition":[34.613,212.69,106.445],"dipPosition":[-44.1217,247.922,14.4542],"direction":[-0.426202,0.0441656,-0.903549],"extended":true,"handId":89,"id":892,"length":58.577,"mcpPosition":[-5.93428,234.58,66.3136],"pipPosition":[-33.5267,246.824,36.9156],"stabilizedTipPosition":[-53.5293,246.805,15.5696],"timeVisible":17.7949,"tipPosition":[-45.1432,244.526,2.60509],"tipVelocity":[6.07204,-0.943486,-1.69786],"tool":false,"touchDistance":0.333333,"touchZone":"hovering","type":2,"width":17.0231},{"bases":[[[0.744284,0.644089,-0.176608],[-0.345464,0.597601,0.723552],[0.571573,-0.477516,0.667295]],[[0.726162,0.658618,-0.197259],[-0.402289,0.639703,0.654938],[0.557541,-0.396236,0.729482]],[[0.726162,0.658618,-0.197259],[-0.583599,0.742157,0.329569],[0.363457,-0.1242,0.923295]],[[0.726162,0.658618,-0.197259],[-0.667132,0.744359,0.0294126],[0.166203,0.11024,0.97991]]],"btipPosition":[-24.1576,264.289,0.697965],"carpPosition":[40.4934,221.408,104.165],"dipPosition":[-21.4429,266.089,16.7034],"direction":[-0.363457,0.1242,-0.923295],"extended":true,"handId":89,"id":893,"length":56.3233,"mcpPosition":[9.1359,247.605,67.5556],"pipPosition":[-12.641,263.082,39.0629],"stabilizedTipPosition":[-27.9211,266.731,10.794],"timeVisible":17.7949,"tipPosition":[-26.2308,266.557,6.45284],"tipVelocity":[7.12335,-3.06606,-0.379211],"tool":false,"touchDistance":0.333333,"touchZone":"hovering","type":3,"width":16.1985},{"bases":[[[0.852216,0.476839,-0.215296],[-0.173632,0.645955,0.743367],[0.493538,-0.596127,0.633287]],[[0.880174,0.44038,-0.177084],[-0.275773,0.778114,0.564347],[0.386319,-0.447889,0.806321]],[[0.880174,0.44038,-0.177084],[-0.419396,0.896261,0.1443],[0.222261,-0.0527404,0.97356]],[[0.880174,0.44038,-0.177084],[-0.467409,0.869086,-0.161923],[0.0825941,0.225291,0.970784]]],"btipPosition":[8.50946,268.08,10.4593],"carpPosition":[50.5601,226.454,98.8193],"dipPosition":[9.75402,271.475,25.0874],"direction":[-0.222261,0.0527404,-0.97356],"extended":true,"handId":89,"id":894,"length":44.1565,"mcpPosition":[25.4958,256.728,66.6578],"pipPosition":[13.5543,270.573,41.7336],"stabilizedTipPosition":[5.84712,271.569,17.8326],"timeVisible":17.7949,"tipPosition":[5.3238,274.622,16.9533],"tipVelocity":[4.35493,-0.364652,2.19567],"tool":false,"touchDistance":-0.284926,"touchZone":"touching","type":4,"width":14.3888}],"r":[[0.138611,0.808691,0.571669],[-0.687065,0.494256,-0.53259],[-0.713252,-0.318951,0.624133]],"s":1.04405,"t":[-16.492,-37.2877,7.98614],"timestamp":1131360677060},{"currentFrameRate":57.6114,"devices":[],"gestures":[],"hands":[{"armBasis":[[0.633939,0.772312,-0.0406854],[-0.453081,0.413508,0.789765],[0.626769,-0.482229,0.612059]],"armWidth":56.7046,"confidence":1,"direction":[-0.713373,0.4443,-0.541937],"elbow":[209.832,88.4093,258.61],"grabAngle":0.897124,"grabStrength":0,"id":89,"palmNormal":[0.398013,-0.379622,-0.835148],"palmPosition":[12.8365,225.382,74.7772],"palmVelocity":[2.72114,-8.05049,-2.61022],"palmWidth":79.6914,"pinchDistance":58.9076,"pinchStrength":0,"r":[[0.138708,0.808019,0.572595],[-0.68678,0.49505,-0.532221],[-0.713508,-0.319424,0.623599]],"s":1.04409,"sphereCenter":[16.7,205.168,17.0395],"sphereRadius":63.4451,"stabilizedPalmPosition":[-8.06862,231.678,120.566],"t":[-16.4377,-37.3814,7.95518],"timeVisible":17.8124,"type":"right","wrist":[61.6183,202.443,113.875]}],"id":65137,"interactionBox":{"center":[0,200,0],"size":[235.247,235.247,147.751]},"pointables":[{"bases":[[[-0.263098,0.752775,0.603414],[-0.363788,-0.656689,0.660619],[0.893553,-0.0457072,0.446624]],[[-0.610753,0.703645,0.363131],[-0.608061,-0.710537,0.354117],[0.507191,-0.00452801,0.861822]],[[-0.610753,0.703645,0.363131],[-0.768192,-0.637742,-0.0562633],[0.191995,-0.313318,0.930038]],[[-0.610753,0.703645,0.363131],[-0.771463,-0.425461,-0.473105],[-0.1784,-0.569092,0.802688]]],"btipPosition":[16.1749,207.219,17.1897],"carpPosition":[40.4215,186.039,99.0113],"dipPosition":[12.5249,195.576,33.6122],"direction":[-0.191995,0.313318,-0.930038],"extended":false,"handId":89,"id":890,"length":45.5601,"mcpPosition":[40.4215,186.039,99.0113],"pipPosition":[18.2476,186.237,61.3332],"stabilizedTipPosition":[8.50186,209.812,40.745],"timeVisible":17.8124,"tipPosition":[15.0269,203.437,20.2195],"tipVelocity":[-2.62391,-14.833,-5.76146],"tool":false,"touchDistance":-0.292887,"touchZone":"touching","type":0,"width":18.1457},{"bases":[[[0.448823,0.87455,-0.183633],[-0.512295,0.420183,0.748999],[0.732196,-0.242093,0.636615]],[[0.446231,0.8754,-0.185884],[-0.652795,0.460484,0.601509],[0.612158,-0.147068,0.776939]],[[0.446231,0.8754,-0.185884],[-0.854072,0.478612,0.203695],[0.267281,0.067863,0.961226]],[[0.446231,0.8754,-0.185884],[-0.894762,0.432543,-0.110938],[-0.0167128,0.215826,0.976289]]],"btipPosition":[-44.5734,218.901,2.47842],"carpPosition":[30.9942,202.436,107.571],"dipPosition":[-44.8231,222.125,17.0605],"direction":[-0.267281,-0.067863,-0.961226],"extended":true,"handId":89,"id":891,"length":51.4095,"mcpPosition":[-16.1843,218.035,66.551],"pipPosition":[-39.1755,223.559,37.371],"stabilizedTipPosition":[-48.6964,214.071,39.4656],"timeVisible":17.8124,"tipPosition":[-37.1676,216.481,5.15682],"tipVelocity":[4.3201,-5.06906,-4.21169],"tool":false,"touchDistance":-0.289962,"touchZone":"touching","type":1,"width":17.3328},{"bases":[[[0.624332,0.74927,-0.220913],[-0.412842,0.55657,0.720966],[0.663152,-0.35892,0.656815]],[[0.599587,0.761932,-0.244858],[-0.460302,0.578602,0.673307],[0.654689,-0.290997,0.69764]],[[0.599587,0.761932,-0.244858],[-0.677453,0.646097,0.351591],[0.42609,-0.0449296,0.903564]],[[0.599587,0.761932,-0.244858],[-0.777163,0.627375,0.0491733],[0.191084,0.160811,0.968311]]],"btipPosition":[-47.1987,245.186,-1.49991],"carpPosition":[34.6408,212.518,106.4],"dipPosition":[-44.0595,247.828,14.4075],"direction":[-0.42609,0.0449296,-0.903564],"extended":true,"handId":89,"id":892,"length":58.577,"mcpPosition":[-5.88084,234.449,66.2655],"pipPosition":[-33.4673,246.711,36.8692],"stabilizedTipPosition":[-53.4577,246.795,15.4334],"timeVisible":17.8124,"tipPosition":[-45.0548,244.462,2.54252],"tipVelocity":[3.65505,-4.76216,-2.79632],"tool":false,"touchDistance":0.333333,"touchZone":"hovering","type":2,"width":17.0231},{"bases":[[[0.744449,0.644183,-0.175566],[-0.345831,0.596954,0.723911],[0.571136,-0.478198,0.667181]],[[0.726103,0.658916,-0.19648],[-0.402807,0.63922,0.655091],[0.557243,-0.39652,0.729555]],[[0.726103,0.658916,-0.19648],[-0.583975,0.741821,0.329658],[0.36297,-0.124627,0.923429]],[[0.726103,0.658916,-0.19648],[-0.667313,0.744188,0.0296161],[0.165732,0.109609,0.980061]]],"btipPosition":[-24.0725,264.187,0.662376],"carpPosition":[40.5234,221.237,104.131],"dipPosition":[-21.3655,265.977,16.6702],"direction":[-0.36297,0.124627,-0.923429],"extended":true,"handId":89,"id":893,"length":56.3233,"mcpPosition":[9.18987,247.471,67.5286],"pipPosition":[-12.5754,262.959,39.033],"stabilizedTipPosition":[-27.8679,266.706,10.7172],"timeVisible":17.8124,"tipPosition":[-26.1329,266.48,6.41813],"tipVelocity":[4.76572,-5.95998,-2.00306],"tool":false,"touchDistance":0.333333,"touchZone":"hovering","type":3,"width":16.1985},{"bases":[[[0.852388,0.476958,-0.214349],[-0.174005,0.645273,0.743872],[0.49311,-0.596769,0.633016]],[[0.880118,0.440746,-0.17645],[-0.276175,0.777617,0.564835],[0.38616,-0.448391,0.806118]],[[0.880118,0.440746,-0.17645],[-0.419628,0.896028,0.145075],[0.222045,-0.0536397,0.97356]],[[0.880118,0.440746,-0.17645],[-0.467498,0.869317,-0.160417],[0.0826878,0.223676,0.97115]]],"btipPosition":[8.57202,268.001,10.4512],"carpPosition":[50.5937,226.287,98.7966],"dipPosition":[9.818,271.371,25.0848],"direction":[-0.222045,0.0536397,-0.97356],"extended":true,"handId":89,"id":894,"length":44.1565,"mcpPosition":[25.5512,256.594,66.6489],"pipPosition":[13.6146,270.454,41.731],"stabilizedTipPosition":[5.92243,271.5,17.7322],"timeVisible":17.8124,"tipPosition":[5.41568,274.527,16.9443],"tipVelocity":[3.59643,-4.84407,-0.391073],"tool":false,"touchDistance":-0.284869,"touchZone":"touching","type":4,"width":14.3888}],"r":[[0.138708,0.808019,0.572595],[-0.68678,0.49505,-0.532221],[-0.713508,-0.319424,0.623599]],"s":1.04409,"t":[-16.4377,-37.3814,7.95518],"timestamp":1131360694545},{"currentFrameRate":57.627,"devices":[],"gestures":[],"hands":[{"armBasis":[[0.633724,0.772527,-0.0399548],[-0.453601,0.412947,0.78976],[0.62661,-0.482366,0.612113]],"armWidth":56.7046,"confidence":1,"direction":[-0.713253,0.445314,-0.541263],"elbow":[209.851,88.1708,258.554],"grabAngle":0.898806,"grabStrength":0,"id":89,"palmNormal":[0.397846,-0.378554,-0.835712],"palmPosition":[12.8989,225.239,74.7365],"palmVelocity":[3.6094,-8.24074,-2.35046],"palmWidth":79.6914,"pinchDistance":58.9422,"pinchStrength":0,"r":[[0.138845,0.807307,0.573566],[-0.686524,0.495882,-0.531776],[-0.713727,-0.319933,0.623086]],"s":1.04403,"sphereCenter":[16.7939,205.208,16.9948],"sphereRadius":63.3841,"stabilizedPalmPosition":[-7.9257,231.634,120.254],"t":[-16.3793,-37.4995,7.91936],"timeVisible":17.8297,"type":"right","wrist":[61.6749,202.237,113.806]}],"id":65138,"interactionBox":{"center":[0,200,0],"size":[235.247,235.247,147.751]},"pointables":[{"bases":[[[-0.262819,0.751995,0.604508],[-0.363973,-0.657517,0.659694],[0.89356,-0.0466441,0.446514]],[[-0.611581,0.70291,0.363163],[-0.607187,-0.711268,0.354148],[0.50724,-0.00391775,0.861796]],[[-0.611581,0.70291,0.363163],[-0.766939,-0.639454,-0.0538782],[0.194354,-0.311475,0.930167]],[[-0.611581,0.70291,0.363163],[-0.771738,-0.428857,-0.469576],[-0.174324,-0.56745,0.804743]]],"btipPosition":[16.0696,206.918,17.0463],"carpPosition":[40.4721,185.853,98.9127],"dipPosition":[12.503,195.308,33.5109],"direction":[-0.194354,0.311475,-0.930167],"extended":false,"handId":89,"id":890,"length":45.5601,"mcpPosition":[40.4721,185.853,98.9127],"pipPosition":[18.296,186.024,61.2358],"stabilizedTipPosition":[8.56418,209.76,40.561],"timeVisible":17.8297,"tipPosition":[15.0825,203.388,20.1596],"tipVelocity":[-4.97405,-16.9898,-7.72562],"tool":false,"touchDistance":-0.293937,"touchZone":"touching","type":0,"width":18.1457},{"bases":[[[0.449103,0.874664,-0.182399],[-0.512119,0.419276,0.749627],[0.732148,-0.24325,0.636231]],[[0.446123,0.875646,-0.184985],[-0.652482,0.459696,0.60245],[0.61257,-0.148068,0.776424]],[[0.446123,0.875646,-0.184985],[-0.85442,0.478224,0.203145],[0.266347,0.0674267,0.961516]],[[0.446123,0.875646,-0.184985],[-0.894771,0.432009,-0.11293],[-0.0189712,0.215899,0.976231]]],"btipPosition":[-44.4759,218.826,2.44274],"carpPosition":[31.0507,202.241,107.496],"dipPosition":[-44.7592,222.051,17.024],"direction":[-0.266347,-0.0674267,-0.961516],"extended":true,"handId":89,"id":891,"length":51.4095,"mcpPosition":[-16.1246,217.914,66.5012],"pipPosition":[-39.1314,223.475,37.3405],"stabilizedTipPosition":[-48.6432,214.141,39.0347],"timeVisible":17.8297,"tipPosition":[-37.1417,216.468,5.10874],"tipVelocity":[5.19148,-4.34841,-2.07369],"tool":false,"touchDistance":-0.289837,"touchZone":"touching","type":1,"width":17.3328},{"bases":[[[0.624569,0.749381,-0.219868],[-0.412622,0.55567,0.721785],[0.663066,-0.360082,0.656266]],[[0.599501,0.762242,-0.244101],[-0.460584,0.577978,0.67365],[0.654569,-0.291425,0.697575]],[[0.599501,0.762242,-0.244101],[-0.678126,0.645735,0.350959],[0.42514,-0.0448697,0.904015]],[[0.599501,0.762242,-0.244101],[-0.777601,0.626929,0.0479293],[0.189568,0.161079,0.968565]]],"btipPosition":[-47.08,245.074,-1.53922],"carpPosition":[34.7006,212.322,106.34],"dipPosition":[-43.9658,247.72,14.3723],"direction":[-0.42514,0.0448697,-0.904015],"extended":true,"handId":89,"id":892,"length":58.577,"mcpPosition":[-5.81581,234.325,66.2389],"pipPosition":[-33.3972,246.605,36.8453],"stabilizedTipPosition":[-53.3869,246.784,15.3006],"timeVisible":17.8297,"tipPosition":[-44.9994,244.451,2.52927],"tipVelocity":[6.52574,-6.4186,-2.21651],"tool":false,"touchDistance":0.333333,"touchZone":"hovering","type":2,"width":17.0231},{"bases":[[[0.744654,0.644188,-0.174678],[-0.345598,0.596028,0.724784],[0.571011,-0.479345,0.666465]],[[0.725959,0.659229,-0.195961],[-0.402863,0.638556,0.655704],[0.557391,-0.397069,0.729144]],[[0.725959,0.659229,-0.195961],[-0.584505,0.74156,0.329307],[0.362405,-0.124523,0.923665]],[[0.725959,0.659229,-0.195961],[-0.667716,0.74386,0.0287789],[0.164739,0.109954,0.980189]]],"btipPosition":[-23.979,264.069,0.661869],"carpPosition":[40.5859,221.043,104.083],"dipPosition":[-21.2882,265.865,16.6718],"direction":[-0.362405,0.124523,-0.923665],"extended":true,"handId":89,"id":893,"length":56.3233,"mcpPosition":[9.25926,247.34,67.5199],"pipPosition":[-12.5118,262.85,39.0403],"stabilizedTipPosition":[-27.8148,266.68,10.6422],"timeVisible":17.8297,"tipPosition":[-26.0441,266.437,6.42594],"tipVelocity":[5.19008,-6.72881,-0.00133285],"tool":false,"touchDistance":0.333333,"touchZone":"hovering","type":3,"width":16.1985},{"bases":[[[0.852535,0.476984,-0.213706],[-0.173755,0.644261,0.744807],[0.492943,-0.597841,0.632134]],[[0.880054,0.440993,-0.176154],[-0.275839,0.776674,0.566295],[0.386547,-0.449779,0.805158]],[[0.880054,0.440993,-0.176154],[-0.419544,0.895816,0.146618],[0.22246,-0.0551274,0.973382]],[[0.880054,0.440993,-0.176154],[-0.467521,0.869636,-0.158609],[0.0832445,0.221941,0.9715]]],"btipPosition":[8.61695,267.96,10.4821],"carpPosition":[50.6576,226.097,98.7553],"dipPosition":[9.87131,271.304,25.1211],"direction":[-0.22246,0.0551274,-0.973382],"extended":true,"handId":89,"id":894,"length":44.1565,"mcpPosition":[25.6235,256.459,66.6525],"pipPosition":[13.675,270.362,41.7642],"stabilizedTipPosition":[5.9872,271.439,17.6479],"timeVisible":17.8297,"tipPosition":[5.49827,274.458,16.9685],"tipVelocity":[2.7082,-2.6957,1.85999],"tool":false,"touchDistance":-0.284233,"touchZone":"touching","type":4,"width":14.3888}],"r":[[0.138845,0.807307,0.573566],[-0.686524,0.495882,-0.531776],[-0.713727,-0.319933,0.623086]],"s":1.04403,"t":[-16.3793,-37.4995,7.91936],"timestamp":1131360711846},{"currentFrameRate":57.6458,"devices":[],"gestures":[],"hands":[{"armBasis":[[0.634856,0.771567,-0.0405184],[-0.452585,0.413872,0.789859],[0.626199,-0.483109,0.611949]],"armWidth":56.7046,"confidence":1,"direction":[-0.712572,0.446546,-0.541144],"elbow":[209.855,87.7755,258.455],"grabAngle":0.899264,"grabStrength":0,"id":89,"palmNormal":[0.39693,-0.379412,-0.835759],"palmPosition":[13.0297,225.1,74.6863],"palmVelocity":[7.56686,-8.03677,-2.90526],"palmWidth":79.6914,"pinchDistance":58.9488,"pinchStrength":0,"r":[[0.139281,0.806702,0.574311],[-0.686164,0.496785,-0.531398],[-0.713988,-0.320058,0.622723]],"s":1.044,"sphereCenter":[16.9217,205.097,16.9391],"sphereRadius":63.3751,"stabilizedPalmPosition":[-7.77647,231.587,119.929],"t":[-16.2847,-37.628,7.87635],"timeVisible":17.847,"type":"right","wrist":[61.7763,202.018,113.746]}],"id":65139,"interactionBox":{"center":[0,200,0],"size":[235.247,235.247,147.751]},"pointables":[{"bases":[[[-0.261275,0.752569,0.604463],[-0.365012,-0.656745,0.659888],[0.893589,-0.048224,0.446288]],[[-0.611404,0.703623,0.362079],[-0.607612,-0.710567,0.354825],[0.506945,-0.00306204,0.861973]],[[-0.611404,0.703623,0.362079],[-0.766465,-0.640346,-0.0498721],[0.196765,-0.308013,0.930812]],[[-0.611404,0.703623,0.362079],[-0.772844,-0.432658,-0.464241],[-0.169994,-0.563669,0.808319]]],"btipPosition":[15.9866,206.514,16.8947],"carpPosition":[40.5366,185.667,98.8613],"dipPosition":[12.5086,194.981,33.4324],"direction":[-0.196765,0.308013,-0.930812],"extended":false,"handId":89,"id":890,"length":45.5601,"mcpPosition":[40.5366,185.667,98.8613],"pipPosition":[18.3734,185.801,61.1766],"stabilizedTipPosition":[8.64918,209.684,40.3061],"timeVisible":17.847,"tipPosition":[15.1593,203.248,20.1232],"tipVelocity":[-3.62624,-22.3429,-7.79842],"tool":false,"touchDistance":-0.294898,"touchZone":"touching","type":0,"width":18.1457},{"bases":[[[0.450667,0.873807,-0.182648],[-0.51115,0.420332,0.749697],[0.731864,-0.244503,0.636076]],[[0.44692,0.875046,-0.185897],[-0.652173,0.460945,0.601831],[0.612318,-0.147733,0.776686]],[[0.44692,0.875046,-0.185897],[-0.85457,0.479062,0.200524],[0.264524,0.069244,0.96189]],[[0.44692,0.875046,-0.185897],[-0.894304,0.431922,-0.116895],[-0.021995,0.218491,0.975591]]],"btipPosition":[-44.2675,218.65,2.393],"carpPosition":[31.1476,202.073,107.445],"dipPosition":[-44.596,221.913,16.9646],"direction":[-0.264524,-0.069244,-0.96189],"extended":true,"handId":89,"id":891,"length":51.4095,"mcpPosition":[-16.0095,217.828,66.4597],"pipPosition":[-39.0067,223.376,37.2891],"stabilizedTipPosition":[-48.579,214.22,38.5382],"timeVisible":17.847,"tipPosition":[-37.1212,216.442,5.07988],"tipVelocity":[11.4524,-9.68629,-3.00523],"tool":false,"touchDistance":-0.289966,"touchZone":"touching","type":1,"width":17.3328},{"bases":[[[0.625892,0.748195,-0.220144],[-0.411409,0.556538,0.721809],[0.662572,-0.361205,0.656147]],[[0.600297,0.761364,-0.244886],[-0.460154,0.57923,0.672867],[0.654142,-0.291235,0.698055]],[[0.600297,0.761364,-0.244886],[-0.677872,0.646848,0.349396],[0.424422,-0.0437398,0.904408]],[[0.600297,0.761364,-0.244886],[-0.777179,0.62759,0.0460871],[0.188777,0.162654,0.968456]]],"btipPosition":[-46.8858,244.906,-1.61412],"carpPosition":[34.8158,212.148,106.286],"dipPosition":[-43.7846,247.578,14.2956],"direction":[-0.424422,0.0437398,-0.904408],"extended":true,"handId":89,"id":892,"length":58.577,"mcpPosition":[-5.67045,234.219,66.1921],"pipPosition":[-33.2339,246.491,36.7784],"stabilizedTipPosition":[-53.3144,246.771,15.1673],"timeVisible":17.847,"tipPosition":[-44.8636,244.418,2.4873],"tipVelocity":[11.0621,-9.35714,-4.35702],"tool":false,"touchDistance":0.333333,"touchZone":"hovering","type":2,"width":17.0231},{"bases":[[[0.745794,0.642788,-0.174969],[-0.344309,0.596773,0.724785],[0.5703,-0.480296,0.666388]],[[0.726555,0.658298,-0.196879],[-0.401687,0.639408,0.655595],[0.557463,-0.397242,0.728995]],[[0.726555,0.658298,-0.196879],[-0.583686,0.742497,0.328648],[0.36253,-0.123866,0.923704]],[[0.726555,0.658298,-0.196879],[-0.667083,0.744476,0.0275012],[0.164676,0.111353,0.980042]]],"btipPosition":[-23.8141,263.904,0.616548],"carpPosition":[40.7166,220.857,104.026],"dipPosition":[-21.1244,265.723,16.6241],"direction":[-0.36253,0.123866,-0.923704],"extended":true,"handId":89,"id":893,"length":56.3233,"mcpPosition":[9.42892,247.207,67.4672],"pipPosition":[-12.3449,262.723,38.9935],"stabilizedTipPosition":[-27.7605,266.652,10.5676],"timeVisible":17.847,"tipPosition":[-25.841,266.349,6.36861],"tipVelocity":[9.52431,-9.2614,-2.65399],"tool":false,"touchDistance":0.333333,"touchZone":"hovering","type":3,"width":16.1985},{"bases":[[[0.853357,0.47538,-0.214],[-0.172373,0.644692,0.744755],[0.492005,-0.598654,0.632095]],[[0.880519,0.439769,-0.176887],[-0.273596,0.776252,0.56796],[0.38708,-0.451704,0.803824]],[[0.880519,0.439769,-0.176887],[-0.417261,0.896165,0.150938],[0.224898,-0.0590962,0.972589]],[[0.880519,0.439769,-0.176887],[-0.465934,0.871585,-0.152462],[0.087124,0.216664,0.972351]]],"btipPosition":[8.68653,268.003,10.4659],"carpPosition":[50.7962,225.893,98.6952],"dipPosition":[9.99935,271.268,25.1177],"direction":[-0.224898,0.0590962,-0.972589],"extended":true,"handId":89,"id":894,"length":44.1565,"mcpPosition":[25.8097,256.295,66.5942],"pipPosition":[13.8447,270.258,41.7473],"stabilizedTipPosition":[6.05222,271.381,17.5653],"timeVisible":17.847,"tipPosition":[5.74903,274.249,16.8713],"tipVelocity":[4.80354,1.44248,-0.768963],"tool":false,"touchDistance":-0.284342,"touchZone":"touching","type":4,"width":14.3888}],"r":[[0.139281,0.806702,0.574311],[-0.686164,0.496785,-0.531398],[-0.713988,-0.320058,0.622723]],"s":1.044,"t":[-16.2847,-37.628,7.87635],"timestamp":1131360729131},{"currentFrameRate":57.6445,"devices":[],"gestures":[],"hands":[{"armBasis":[[0.635843,0.770804,-0.039561],[-0.451892,0.413343,0.790532],[0.625697,-0.484777,0.611141]],"armWidth":56.7046,"confidence":1,"direction":[-0.711595,0.448931,-0.540456],"elbow":[209.868,87.2122,258.239],"grabAngle":0.899667,"grabStrength":0,"id":89,"palmNormal":[0.396317,-0.378693,-0.836376],"palmPosition":[13.2079,225.092,74.6955],"palmVelocity":[10.2664,-0.484898,0.530724],"palmWidth":79.6914,"pinchDistance":58.9603,"pinchStrength":0,"r":[[0.13993,0.805955,0.575201],[-0.685661,0.497969,-0.530938],[-0.714345,-0.320099,0.622293]],"s":1.04402,"sphereCenter":[17.1657,205.318,16.9057],"sphereRadius":63.3395,"stabilizedPalmPosition":[-7.61526,231.537,119.582],"t":[-16.1483,-37.6965,7.85944],"timeVisible":17.8644,"type":"right","wrist":[61.9071,201.849,113.721]}],"id":65140,"interactionBox":{"center":[0,200,0],"size":[235.247,235.247,147.751]},"pointables":[{"bases":[[[-0.259884,0.751996,0.605774],[-0.366423,-0.657207,0.658645],[0.893417,-0.0507984,0.446347]],[[-0.611522,0.703622,0.36188],[-0.607996,-0.710566,0.354172],[0.506342,-0.00343748,0.862326]],[[-0.611522,0.703622,0.36188],[-0.765611,-0.641645,-0.0461811],[0.199704,-0.305299,0.93108]],[[-0.611522,0.703622,0.36188],[-0.773966,-0.436937,-0.458325],[-0.164369,-0.560358,0.811776]]],"btipPosition":[15.9061,206.275,16.7433],"carpPosition":[40.6325,185.56,98.804],"dipPosition":[12.5432,194.811,33.3517],"direction":[-0.199704,0.305299,-0.93108],"extended":false,"handId":89,"id":890,"length":45.5601,"mcpPosition":[40.6325,185.56,98.804],"pipPosition":[18.4956,185.711,61.1038],"stabilizedTipPosition":[8.7315,209.608,40.0555],"timeVisible":17.8644,"tipPosition":[15.299,203.342,20.1052],"tipVelocity":[-3.11207,-12.8472,-7.79059],"tool":false,"touchDistance":-0.29577,"touchZone":"touching","type":0,"width":18.1457},{"bases":[[[0.452428,0.873239,-0.181001],[-0.510441,0.419995,0.750369],[0.731272,-0.247098,0.635755]],[[0.447926,0.874741,-0.184905],[-0.65197,0.461091,0.601939],[0.611799,-0.149072,0.77684]],[[0.447926,0.874741,-0.184905],[-0.855023,0.479554,0.197394],[0.26134,0.06968,0.962728]],[[0.447926,0.874741,-0.184905],[-0.893666,0.431818,-0.122046],[-0.0269134,0.21991,0.975149]]],"btipPosition":[-43.9421,218.733,2.36751],"carpPosition":[31.2746,201.97,107.415],"dipPosition":[-44.3441,222.018,16.9325],"direction":[-0.26134,-0.06968,-0.962728],"extended":true,"handId":89,"id":891,"length":51.4095,"mcpPosition":[-15.8443,217.892,66.4511],"pipPosition":[-38.8221,223.49,37.2748],"stabilizedTipPosition":[-48.4953,214.317,37.9334],"timeVisible":17.8644,"tipPosition":[-37.0384,216.694,5.07368],"tipVelocity":[17.7792,5.11363,-1.55671],"tool":false,"touchDistance":-0.289708,"touchZone":"touching","type":1,"width":17.3328},{"bases":[[[0.627411,0.747348,-0.218694],[-0.410426,0.556053,0.722742],[0.661745,-0.363698,0.655604]],[[0.601427,0.760816,-0.243811],[-0.460259,0.579395,0.672654],[0.653029,-0.292336,0.698636]],[[0.601427,0.760816,-0.243811],[-0.678172,0.647493,0.347614],[0.422336,-0.0437184,0.905384]],[[0.601427,0.760816,-0.243811],[-0.776862,0.628146,0.0437918],[0.186467,0.16307,0.968833]]],"btipPosition":[-46.5515,244.989,-1.64653],"carpPosition":[34.9629,212.04,106.275],"dipPosition":[-43.4882,247.668,14.2694],"direction":[-0.422336,0.0437184,-0.905384],"extended":true,"handId":89,"id":892,"length":58.577,"mcpPosition":[-5.47278,234.263,66.2147],"pipPosition":[-32.9893,246.581,36.7764],"stabilizedTipPosition":[-53.2314,246.758,15.0211],"timeVisible":17.8644,"tipPosition":[-44.6505,244.666,2.51543],"tipVelocity":[18.7671,4.87157,-1.78576],"tool":false,"touchDistance":0.333333,"touchZone":"hovering","type":2,"width":17.0231},{"bases":[[[0.747096,0.641623,-0.17369],[-0.343247,0.596149,0.725801],[0.569236,-0.482625,0.665616]],[[0.72721,0.657739,-0.196332],[-0.400051,0.638546,0.657433],[0.557786,-0.399549,0.727486]],[[0.72721,0.657739,-0.196332],[-0.582123,0.742518,0.331361],[0.363729,-0.12668,0.922851]],[[0.72721,0.657739,-0.196332],[-0.666117,0.745266,0.0294583],[0.165695,0.109357,0.980095]]],"btipPosition":[-23.6492,264.106,0.743733],"carpPosition":[40.8813,220.741,104.033],"dipPosition":[-20.9428,265.893,16.7522],"direction":[-0.363729,0.12668,-0.922851],"extended":true,"handId":89,"id":893,"length":56.3233,"mcpPosition":[9.65209,247.219,67.5157],"pipPosition":[-12.1344,262.825,39.1009],"stabilizedTipPosition":[-27.7094,266.629,10.5013],"timeVisible":17.8644,"tipPosition":[-25.5506,266.525,6.43075],"tipVelocity":[9.72299,11.2381,7.34118],"tool":false,"touchDistance":0.333333,"touchZone":"hovering","type":3,"width":16.1985},{"bases":[[[0.854333,0.474071,-0.213004],[-0.17122,0.643691,0.745886],[0.490712,-0.600764,0.631097]],[[0.881039,0.43888,-0.176505],[-0.271791,0.77504,0.570476],[0.387169,-0.454639,0.802124]],[[0.881039,0.43888,-0.176505],[-0.415127,0.89623,0.156337],[0.226802,-0.0644674,0.971805]],[[0.881039,0.43888,-0.176505],[-0.464161,0.874029,-0.143625],[0.0912358,0.208466,0.973765]]],"btipPosition":[8.83056,268.29,10.578],"carpPosition":[50.9718,225.766,98.7119],"dipPosition":[10.2053,271.431,25.2511],"direction":[-0.226802,0.0644674,-0.971805],"extended":true,"handId":89,"id":894,"length":44.1565,"mcpPosition":[26.051,256.276,66.6617],"pipPosition":[14.0833,270.329,41.8673],"stabilizedTipPosition":[6.12229,271.328,17.4835],"timeVisible":17.8644,"tipPosition":[6.07368,274.291,16.9297],"tipVelocity":[9.12183,14.8915,6.74281],"tool":false,"touchDistance":-0.282392,"touchZone":"touching","type":4,"width":14.3888}],"r":[[0.13993,0.805955,0.575201],[-0.685661,0.497969,-0.530938],[-0.714345,-0.320099,0.622293]],"s":1.04402,"t":[-16.1483,-37.6965,7.85944],"timestamp":1131360746483},{"currentFrameRate":57.6447,"devices":[],"gestures":[],"hands":[{"armBasis":[[0.636862,0.769989,-0.0390417],[-0.450917,0.413075,0.791229],[0.625364,-0.486299,0.610272]],"armWidth":56.7046,"confidence":1,"direction":[-0.710434,0.452009,-0.539418],"elbow":[209.85,86.5855,257.869],"grabAngle":0.900175,"grabStrength":0,"id":89,"palmNormal":[0.395174,-0.378017,-0.837222],"palmPosition":[13.3192,225.026,74.5843],"palmVelocity":[6.41929,-3.80459,-6.40976],"palmWidth":79.6914,"pinchDistance":58.9626,"pinchStrength":0,"r":[[0.140904,0.805037,0.576247],[-0.684999,0.499514,-0.530342],[-0.714789,-0.320001,0.621833]],"s":1.04425,"sphereCenter":[17.2373,205.456,16.7804],"sphereRadius":63.2931,"stabilizedPalmPosition":[-7.48826,231.498,119.309],"t":[-16.0245,-37.7637,7.7954],"timeVisible":17.8817,"type":"right","wrist":[61.968,201.582,113.556]}],"id":65141,"interactionBox":{"center":[0,200,0],"size":[235.247,235.247,147.751]},"pointables":[{"bases":[[[-0.257751,0.751429,0.607387],[-0.368135,-0.657586,0.657311],[0.893332,-0.0541779,0.44612]],[[-0.611256,0.703878,0.361831],[-0.609126,-0.710305,0.35275],[0.505303,-0.00477978,0.862929]],[[-0.611256,0.703878,0.361831],[-0.765062,-0.642554,-0.0424785],[0.202596,-0.302788,0.931275]],[[-0.611256,0.703878,0.361831],[-0.77529,-0.440678,-0.45247],[-0.159033,-0.557099,0.815076]]],"btipPosition":[15.7624,206.001,16.4456],"carpPosition":[40.6387,185.369,98.606],"dipPosition":[12.5087,194.603,33.1216],"direction":[-0.202596,0.302788,-0.931275],"extended":false,"handId":89,"id":890,"length":45.5601,"mcpPosition":[40.6387,185.369,98.606],"pipPosition":[18.5473,185.578,60.8796],"stabilizedTipPosition":[8.79975,209.54,39.8406],"timeVisible":17.8817,"tipPosition":[15.336,203.385,19.9561],"tipVelocity":[-6.83562,-14.924,-16.2618],"tool":false,"touchDistance":-0.298757,"touchZone":"touching","type":0,"width":18.1457},{"bases":[[[0.454791,0.872378,-0.179226],[-0.509196,0.419811,0.751318],[0.730674,-0.250431,0.635137]],[[0.448986,0.874335,-0.184254],[-0.652016,0.461582,0.601513],[0.610972,-0.149934,0.777324]],[[0.448986,0.874335,-0.184254],[-0.855811,0.480073,0.192656],[0.256901,0.0711869,0.963812]],[[0.448986,0.874335,-0.184254],[-0.892902,0.431239,-0.129458],[-0.0337327,0.222646,0.974316]]],"btipPosition":[-43.6247,218.724,2.21641],"carpPosition":[31.3268,201.786,107.253],"dipPosition":[-44.1285,222.049,16.769],"direction":[-0.256901,-0.0711869,-0.963812],"extended":true,"handId":89,"id":891,"length":51.4095,"mcpPosition":[-15.7536,217.922,66.3286],"pipPosition":[-38.7003,223.554,37.1341],"stabilizedTipPosition":[-48.4075,214.412,37.3359],"timeVisible":17.8817,"tipPosition":[-37.099,216.965,4.96434],"tipVelocity":[16.9493,-0.00699397,-8.87546],"tool":false,"touchDistance":-0.29138,"touchZone":"touching","type":1,"width":17.3328},{"bases":[[[0.629423,0.746088,-0.217207],[-0.408812,0.555653,0.723963],[0.660832,-0.366882,0.654751]],[[0.602648,0.760087,-0.243071],[-0.459973,0.579768,0.672529],[0.652105,-0.293492,0.699015]],[[0.602648,0.760087,-0.243071],[-0.678198,0.648354,0.345954],[0.420552,-0.0436382,0.906219]],[[0.602648,0.760087,-0.243071],[-0.776416,0.628855,0.0414683],[0.184376,0.163733,0.969122]]],"btipPosition":[-46.2984,245.028,-1.77737],"carpPosition":[35.0425,211.848,106.134],"dipPosition":[-43.2695,247.718,14.1433],"direction":[-0.420552,0.0436382,-0.906219],"extended":true,"handId":89,"id":892,"length":58.577,"mcpPosition":[-5.33736,234.266,66.1253],"pipPosition":[-32.815,246.633,36.6711],"stabilizedTipPosition":[-53.154,246.747,14.8878],"timeVisible":17.8817,"tipPosition":[-44.5117,244.921,2.44441],"tipVelocity":[14.1328,2.37124,-7.47991],"tool":false,"touchDistance":0.333333,"touchZone":"hovering","type":2,"width":17.0231},{"bases":[[[0.748825,0.639942,-0.172441],[-0.341524,0.595559,0.727098],[0.567999,-0.485576,0.664525]],[[0.72801,0.656916,-0.196121],[-0.397357,0.637442,0.660133],[0.558667,-0.402653,0.725094]],[[0.72801,0.656916,-0.196121],[-0.579566,0.742534,0.335777],[0.366204,-0.130784,0.921298]],[[0.72801,0.656916,-0.196121],[-0.66463,0.746439,0.0330969],[0.168134,0.106253,0.980021]]],"btipPosition":[-23.6125,264.336,0.811741],"carpPosition":[40.9844,220.538,103.908],"dipPosition":[-20.8663,266.072,16.819],"direction":[-0.366204,0.130784,-0.921298],"extended":true,"handId":89,"id":893,"length":56.3233,"mcpPosition":[9.82303,247.177,67.4515],"pipPosition":[-11.9979,262.905,39.1301],"stabilizedTipPosition":[-27.659,266.609,10.4372],"timeVisible":17.8817,"tipPosition":[-25.3047,266.683,6.38761],"tipVelocity":[2.6446,12.5861,3.90444],"tool":false,"touchDistance":0.333333,"touchZone":"hovering","type":3,"width":16.1985},{"bases":[[[0.855599,0.472181,-0.212122],[-0.169365,0.642588,0.747259],[0.489148,-0.603428,0.629768]],[[0.881816,0.437409,-0.176278],[-0.2684,0.772841,0.575046],[0.387765,-0.459772,0.798904]],[[0.881816,0.437409,-0.176278],[-0.411618,0.896302,0.164964],[0.230155,-0.0729086,0.970419]],[[0.881816,0.437409,-0.176278],[-0.461593,0.877122,-0.132627],[0.0966047,0.198321,0.975365]]],"btipPosition":[8.86944,268.662,10.6297],"carpPosition":[51.0879,225.546,98.5971],"dipPosition":[10.3251,271.65,25.3269],"direction":[-0.230155,0.0729086,-0.970419],"extended":true,"handId":89,"id":894,"length":44.1565,"mcpPosition":[26.2466,256.191,66.6143],"pipPosition":[14.2604,270.403,41.9194],"stabilizedTipPosition":[6.20206,271.276,17.3936],"timeVisible":17.8817,"tipPosition":[6.37304,274.26,16.8617],"tipVelocity":[3.31392,19.386,3.30328],"tool":false,"touchDistance":-0.281437,"touchZone":"touching","type":4,"width":14.3888}],"r":[[0.140904,0.805037,0.576247],[-0.684999,0.499514,-0.530342],[-0.714789,-0.320001,0.621833]],"s":1.04425,"t":[-16.0245,-37.7637,7.7954],"timestamp":1131360763830},{"currentFrameRate":57.6728,"devices":[],"gestures":[],"hands":[{"armBasis":[[0.639161,0.767987,-0.040861],[-0.448634,0.415478,0.791268],[0.624661,-0.487416,0.610102]],"armWidth":56.7046,"confidence":1,"direction":[-0.708101,0.4566,-0.538618],"elbow":[209.788,86.0475,257.585],"grabAngle":0.899701,"grabStrength":0,"id":89,"palmNormal":[0.392436,-0.379658,-0.837767],"palmPosition":[13.5219,225.039,74.3843],"palmVelocity":[11.751,0.756915,-11.5949],"palmWidth":79.6914,"pinchDistance":58.891,"pinchStrength":0,"r":[[0.142697,0.804043,0.577194],[-0.683945,0.501635,-0.529699],[-0.715441,-0.319182,0.621503]],"s":1.04465,"sphereCenter":[17.3411,205.663,16.5974],"sphereRadius":63.2195,"stabilizedPalmPosition":[-7.38697,231.467,119.092],"t":[-15.8612,-37.7908,7.66339],"timeVisible":17.8989,"type":"right","wrist":[62.0725,201.308,113.313]}],"id":65142,"interactionBox":{"center":[0,200,0],"size":[235.247,235.247,147.751]},"pointables":[{"bases":[[[-0.252966,0.752441,0.608145],[-0.371582,-0.655941,0.657014],[0.893272,-0.0597735,0.445524]],[[-0.608637,0.706504,0.361128],[-0.612396,-0.707678,0.352367],[0.504511,-0.00668975,0.863379]],[[-0.608637,0.706504,0.361128],[-0.766486,-0.641168,-0.0374496],[0.205086,-0.299593,0.931764]],[[-0.608637,0.706504,0.361128],[-0.778287,-0.443039,-0.444956],[-0.154369,-0.551878,0.819512]]],"btipPosition":[15.6117,205.717,16.0721],"carpPosition":[40.6231,185.203,98.3576],"dipPosition":[12.4534,194.426,32.8389],"direction":[-0.205086,0.299593,-0.931764],"extended":false,"handId":89,"id":890,"length":45.5601,"mcpPosition":[40.6231,185.203,98.3576],"pipPosition":[18.5663,185.496,60.6114],"stabilizedTipPosition":[8.85268,209.484,39.6674],"timeVisible":17.8989,"tipPosition":[15.3661,203.422,19.7424],"tipVelocity":[-7.46435,-15.0591,-20.4468],"tool":false,"touchDistance":-0.302504,"touchZone":"touching","type":0,"width":18.1457},{"bases":[[[0.45979,0.869839,-0.178812],[-0.506264,0.422188,0.751967],[0.729582,-0.255221,0.634486]],[[0.453343,0.872054,-0.184396],[-0.651055,0.465265,0.599713],[0.608775,-0.151824,0.77868]],[[0.453343,0.872054,-0.184396],[-0.855003,0.48392,0.186525],[0.251893,0.0730993,0.96499]],[[0.453343,0.872054,-0.184396],[-0.890422,0.433716,-0.137981],[-0.0403517,0.226743,0.973118]]],"btipPosition":[-43.181,218.884,1.97084],"carpPosition":[31.4129,201.668,107.024],"dipPosition":[-43.7837,222.27,16.5055],"direction":[-0.251893,-0.0730993,-0.96499],"extended":true,"handId":89,"id":891,"length":51.4095,"mcpPosition":[-15.5971,218.113,66.141],"pipPosition":[-38.4613,223.815,36.8956],"stabilizedTipPosition":[-48.298,214.525,36.6468],"timeVisible":17.8989,"tipPosition":[-37.1428,217.388,4.80219],"tipVelocity":[24.4049,10.074,-14.4777],"tool":false,"touchDistance":-0.294321,"touchZone":"touching","type":1,"width":17.3328},{"bases":[[[0.633655,0.742557,-0.217001],[-0.405102,0.557461,0.724658],[0.65907,-0.371276,0.65405]],[[0.606283,0.757065,-0.243463],[-0.457201,0.582318,0.672215],[0.650683,-0.296241,0.69918]],[[0.606283,0.757065,-0.243463],[-0.675255,0.651794,0.345246],[0.420062,-0.0449171,0.906383]],[[0.606283,0.757065,-0.243463],[-0.773331,0.632645,0.0414694],[0.185421,0.163135,0.969023]]],"btipPosition":[-45.9915,245.314,-1.96788],"carpPosition":[35.1869,211.709,105.91],"dipPosition":[-42.9454,247.994,13.9512],"direction":[-0.420062,0.0449171,-0.906383],"extended":true,"handId":89,"id":892,"length":58.577,"mcpPosition":[-5.08537,234.395,65.9442],"pipPosition":[-32.503,246.878,36.483],"stabilizedTipPosition":[-53.0709,246.738,14.7484],"timeVisible":17.8989,"tipPosition":[-44.2456,245.337,2.2904],"tipVelocity":[18.0254,16.4832,-11.0681],"tool":false,"touchDistance":0.330152,"touchZone":"hovering","type":2,"width":17.0231},{"bases":[[[0.75246,0.635677,-0.172394],[-0.337579,0.596969,0.727783],[0.565548,-0.489431,0.663786]],[[0.730688,0.65361,-0.197203],[-0.391946,0.638115,0.662712],[0.558993,-0.406943,0.722443]],[[0.730688,0.65361,-0.197203],[-0.574324,0.744653,0.340063],[0.369116,-0.135222,0.919493]],[[0.730688,0.65361,-0.197203],[-0.660587,0.749811,0.037533],[0.172397,0.102845,0.979644]]],"btipPosition":[-23.4371,264.706,0.785006],"carpPosition":[41.1783,220.365,103.688],"dipPosition":[-20.6213,266.386,16.7861],"direction":[-0.369116,0.135222,-0.919493],"extended":true,"handId":89,"id":893,"length":56.3233,"mcpPosition":[10.1513,247.216,67.2713],"pipPosition":[-11.6824,263.111,39.0535],"stabilizedTipPosition":[-27.6001,266.59,10.3651],"timeVisible":17.8989,"tipPosition":[-24.8648,266.946,6.21601],"tipVelocity":[11.0988,20.688,-1.63237],"tool":false,"touchDistance":0.333333,"touchZone":"hovering","type":3,"width":16.1985},{"bases":[[[0.858223,0.467325,-0.212274],[-0.165134,0.642972,0.747876],[0.485987,-0.606791,0.628985]],[[0.883788,0.433049,-0.177162],[-0.262463,0.77231,0.57849],[0.387338,-0.464764,0.796218]],[[0.883788,0.433049,-0.177162],[-0.405342,0.897765,0.172385],[0.233701,-0.0805406,0.968967]],[[0.883788,0.433049,-0.177162],[-0.456344,0.881391,-0.122065],[0.103288,0.188727,0.976583]]],"btipPosition":[9.10162,269.034,10.5361],"carpPosition":[51.3077,225.319,98.3742],"dipPosition":[10.658,271.878,25.2517],"direction":[-0.233701,0.0805406,-0.968967],"extended":true,"handId":89,"id":894,"length":44.1565,"mcpPosition":[26.6269,256.134,66.4312],"pipPosition":[14.6539,270.501,41.8193],"stabilizedTipPosition":[6.30184,271.228,17.2872],"timeVisible":17.8989,"tipPosition":[6.88344,274.263,16.6478],"tipVelocity":[14.806,19.6678,-5.18312],"tool":false,"touchDistance":-0.282927,"touchZone":"touching","type":4,"width":14.3888}],"r":[[0.142697,0.804043,0.577194],[-0.683945,0.501635,-0.529699],[-0.715441,-0.319182,0.621503]],"s":1.04465,"t":[-15.8612,-37.7908,7.66339],"timestamp":1131360781076},{"currentFrameRate":57.6723,"devices":[],"