{"frames":23,"data":[{"currentFrameRate":57.6705,"devices":[],"gestures":[],"hands":[{"armBasis":[[0.968466,0.207946,-0.137231],[-0.0539346,0.712726,0.699366],[0.243238,-0.669911,0.701466]],"armWidth":54.6881,"confidence":1,"direction":[-0.129861,0.569594,-0.811603],"elbow":[131.714,40.1367,259.717],"grabAngle":2.81169,"grabStrength":0,"id":52,"palmNormal":[0.0749174,-0.810558,-0.580847],"palmPosition":[58.4639,232.573,40.1186],"palmVelocity":[794.938,152.982,-84.2124],"palmWidth":79.3954,"pinchDistance":45.0011,"pinchStrength":0.554708,"r":[[0.810542,0.452518,-0.371819],[-0.52575,0.841925,-0.121445],[0.258088,0.29392,0.920327]],"s":0.966829,"sphereCenter":[50.2004,210.99,8.1786],"sphereRadius":37.2744,"stabilizedPalmPosition":[55.9185,232.104,40.4384],"t":[-64.6949,75.1108,-49.0129],"timeVisible":4.6655,"type":"right","wrist":[74.4082,197.964,94.4553]}],"id":27893,"interactionBox":{"center":[0,200,0],"size":[235.247,235.247,147.751]},"pointables":[{"bases":[[[0.952858,0.229935,-0.197969],[-0.117704,0.881491,0.457296],[0.279656,-0.412436,0.867]],[[0.951837,0.23143,-0.201114],[-0.188543,0.959065,0.211294],[0.241781,-0.163198,0.956508]],[[0.951837,0.23143,-0.201114],[-0.263299,0.953075,-0.149405],[0.1571,0.195162,0.968107]],[[0.951837,0.23143,-0.201114],[-0.28787,0.900334,-0.326387],[0.105534,0.368562,0.923593]]],"btipPosition":[20.1265,240.105,-44.2362],"carpPosition":[51.8435,217.075,80.532],"dipPosition":[21.6788,245.526,-30.6503],"direction":[-0.1571,-0.195162,-0.968107],"extended":true,"handId":52,"id":521,"length":50.6302,"mcpPosition":[33.8911,243.551,24.8751],"pipPosition":[24.948,249.587,-10.5046],"stabilizedTipPosition":[16.9547,241.308,-40.5042],"timeVisible":4.6655,"tipPosition":[22.2323,244.947,-41.5283],"tipVelocity":[967.167,-3.53681,-139.486],"tool":false,"touchDistance":-0.743091,"touchZone":"touching","type":1,"width":16.4795},{"bases":[[[0.305501,0.890951,0.335971],[-0.778522,0.0305611,0.626873],[0.548245,-0.453071,0.702961]],[[0.146054,0.980214,0.1336],[-0.962849,0.109844,0.246689],[0.227133,-0.164667,0.959841]],[[0.146054,0.980214,0.1336],[-0.988636,0.149481,-0.0159345],[-0.0355899,-0.129754,0.990907]],[[0.146054,0.980214,0.1336],[-0.937943,0.180144,-0.296328],[-0.314532,-0.0820292,0.945696]]],"btipPosition":[44.8653,209.602,-11.3101],"carpPosition":[47.3762,196.968,78.6401],"dipPosition":[38.5277,207.949,7.74495],"direction":[0.0355899,0.129754,-0.990907],"extended":false,"handId":52,"id":520,"length":44.8695,"mcpPosition":[47.3762,196.968,78.6401],"pipPosition":[37.483,204.141,36.8326],"stabilizedTipPosition":[39.5777,208.696,-6.29522],"timeVisible":4.6655,"tipPosition":[45.7701,210.321,-5.61009],"tipVelocity":[876.862,130.129,-112.416],"tool":false,"touchDistance":-0.615776,"touchZone":"touching","type":0,"width":17.2524},{"bases":[[[0.987891,0.0184347,-0.154051],[0.0512509,0.898405,0.436167],[0.146441,-0.438781,0.886581]],[[0.98641,0.0227301,-0.162725],[-0.136915,0.661219,-0.737593],[0.0908312,0.749848,0.655345]],[[0.98641,0.0227301,-0.162725],[-0.105075,-0.674122,-0.731108],[-0.126315,0.73827,-0.662572]],[[0.98641,0.0227301,-0.162725],[-0.00118618,-0.989374,-0.14539],[-0.1643,0.143607,-0.975901]]],"btipPosition":[54.7189,196.237,29.5033],"carpPosition":[61.6525,221.04,78.6615],"dipPosition":[52.0607,198.56,13.7142],"direction":[0.126315,-0.73827,0.662572],"extended":false,"handId":52,"id":522,"length":57.689,"mcpPosition":[52.7376,247.752,24.6885],"pipPosition":[48.9682,216.635,-2.50701],"stabilizedTipPosition":[51.0132,196.233,26.3799],"timeVisible":4.6655,"tipPosition":[53.3462,197.139,27.2833],"tipVelocity":[781.216,143.259,-104.066],"tool":false,"touchDistance":0.333333,"touchZone":"none","type":2,"width":16.1851},{"bases":[[[0.99198,-0.114115,-0.0543435],[0.126342,0.882981,0.452086],[-0.00360548,-0.455326,0.890317]],[[0.991983,-0.111153,-0.0601296],[0.0279728,0.657129,-0.753258],[0.12324,0.745537,0.65497]],[[0.991983,-0.111153,-0.0601296],[-0.120099,-0.681094,-0.722279],[0.0393293,0.72371,-0.688983]],[[0.991983,-0.111153,-0.0601296],[-0.117207,-0.987123,-0.108861],[-0.0472552,0.115035,-0.992237]]],"btipPosition":[67.4044,199.354,35.262],"carpPosition":[72.1258,222.256,76.7262],"dipPosition":[66.6443,201.205,19.3009],"direction":[-0.0393293,-0.72371,0.688983],"extended":false,"handId":52,"id":523,"length":55.4695,"mcpPosition":[72.3229,247.144,28.0633],"pipPosition":[67.5823,218.465,2.8687],"stabilizedTipPosition":[64.7662,199.321,31.8358],"timeVisible":4.6655,"tipPosition":[66.4728,200.04,32.896],"tipVelocity":[798.434,155.504,-60.5928],"tool":false,"touchDistance":0.333333,"touchZone":"none","type":3,"width":15.4011},{"bases":[[[0.950293,-0.310362,-0.0248794],[0.278275,0.810764,0.515],[-0.139665,-0.496324,0.856829]],[[0.950963,-0.307937,-0.0290588],[0.200035,0.683946,-0.701573],[0.235915,0.661357,0.712005]],[[0.950963,-0.307937,-0.0290588],[-0.212298,-0.581502,-0.785356],[0.224943,0.753014,-0.618362]],[[0.950963,-0.307937,-0.0290588],[-0.306856,-0.927462,-0.213666],[0.0388448,0.212106,-0.976474]]],"btipPosition":[78.6521,206.371,33.8218],"carpPosition":[83.1316,217.22,73.9458],"dipPosition":[79.2285,209.519,19.3309],"direction":[-0.224943,-0.753014,0.618362],"extended":false,"handId":52,"id":524,"length":43.4871,"mcpPosition":[90.1982,242.332,30.5935],"pipPosition":[83.0163,222.199,8.91829],"stabilizedTipPosition":[76.8029,206.744,30.624],"timeVisible":4.6655,"tipPosition":[78.2156,207.872,32.4009],"tipVelocity":[809.194,147.693,-44.0161],"tool":false,"touchDistance":0.333333,"touchZone":"none","type":4,"width":13.6805}],"r":[[0.810542,0.452518,-0.371819],[-0.52575,0.841925,-0.121445],[0.258088,0.29392,0.920327]],"s":0.966829,"t":[-64.6949,75.1108,-49.0129],"timestamp":1130729402146},{"currentFrameRate":57.6622,"devices":[],"gestures":[{"direction":[0.94881,0.0333562,-0.314081],"duration":0,"handIds":[52],"id":5,"pointableIds":[521],"position":[39.5703,242.253,-43.0768],"speed":249.214,"startPosition":[-85.2691,237.864,-1.75171],"state":"start","type":"swipe"}],"hands":[{"armBasis":[[0.974363,0.196182,-0.11013],[-0.0654512,0.715514,0.695525],[0.215249,-0.670486,0.710011]],"armWidth":54.6881,"confidence":1,"direction":[-0.0847886,0.580652,-0.809725],"elbow":[137.275,41.3529,260.907],"grabAngle":2.83978,"grabStrength":0.00813749,"id":52,"palmNormal":[0.0783009,-0.806255,-0.586363],"palmPosition":[73.4164,234.726,39.0355],"palmVelocity":[860.822,123.939,-62.3503],"palmWidth":79.3954,"pinchDistance":45.179,"pinchStrength":0.554275,"r":[[0.826311,0.448405,-0.340796],[-0.515122,0.846356,-0.135391],[0.227725,0.287427,0.930337]],"s":0.958812,"sphereCenter":[67.1548,213.325,6.55013],"sphereRadius":36.8994,"stabilizedPalmPosition":[71.6886,234.467,39.1741],"t":[-50.7762,77.2679,-50.5353],"timeVisible":4.68287,"type":"right","wrist":[86.5633,199.316,93.6317]}],"id":27894,"interactionBox":{"center":[0,200,0],"size":[235.247,235.247,147.751]},"pointables":[{"bases":[[[0.96498,0.209006,-0.158525],[-0.114574,0.879429,0.462036],[0.23598,-0.427693,0.872578]],[[0.964171,0.210461,-0.161495],[-0.178739,0.965226,0.190762],[0.196028,-0.155062,0.968261]],[[0.964171,0.210461,-0.161495],[-0.241505,0.948267,-0.206069],[0.109771,0.237688,0.965119]],[[0.964171,0.210461,-0.161495],[-0.25968,0.873218,-0.41238],[0.0542308,0.439542,0.896584]]],"btipPosition":[39.3868,240.766,-46.1102],"carpPosition":[64.8682,218.986,78.9913],"dipPosition":[40.1845,247.231,-32.9216],"direction":[-0.109771,-0.237688,-0.965119],"extended":true,"handId":52,"id":521,"length":50.6302,"mcpPosition":[49.7195,246.442,22.9764],"pipPosition":[42.4688,252.177,-12.838],"stabilizedTipPosition":[37.0538,242.148,-42.7906],"timeVisible":4.68287,"tipPosition":[40.4873,247.627,-43.6788],"tipVelocity":[1098.84,51.8729,-113.146],"tool":false,"touchDistance":-0.726595,"touchZone":"touching","type":1,"width":16.4795},{"bases":[[[0.313129,0.879959,0.357242],[-0.801343,0.0429232,0.596663],[0.509705,-0.473106,0.71859]],[[0.163419,0.97519,0.149325],[-0.969424,0.130645,0.207725],[0.183062,-0.178706,0.966723]],[[0.163419,0.97519,0.149325],[-0.983495,0.17295,-0.0531536],[-0.0776608,-0.138174,0.987358]],[[0.163419,0.97519,0.149325],[-0.920854,0.205091,-0.331609],[-0.354007,-0.0833154,0.931524]]],"btipPosition":[61.4443,212.531,-13.1518],"carpPosition":[60.0052,199.012,76.7085],"dipPosition":[54.3113,210.852,5.61776],"direction":[0.0776608,0.138174,-0.987358],"extended":false,"handId":52,"id":520,"length":44.8695,"mcpPosition":[60.0052,199.012,76.7085],"pipPosition":[52.0317,206.796,34.6012],"stabilizedTipPosition":[57.2033,211.702,-8.50826],"timeVisible":4.68287,"tipPosition":[61.9629,213.232,-7.40584],"tipVelocity":[943.93,168.274,-109.805],"tool":false,"touchDistance":-0.611142,"touchZone":"touching","type":0,"width":17.2524},{"bases":[[[0.993288,-0.00370276,-0.115607],[0.0554256,0.8925,0.447629],[0.101522,-0.451032,0.886715]],[[0.993667,-0.00541838,-0.112233],[-0.0796877,0.670211,-0.73788],[0.0792178,0.742151,0.665535]],[[0.993667,-0.00541838,-0.112233],[-0.0872597,-0.666493,-0.740387],[-0.0707908,0.745491,-0.662745]],[[0.993667,-0.00541838,-0.112233],[-0.0224007,-0.988339,-0.150612],[-0.110108,0.152173,-0.982201]]],"btipPosition":[68.88,198.68,28.0612],"carpPosition":[74.8332,222.734,77.5442],"dipPosition":[67.0985,201.142,12.1702],"direction":[0.0707908,-0.745491,0.662745],"extended":false,"handId":52,"id":522,"length":57.689,"mcpPosition":[68.6528,250.192,23.5631],"pipPosition":[65.3654,219.394,-4.05526],"stabilizedTipPosition":[66.4191,198.893,24.6382],"timeVisible":4.68287,"tipPosition":[67.9792,199.548,25.5972],"tipVelocity":[826.868,142.521,-84.3707],"tool":false,"touchDistance":0.333333,"touchZone":"none","type":2,"width":16.1851},{"bases":[[[0.990378,-0.137305,-0.0172722],[0.129458,0.875122,0.466264],[-0.0489052,-0.464014,0.884477]],[[0.990787,-0.133026,-0.0254174],[0.0699113,0.663101,-0.745258],[0.115993,0.736615,0.666291]],[[0.990787,-0.133026,-0.0254174],[-0.109393,-0.675421,-0.729274],[0.079845,0.725335,-0.68375]],[[0.990787,-0.133026,-0.0254174],[-0.135095,-0.983995,-0.116199],[-0.00955304,0.118562,-0.992901]]],"btipPosition":[81.86,201.539,34.3333],"carpPosition":[85.3995,223.718,76.0279],"dipPosition":[81.7063,203.446,18.3616],"direction":[-0.079845,-0.725335,0.68375],"extended":false,"handId":52,"id":523,"length":55.4695,"mcpPosition":[88.0725,249.08,27.6843],"pipPosition":[83.6106,220.745,2.05417],"stabilizedTipPosition":[80.2054,201.725,30.7715],"timeVisible":4.68287,"tipPosition":[80.9456,202.082,31.7535],"tipVelocity":[840.247,126.506,-53.6044],"tool":false,"touchDistance":0.333333,"touchZone":"none","type":3,"width":15.4011},{"bases":[[[0.942966,-0.332782,0.00841116],[0.277089,0.798657,0.534199],[-0.18449,-0.501401,0.845317]],[[0.944232,-0.329273,0.00250763],[0.241666,0.687796,-0.684496],[0.223661,0.646929,0.729012]],[[0.944232,-0.329273,0.00250763],[-0.197058,-0.571156,-0.796837],[0.263809,0.751904,-0.604189]],[[0.944232,-0.329273,0.00250763],[-0.319953,-0.919252,-0.229361],[0.0778275,0.215768,-0.973338]]],"btipPosition":[93.3117,208.259,33.2749],"carpPosition":[96.3832,218.448,73.6193],"dipPosition":[94.4666,211.461,18.8305],"direction":[-0.263809,-0.751904,0.604189],"extended":false,"handId":52,"id":524,"length":43.4871,"mcpPosition":[105.718,243.817,30.8494],"pipPosition":[98.9089,224.123,8.65653],"stabilizedTipPosition":[92.271,208.82,30.0049],"timeVisible":4.68287,"tipPosition":[92.873,209.631,31.7961],"tipVelocity":[851.621,109.416,-30.8717],"tool":false,"touchDistance":0.333333,"touchZone":"none","type":4,"width":13.6805}],"r":[[0.826311,0.448405,-0.340796],[-0.515122,0.846356,-0.135391],[0.227725,0.287427,0.930337]],"s":0.958812,"t":[-50.7762,77.2679,-50.5353],"timestamp":1130729419516},{"currentFrameRate":57.6474,"devices":[],"gestures":[{"direction":[0.963408,0.0238658,-0.266973],"duration":17396,"handIds":[52],"id":5,"pointableIds":[521],"position":[59.8997,241.808,-44.301],"speed":253.025,"startPosition":[-85.2691,237.864,-1.75171],"state":"update","type":"swipe"}],"hands":[{"armBasis":[[0.980332,0.18175,-0.0769176],[-0.0788512,0.71799,0.691573],[0.180919,-0.671906,0.7182]],"armWidth":54.6881,"confidence":1,"direction":[-0.0501364,0.567918,-0.821557],"elbow":[143.424,43.5933,263.604],"grabAngle":2.86034,"grabStrength":0.0244682,"id":52,"palmNormal":[0.0877762,-0.816903,-0.570057],"palmPosition":[89.9636,236.642,38.9005],"palmVelocity":[951.208,110.12,-7.76052],"palmWidth":79.3954,"pinchDistance":44.6637,"pinchStrength":0.541022,"r":[[0.841356,0.44175,-0.311411],[-0.503083,0.850681,-0.152478],[0.197554,0.284954,0.937963]],"s":0.952249,"sphereCenter":[86.2932,214.51,6.58923],"sphereRadius":36.6827,"stabilizedPalmPosition":[88.7649,236.499,38.9185],"t":[-35.5433,79.3043,-51.364],"timeVisible":4.70027,"type":"right","wrist":[100.8,201.891,94.4002]}],"id":27895,"interactionBox":{"center":[0,200,0],"size":[235.247,235.247,147.751]},"pointables":[{"bases":[[[0.972336,0.194619,-0.129174],[-0.118916,0.888406,0.443389],[0.201051,-0.415762,0.886973]],[[0.973692,0.191764,-0.123091],[-0.172634,0.97337,0.150827],[0.148736,-0.12561,0.980867]],[[0.973692,0.191764,-0.123091],[-0.217928,0.94148,-0.257145],[0.0665762,0.277205,0.958501]],[[0.973692,0.191764,-0.123091],[-0.22729,0.855857,-0.464594],[0.0162557,0.480348,0.876927]]],"btipPosition":[59.8447,240.183,-47.2679],"carpPosition":[79.8772,221.681,78.7971],"dipPosition":[60.0838,247.249,-34.3685],"direction":[-0.0665762,-0.277205,-0.958501],"extended":true,"handId":52,"id":521,"length":50.6302,"mcpPosition":[66.9708,248.371,21.8581],"pipPosition":[61.4693,253.017,-14.4226],"stabilizedTipPosition":[58.1837,241.834,-44.1876],"timeVisible":4.70027,"tipPosition":[59.992,247.861,-45.0026],"tipVelocity":[1168.63,-25.5552,-70.3738],"tool":false,"touchDistance":-0.700632,"touchZone":"touching","type":1,"width":16.4795},{"bases":[[[0.312044,0.881998,0.353141],[-0.82036,0.0626542,0.568405],[0.479206,-0.46707,0.743107]],[[0.173923,0.974228,0.14363],[-0.973612,0.148232,0.173514],[0.147751,-0.170018,0.974301]],[[0.173923,0.974228,0.14363],[-0.977904,0.188045,-0.0913368],[-0.115992,-0.124571,0.985408]],[[0.173923,0.974228,0.14363],[-0.902013,0.216127,-0.373713],[-0.395124,-0.0645589,0.916356]]],"btipPosition":[79.7722,214.095,-13.1483],"carpPosition":[74.8414,201.732,76.6792],"dipPosition":[71.8107,212.795,5.31563],"direction":[0.115992,0.124571,-0.985408],"extended":false,"handId":52,"id":520,"length":44.8695,"mcpPosition":[74.8414,201.732,76.6792],"pipPosition":[68.4058,209.138,34.2418],"stabilizedTipPosition":[76.1539,213.616,-8.86769],"timeVisible":4.70027,"tipPosition":[79.7513,214.487,-7.5842],"tipVelocity":[1042.61,94.9177,-3.84038],"tool":false,"touchDistance":-0.579363,"touchZone":"touching","type":0,"width":17.2524},{"bases":[[[0.996489,-0.0176638,-0.0818349],[0.051624,0.899175,0.434533],[0.0659085,-0.437232,0.89693]],[[0.997529,-0.0256612,-0.0654093],[-0.0330847,0.649717,-0.759456],[0.0619861,0.759743,0.647262]],[[0.997529,-0.0256612,-0.0654093],[-0.0650403,-0.689432,-0.721424],[-0.0265826,0.723895,-0.689397]],[[0.997529,-0.0256612,-0.0654093],[-0.0331233,-0.992734,-0.115681],[-0.0619655,0.117562,-0.99113]]],"btipPosition":[85.0005,200.748,29.0772],"carpPosition":[89.9318,225.283,77.6268],"dipPosition":[83.998,202.651,13.0417],"direction":[0.0265826,-0.723895,0.689397],"extended":false,"handId":52,"id":522,"length":57.689,"mcpPosition":[85.9195,251.901,23.0238],"pipPosition":[83.3472,220.373,-3.83626],"stabilizedTipPosition":[83.3125,201.004,25.3294],"timeVisible":4.70027,"tipPosition":[84.5484,201.305,25.8415],"tipVelocity":[936.981,111.478,56.4925],"tool":false,"touchDistance":0.333333,"touchZone":"none","type":2,"width":16.1851},{"bases":[[[0.988581,-0.149547,0.0185252],[0.124761,0.881219,0.455947],[-0.08451,-0.448429,0.889814]],[[0.989279,-0.145639,0.0107823],[0.1029,0.642762,-0.759124],[0.103628,0.752095,0.650857]],[[0.989279,-0.145639,0.0107823],[-0.0949256,-0.69739,-0.710377],[0.110978,0.701738,-0.703738]],[[0.989279,-0.145639,0.0107823],[-0.144131,-0.98559,-0.0885335],[0.0235209,0.0860302,-0.996015]]],"btipPosition":[98.1625,203.573,35.5874],"carpPosition":[100.555,226.114,76.4532],"dipPosition":[98.5409,204.957,19.5656],"direction":[-0.110978,-0.701738,0.703738],"extended":false,"handId":52,"id":523,"length":55.4695,"mcpPosition":[105.174,250.624,27.8178],"pipPosition":[101.188,221.694,2.78141],"stabilizedTipPosition":[97.0892,203.752,31.8296],"timeVisible":4.70027,"tipPosition":[97.3556,203.795,32.3948],"tipVelocity":[944.175,110.049,71.4269],"tool":false,"touchDistance":0.333333,"touchZone":"none","type":3,"width":15.4011},{"bases":[[[0.937861,-0.343976,0.045795],[0.269043,0.804129,0.530087],[-0.219162,-0.484827,0.846706]],[[0.939681,-0.339864,0.0386345],[0.270794,0.670152,-0.691062],[0.208976,0.65984,0.721762]],[[0.939681,-0.339864,0.0386345],[-0.181755,-0.591801,-0.785326],[0.289768,0.730933,-0.617876]],[[0.939681,-0.339864,0.0386345],[-0.324844,-0.922068,-0.210397],[0.10713,0.185156,-0.976852]]],"btipPosition":[109.804,210.059,34.5933],"carpPosition":[111.546,220.671,74.5047],"dipPosition":[111.393,212.806,20.0969],"direction":[-0.289768,-0.730933,0.617876],"extended":false,"handId":52,"id":524,"length":43.4871,"mcpPosition":[122.635,245.202,31.6646],"pipPosition":[116.273,225.115,9.69238],"stabilizedTipPosition":[109.226,210.592,31.193],"timeVisible":4.70027,"tipPosition":[109.354,211.182,32.7004],"tipVelocity":[953.779,97.4373,75.1021],"tool":false,"touchDistance":0.333333,"touchZone":"none","type":4,"width":13.6805}],"r":[[0.841356,0.44175,-0.311411],[-0.503083,0.850681,-0.152478],[0.197554,0.284954,0.937963]],"s":0.952249,"t":[-35.5433,79.3043,-51.364],"timestamp":1130729436912},{"currentFrameRate":57.6755,"devices":[],"gestures":[{"direction":[0.975224,0.0372829,-0.218057],"duration":34641,"handIds":[52],"id":5,"pointableIds":[521],"position":[81.8944,244.699,-44.521],"speed":261.852,"startPosition":[-85.2691,237.864,-1.75171],"state":"update","type":"swipe"}],"hands":[{"armBasis":[[0.987388,0.150307,-0.0497297],[-0.0753798,0.722544,0.687203],[0.139223,-0.674788,0.724761]],"armWidth":54.6881,"confidence":1,"direction":[-0.0079771,0.566363,-0.824117],"elbow":[149.286,45.7842,266.144],"grabAngle":2.87011,"grabStrength":0.0317745,"id":52,"palmNormal":[0.0775845,-0.821308,-0.565184],"palmPosition":[108.377,239.649,39.5156],"palmVelocity":[1067.78,174.392,35.663],"palmWidth":79.3954,"pinchDistance":43.8936,"pinchStrength":0.536676,"r":[[0.857075,0.43061,-0.282838],[-0.486472,0.857169,-0.169134],[0.169609,0.282553,0.944138]],"s":0.94619,"sphereCenter":[105.977,217.344,7.23429],"sphereRadius":36.5295,"stabilizedPalmPosition":[107.498,239.508,39.4888],"t":[-18.7199,81.8262,-51.4708],"timeVisible":4.71751,"type":"right","wrist":[116.486,204.76,95.3939]}],"id":27896,"interactionBox":{"center":[0,200,0],"size":[235.247,235.247,147.751]},"pointables":[{"bases":[[[0.981461,0.162569,-0.101512],[-0.102723,0.893339,0.437486],[0.161806,-0.418948,0.893477]],[[0.984736,0.153455,-0.0821333],[-0.142104,0.981317,0.129706],[0.100503,-0.116055,0.988145]],[[0.984736,0.153455,-0.0821333],[-0.170703,0.943627,-0.2836],[0.0339833,0.293291,0.955419]],[[0.984736,0.153455,-0.0821333],[-0.174016,0.858233,-0.482862],[-0.00360819,0.489784,0.871837]]],"btipPosition":[81.9066,243.042,-47.4706],"carpPosition":[96.6653,225.163,79.1421],"dipPosition":[81.8536,250.247,-34.6461],"direction":[-0.0339833,-0.293291,-0.955419],"extended":true,"handId":52,"id":521,"length":50.6302,"mcpPosition":[86.2782,252.057,21.7855],"pipPosition":[82.5607,256.35,-14.7644],"stabilizedTipPosition":[80.6805,244.553,-44.5039],"timeVisible":4.71751,"tipPosition":[81.2694,250.997,-45.1898],"tipVelocity":[1275.43,167.654,-12.7542],"tool":false,"touchDistance":-0.662202,"touchZone":"touching","type":1,"width":16.4795},{"bases":[[[0.330221,0.872659,0.359749],[-0.833926,0.0911831,0.544291],[0.442178,-0.479741,0.757844]],[[0.205141,0.966804,0.152339],[-0.972239,0.183398,0.145313],[0.112551,-0.17792,0.977587]],[[0.205141,0.966804,0.152339],[-0.965408,0.225478,-0.130944],[-0.160946,-0.120207,0.979616]],[[0.205141,0.966804,0.152339],[-0.87304,0.251114,-0.418022],[-0.4424,-0.0472444,0.895573]]],"btipPosition":[99.7835,217.611,-12.4511],"carpPosition":[91.0474,205.38,76.9307],"dipPosition":[90.8695,216.659,5.59406],"direction":[0.160946,0.120207,-0.979616],"extended":false,"handId":52,"id":520,"length":44.8695,"mcpPosition":[91.0474,205.38,76.9307],"pipPosition":[86.145,213.13,34.3502],"stabilizedTipPosition":[96.4587,217.169,-8.33419],"timeVisible":4.71751,"tipPosition":[98.7367,217.659,-7.24846],"tipVelocity":[1147.71,208.493,34.8441],"tool":false,"touchDistance":-0.540747,"touchZone":"touching","type":0,"width":17.2524},{"bases":[[[0.997334,-0.0502174,-0.0529502],[0.0682605,0.898547,0.433535],[0.0258073,-0.435994,0.89958]],[[0.997495,-0.06955,-0.0129069],[0.0346329,0.63927,-0.768202],[0.0616794,0.765831,0.640077]],[[0.997495,-0.06955,-0.0129069],[-0.0579415,-0.698672,-0.713092],[0.0405779,0.712054,-0.700952]],[[0.997495,-0.06955,-0.0129069],[-0.0705104,-0.992209,-0.102709],[-0.00566293,0.103361,-0.994628]]],"btipPosition":[101.829,204.09,30.1804],"carpPosition":[106.861,228.433,78.2537],"dipPosition":[101.737,205.762,14.0884],"direction":[-0.0405779,-0.712054,0.700952],"extended":false,"handId":52,"id":522,"length":57.689,"mcpPosition":[105.29,254.976,23.4895],"pipPosition":[102.731,223.195,-3.07246],"stabilizedTipPosition":[100.79,204.284,26.416],"timeVisible":4.71751,"tipPosition":[102.175,204.461,26.4005],"tipVelocity":[987.979,190.715,63.2206],"tool":false,"touchDistance":0.333333,"touchZone":"none","type":2,"width":16.1851},{"bases":[[[0.982258,-0.181423,0.0474774],[0.140129,0.878307,0.4571],[-0.124628,-0.442338,0.888147]],[[0.981735,-0.183249,0.0511473],[0.157042,0.628766,-0.761571],[0.107398,0.755693,0.64606]],[[0.981735,-0.183249,0.0511473],[-0.0955385,-0.707327,-0.7004],[0.164526,0.682721,-0.711915]],[[0.981735,-0.183249,0.0511473],[-0.178899,-0.980643,-0.0795914],[0.0647423,0.0689875,-0.995515]]],"btipPosition":[115.25,206.631,36.9824],"carpPosition":[117.535,228.916,77.3856],"dipPosition":[116.292,207.741,20.9686],"direction":[-0.164526,-0.682721,0.711915],"extended":false,"handId":52,"id":523,"length":55.4695,"mcpPosition":[124.347,253.093,28.8413],"pipPosition":[120.216,224.024,3.98943],"stabilizedTipPosition":[114.661,206.745,33.2331],"timeVisible":4.71751,"tipPosition":[114.907,206.571,33.3101],"tipVelocity":[999.722,173.656,80.9994],"tool":false,"touchDistance":0.333333,"touchZone":"none","type":3,"width":15.4011},{"bases":[[[0.924486,-0.37401,0.0737684],[0.279635,0.796844,0.535578],[-0.259094,-0.474506,0.841258]],[[0.923727,-0.375392,0.0762214],[0.321915,0.652927,-0.685607],[0.207605,0.65785,0.72397]],[[0.923727,-0.375392,0.0762214],[-0.178334,-0.597555,-0.781745],[0.339008,0.708526,-0.618922]],[[0.923727,-0.375392,0.0762214],[-0.35308,-0.911584,-0.210594],[0.148537,0.167619,-0.974598]]],"btipPosition":[127.271,212.676,36.0508],"carpPosition":[128.395,223.113,75.7696],"dipPosition":[129.476,215.164,21.5877],"direction":[-0.339008,-0.708526,0.618922],"extended":false,"handId":52,"id":524,"length":43.4871,"mcpPosition":[141.504,247.121,33.2051],"pipPosition":[135.184,227.095,11.1656],"stabilizedTipPosition":[127.092,213.15,32.6676],"timeVisible":4.71751,"tipPosition":[127.116,213.546,33.917],"tipVelocity":[1021.1,148.307,84.9592],"tool":false,"touchDistance":0.333333,"touchZone":"none","type":4,"width":13.6805}],"r":[[0.857075,0.43061,-0.282838],[-0.486472,0.857169,-0.169134],[0.169609,0.282553,0.944138]],"s":0.94619,"t":[-18.7199,81.8262,-51.4708],"timestamp":1130729454157},{"currentFrameRate":57.6649,"devices":[],"gestures":[{"direction":[0.985551,0.0505457,-0.161663],"duration":52018,"handIds":[52],"id":5,"pointableIds":[521],"position":[105.253,247.808,-42.517],"speed":272.571,"startPosition":[-85.2691,237.864,-1.75171],"state":"update","type":"swipe"}],"hands":[{"armBasis":[[0.992005,0.126125,-0.00432207],[-0.0884709,0.719452,0.688885],[0.0899952,-0.682995,0.724858]],"armWidth":54.6881,"confidence":1,"direction":[0.0302741,0.567425,-0.822868],"elbow":[154.455,45.8403,269.433],"grabAngle":2.86833,"grabStrength":0.012628,"id":52,"palmNormal":[0.0846967,-0.821741,-0.563532],"palmPosition":[127.809,241.878,42.6239],"palmVelocity":[1118.21,128.261,178.875],"palmWidth":79.3954,"pinchDistance":43.0872,"pinchStrength":0.538445,"r":[[0.871997,0.418888,-0.253288],[-0.468698,0.86374,-0.185136],[0.141224,0.280153,0.94951]],"s":0.941457,"sphereCenter":[126.946,219.519,10.2574],"sphereRadius":36.511,"stabilizedPalmPosition":[127.139,241.8,42.5205],"t":[-0.592618,84.2015,-49.9701],"timeVisible":4.73489,"type":"right","wrist":[133.253,206.75,98.6601]}],"id":27897,"interactionBox":{"center":[0,200,0],"size":[235.247,235.247,147.751]},"pointables":[{"bases":[[[0.986891,0.147158,-0.0662601],[-0.104138,0.894316,0.435148],[0.123293,-0.422544,0.897917]],[[0.990795,0.131335,-0.0328048],[-0.126439,0.984408,0.122287],[0.0483537,-0.117013,0.991953]],[[0.990795,0.131335,-0.0328048],[-0.135248,0.950152,-0.280927],[-0.00572587,0.282778,0.959168]],[[0.990795,0.131335,-0.0328048],[-0.131369,0.874373,-0.467133],[-0.0326671,0.467143,0.883578]]],"btipPosition":[105.364,246.228,-45.5063],"carpPosition":[114.467,227.531,81.783],"dipPosition":[104.883,253.099,-32.5091],"direction":[0.00572587,-0.282778,-0.959168],"extended":true,"handId":52,"id":521,"length":50.6302,"mcpPosition":[106.552,254.656,24.1414],"pipPosition":[104.764,258.984,-12.5493],"stabilizedTipPosition":[104.414,247.697,-42.5848],"timeVisible":4.73489,"tipPosition":[103.994,253.402,-42.9444],"tipVelocity":[1344.23,178.908,115.327],"tool":false,"touchDistance":-0.594254,"touchZone":"touching","type":1,"width":16.4795},{"bases":[[[0.330919,0.86689,0.372819],[-0.851224,0.103689,0.514457],[0.40732,-0.487596,0.772231]],[[0.219323,0.960863,0.169231],[-0.972827,0.202183,0.112822],[0.0741908,-0.189377,0.979098]],[[0.219323,0.960863,0.169231],[-0.952547,0.248408,-0.175919],[-0.211072,-0.122617,0.969749]],[[0.219323,0.960863,0.169231],[-0.843166,0.273938,-0.462632],[-0.490885,-0.0412239,0.870248]]],"btipPosition":[121.476,220.52,-9.30969],"carpPosition":[108.621,207.842,79.338],"dipPosition":[111.585,219.69,8.22519],"direction":[0.211072,0.122617,-0.969749],"extended":false,"handId":52,"id":520,"length":44.8695,"mcpPosition":[108.621,207.842,79.338],"pipPosition":[105.389,216.09,36.6917],"stabilizedTipPosition":[118.251,220.197,-5.40443],"timeVisible":4.73489,"tipPosition":[119.476,220.113,-4.53665],"tipVelocity":[1235.41,169.057,174.025],"tool":false,"touchDistance":-0.469645,"touchZone":"touching","type":0,"width":17.2524},{"bases":[[[0.997671,-0.0659115,-0.0175439],[0.0669388,0.896826,0.43729],[-0.0130886,-0.437446,0.89915]],[[0.995091,-0.0920239,0.0364043],[0.0868901,0.636359,-0.766484],[0.0473686,0.765884,0.641231]],[[0.995091,-0.0920239,0.0364043],[-0.0387132,-0.700517,-0.712585],[0.0910767,0.707678,-0.700641]],[[0.995091,-0.0920239,0.0364043],[-0.0878307,-0.990733,-0.103604],[0.045601,0.0998982,-0.993952]]],"btipPosition":[120.602,206.546,33.15],"carpPosition":[124.739,230.64,81.2636],"dipPosition":[121.34,208.163,17.0689],"direction":[-0.0910767,-0.707678,0.700641],"extended":false,"handId":52,"id":522,"length":57.689,"mcpPosition":[125.535,257.271,26.5255],"pipPosition":[123.57,225.488,-0.0843305],"stabilizedTipPosition":[119.975,206.813,29.3303],"timeVisible":4.73489,"tipPosition":[121.503,206.812,29.2398],"tipVelocity":[1091.34,140.605,171.037],"tool":false,"touchDistance":0.333333,"touchZone":"none","type":2,"width":16.1851},{"bases":[[[0.976967,-0.196985,0.0820501],[0.137596,0.875423,0.463359],[-0.163103,-0.441397,0.882364]],[[0.973593,-0.205573,0.0992777],[0.208196,0.621142,-0.755538],[0.0936526,0.756256,0.647539]],[[0.973593,-0.205573,0.0992777],[-0.0793608,-0.712526,-0.697144],[0.214052,0.670856,-0.710024]],[[0.973593,-0.205573,0.0992777],[-0.197968,-0.976832,-0.0812825],[0.113687,0.0594822,-0.991734]]],"btipPosition":[133.821,209.033,40.5265],"carpPosition":[135.443,230.955,80.7763],"dipPosition":[135.65,209.99,24.5735],"direction":[-0.214052,-0.670856,0.710024],"extended":false,"handId":52,"id":523,"length":55.4695,"mcpPosition":[144.358,255.081,32.5481],"pipPosition":[140.755,225.99,7.6394],"stabilizedTipPosition":[133.559,209.166,36.731],"timeVisible":4.73489,"tipPosition":[134.04,208.726,36.6043],"tipVelocity":[1079.13,136.203,204.757],"tool":false,"touchDistance":0.333333,"touchZone":"none","type":3,"width":15.4011},{"bases":[[[0.915269,-0.388667,0.105927],[0.272921,0.791669,0.546602],[-0.296305,-0.471378,0.830666]],[[0.909972,-0.396814,0.120372],[0.368859,0.641964,-0.67218],[0.189456,0.656065,0.730538]],[[0.909972,-0.396814,0.120372],[-0.158884,-0.60178,-0.782698],[0.383023,0.693108,-0.610651]],[[0.909972,-0.396814,0.120372],[-0.365424,-0.904583,-0.219532],[0.196,0.155781,-0.968151]]],"btipPosition":[146.127,214.878,39.9194],"carpPosition":[146.261,224.983,79.5372],"dipPosition":[149.035,217.19,25.5521],"direction":[-0.383023,-0.693108,0.61065],"extended":false,"handId":52,"id":524,"length":43.4871,"mcpPosition":[161.252,248.833,37.5086],"pipPosition":[155.485,228.861,15.2692],"stabilizedTipPosition":[146.203,215.342,36.4962],"timeVisible":4.73489,"tipPosition":[146.332,215.487,37.6252],"tipVelocity":[1094.4,124.368,223.896],"tool":false,"touchDistance":0.333333,"touchZone":"none","type":4,"width":13.6805}],"r":[[0.871997,0.418888,-0.253288],[-0.468698,0.86374,-0.185136],[0.141224,0.280153,0.94951]],"s":0.941457,"t":[-0.592618,84.2015,-49.9701],"timestamp":1130729471534},{"currentFrameRate":57.6449,"devices":[],"gestures":[{"direction":[0.989148,0.0612179,-0.133564],"duration":69432,"handIds":[52],"id":5,"pointableIds":[521],"position":[130.783,251.106,-39.3358],"speed":285.842,"startPosition":[-85.2691,237.864,-1.75171],"state":"update","type":"swipe"}],"hands":[{"armBasis":[[0.989546,0.125694,0.0707125],[-0.139495,0.709724,0.690531],[0.036609,-0.693176,0.719838]],"armWidth":54.6881,"confidence":1,"direction":[0.0751136,0.573658,-0.815643],"elbow":[157.983,43.7116,273.08],"grabAngle":2.85238,"grabStrength":0,"id":52,"palmNormal":[0.128783,-0.816685,-0.562531],"palmPosition":[147.17,242.546,47.5023],"palmVelocity":[1111.84,38.3828,280.142],"palmWidth":79.3954,"pinchDistance":42.2762,"pinchStrength":0.529019,"r":[[0.884982,0.41157,-0.217752],[-0.453434,0.868076,-0.202095],[0.105849,0.277586,0.954852]],"s":0.940695,"sphereCenter":[149.787,220.333,15.0062],"sphereRadius":36.7477,"stabilizedPalmPosition":[146.55,242.523,47.3481],"t":[18.1518,85.7234,-46.7805],"timeVisible":4.75231,"type":"right","wrist":[149.358,207.02,103.49]}],"id":27898,"interactionBox":{"center":[0,200,0],"size":[235.247,235.247,147.751]},"pointables":[{"bases":[[[0.987398,0.158214,-0.00364622],[-0.141002,0.889974,0.433664],[0.0718569,-0.427685,0.901067]],[[0.989895,0.133395,0.0480993],[-0.138723,0.98129,0.13351],[-0.0293897,-0.138834,0.989879]],[[0.989895,0.133395,0.0480993],[-0.118281,0.963838,-0.238802],[-0.0782151,0.2307,0.969876]],[[0.989895,0.133395,0.0480993],[-0.103016,0.909595,-0.402522],[-0.0974455,0.3935,0.914146]]],"btipPosition":[131.113,249.775,-42.4286],"carpPosition":[131.578,227.774,85.6587],"dipPosition":[129.679,255.563,-28.9817],"direction":[0.0782151,-0.2307,-0.969876],"extended":true,"handId":52,"id":521,"length":50.6302,"mcpPosition":[126.965,255.229,27.8149],"pipPosition":[128.052,260.364,-8.79914],"stabilizedTipPosition":[130.141,251.023,-39.415],"timeVisible":4.75231,"tipPosition":[128.92,253.948,-39.3109],"tipVelocity":[1466.06,189.387,182.675],"tool":false,"touchDistance":-0.515446,"touchZone":"touching","type":1,"width":16.4795},{"bases":[[[0.29737,0.86767,0.398397],[-0.882707,0.0908235,0.461063],[0.363866,-0.488774,0.792907]],[[0.203319,0.958371,0.200468],[-0.978906,0.194759,0.0617471],[0.0201337,-0.208793,0.977752]],[[0.203319,0.958371,0.200468],[-0.939994,0.248356,-0.233946],[-0.273995,-0.140873,0.951358]],[[0.203319,0.958371,0.200468],[-0.811254,0.279529,-0.513547],[-0.548205,-0.0582166,0.834315]]],"btipPosition":[144.326,222.444,-4.60023],"carpPosition":[126.115,208.041,82.725],"dipPosition":[133.281,221.271,12.2106],"direction":[0.273995,0.140873,-0.951358],"extended":false,"handId":52,"id":520,"length":44.8695,"mcpPosition":[126.115,208.041,82.725],"pipPosition":[125.238,217.136,40.1373],"stabilizedTipPosition":[140.99,222.107,-0.891706],"timeVisible":4.75231,"tipPosition":[142.019,221.104,-0.258242],"tipVelocity":[1296.94,105.943,260.878],"tool":false,"touchDistance":-0.38287,"touchZone":"touching","type":0,"width":17.2524},{"bases":[[[0.997501,-0.0550748,0.0442494],[0.0295709,0.894304,0.446482],[-0.0641623,-0.444058,0.893698]],[[0.991859,-0.0816031,0.0977595],[0.12734,0.63953,-0.758146],[-0.000653101,0.764423,0.644715]],[[0.991859,-0.0816031,0.0977595],[0.0125004,-0.701592,-0.71247],[0.126727,0.707891,-0.69486]],[[0.991859,-0.0816031,0.0977595],[-0.0709618,-0.991639,-0.107782],[0.105737,0.0999672,-0.989356]]],"btipPosition":[140.946,207.36,37.6588],"carpPosition":[141.826,230.997,85.801],"dipPosition":[142.656,208.977,21.6521],"direction":[-0.126727,-0.707891,0.69486],"extended":false,"handId":52,"id":522,"length":57.689,"mcpPosition":[145.732,258.03,31.3948],"pipPosition":[145.759,226.308,4.64035],"stabilizedTipPosition":[140.617,207.701,33.8202],"timeVisible":4.75231,"tipPosition":[142.086,207.517,33.531],"tipVelocity":[1181.09,46.7325,259.9],"tool":false,"touchDistance":0.333333,"touchZone":"none","type":2,"width":16.1851},{"bases":[[[0.972101,-0.18708,0.141498],[0.0987019,0.873472,0.476764],[-0.212787,-0.449496,0.867568]],[[0.963677,-0.203378,0.173101],[0.263743,0.622725,-0.73665],[0.042024,0.755547,0.653745]],[[0.963677,-0.203378,0.173101],[-0.0248292,-0.713566,-0.700148],[0.265914,0.670418,-0.692697]],[[0.963677,-0.203378,0.173101],[-0.188141,-0.97699,-0.100468],[0.189551,0.0642513,-0.979766]]],"btipPosition":[153.158,209.912,45.6983],"carpPosition":[152.535,231.43,85.984],"dipPosition":[156.207,210.946,29.9378],"direction":[-0.265914,-0.670418,0.692697],"extended":false,"handId":52,"id":523,"length":55.4695,"mcpPosition":[164.166,255.998,38.5645],"pipPosition":[162.549,226.935,13.417],"stabilizedTipPosition":[153.179,210.117,41.8941],"timeVisible":4.75231,"tipPosition":[154.125,209.528,41.6785],"tipVelocity":[1126.55,51.4761,299.535],"tool":false,"touchDistance":0.333333,"touchZone":"none","type":3,"width":15.4011},{"bases":[[[0.911179,-0.379581,0.160225],[0.229508,0.790575,0.56773],[-0.342169,-0.480531,0.807472]],[[0.900321,-0.394057,0.184772],[0.41401,0.64449,-0.642829],[0.134227,0.65525,0.743391]],[[0.900321,-0.394057,0.184772],[-0.101993,-0.603749,-0.790623],[0.423106,0.692969,-0.583759]],[[0.900321,-0.394057,0.184772],[-0.345335,-0.905182,-0.24777],[0.264888,0.159265,-0.951036]]],"btipPosition":[165.646,215.917,45.8401],"carpPosition":[163.475,225.584,85.3824],"dipPosition":[169.577,218.28,31.7267],"direction":[-0.423106,-0.692969,0.583759],"extended":false,"handId":52,"id":524,"length":43.4871,"mcpPosition":[180.788,249.897,44.5274],"pipPosition":[176.702,229.949,21.8968],"stabilizedTipPosition":[165.881,216.424,42.3934],"timeVisible":4.75231,"tipPosition":[166.268,216.394,43.4782],"tipVelocity":[1134.41,60.3548,343.351],"tool":false,"touchDistance":0.333333,"touchZone":"none","type":4,"width":13.6805}],"r":[[0.884982,0.41157,-0.217752],[-0.453434,0.868076,-0.202095],[0.105849,0.277586,0.954852]],"s":0.940695,"t":[18.1518,85.7234,-46.7805],"timestamp":1130729488948},{"currentFrameRate":57.6655,"devices":[],"gestures":[{"direction":[0.99481,0.0618081,-0.0808277],"duration":86705,"handIds":[52],"id":5,"pointableIds":[521],"position":[155.791,252.494,-34.7174],"speed":298.713,"startPosition":[-85.2691,237.864,-1.75171],"state":"update","type":"swipe"}],"hands":[{"armBasis":[[0.978855,0.134232,0.154356],[-0.203839,0.703246,0.681098],[-0.0171251,-0.69816,0.715737]],"armWidth":54.6881,"confidence":1,"direction":[0.125601,0.596574,-0.792669],"elbow":[158.81,39.399,276.538],"grabAngle":2.84835,"grabStrength":0,"id":52,"palmNormal":[0.187516,-0.79887,-0.571528],"palmPosition":[164.339,240.713,52.7336],"palmVelocity":[993.995,-106.135,302.864],"palmWidth":79.3954,"pinchDistance":42.265,"pinchStrength":0.513574,"r":[[0.895546,0.409893,-0.173163],[-0.440684,0.870887,-0.217608],[0.0616096,0.271188,0.960553]],"s":0.940471,"sphereCenter":[171.707,219.287,20.1941],"sphereRadius":36.948,"stabilizedPalmPosition":[163.72,240.776,52.5462],"t":[36.1087,85.5677,-42.57],"timeVisible":4.76958,"type":"right","wrist":[162.844,203.882,107.914]}],"id":27899,"interactionBox":{"center":[0,200,0],"size":[235.247,235.247,147.751]},"pointables":[{"bases":[[[0.981457,0.175928,0.0761027],[-0.191338,0.875357,0.444004],[0.0114959,-0.450332,0.892787]],[[0.979028,0.137965,0.149901],[-0.161837,0.973613,0.160895],[-0.123747,-0.18178,0.975522]],[[0.979028,0.137965,0.149901],[-0.106227,0.973556,-0.202249],[-0.17384,0.182083,0.967794]],[[0.979028,0.137965,0.149901],[-0.0735364,0.925503,-0.371533],[-0.189992,0.352718,0.916239]]],"btipPosition":[156.434,251.301,-37.8173],"carpPosition":[146.182,224.645,89.1949],"dipPosition":[153.639,256.489,-24.3396],"direction":[0.17384,-0.182083,-0.967794],"extended":true,"handId":52,"id":521,"length":50.6302,"mcpPosition":[145.444,253.554,31.8827],"pipPosition":[150.021,260.278,-4.20031],"stabilizedTipPosition":[155.253,252.463,-34.8158],"timeVisible":4.76958,"tipPosition":[152.89,253.932,-34.8857],"tipVelocity":[1447.79,80.3508,267.38],"tool":false,"touchDistance":-0.422957,"touchZone":"touching","type":1,"width":16.4795},{"bases":[[[0.248804,0.861867,0.441906],[-0.916906,0.0625928,0.394164],[0.312057,-0.503256,0.805825]],[[0.173325,0.952079,0.252001],[-0.983888,0.17878,0.00126893],[-0.0438446,-0.24816,0.967726]],[[0.173325,0.952079,0.252001],[-0.926281,0.244521,-0.286728],[-0.334607,-0.183726,0.924274]],[[0.173325,0.952079,0.252001],[-0.784608,0.28814,-0.548968],[-0.595272,-0.102572,0.79695]]],"btipPosition":[165.079,223.173,0.010777],"carpPosition":[141.353,204.904,85.3514],"dipPosition":[153.085,221.107,16.0687],"direction":[0.334607,0.183726,-0.924274],"extended":false,"handId":52,"id":520,"length":44.8695,"mcpPosition":[141.353,204.904,85.3514],"pipPosition":[143.263,215.713,43.2004],"stabilizedTipPosition":[161.679,222.68,3.56598],"timeVisible":4.76958,"tipPosition":[163.19,220.659,4.14909],"tipVelocity":[1188.82,30.3208,256.924],"tool":false,"touchDistance":-0.306349,"touchZone":"touching","type":0,"width":17.2524},{"bases":[[[0.992128,-0.0383527,0.119207],[-0.0223577,0.882398,0.469971],[-0.123213,-0.468937,0.874595]],[[0.982955,-0.066403,0.171437],[0.172046,0.660949,-0.730442],[-0.0648077,0.747487,0.661108]],[[0.982955,-0.066403,0.171437],[0.0795478,-0.687072,-0.722221],[0.165747,0.723548,-0.670079]],[[0.982955,-0.066403,0.171437],[-0.0433443,-0.98991,-0.134904],[0.178665,0.125174,-0.975915]]],"btipPosition":[159.565,205.836,41.7208],"carpPosition":[156.324,228.047,90.2044],"dipPosition":[162.456,207.862,25.9315],"direction":[-0.165747,-0.723548,0.670079],"extended":false,"handId":52,"id":522,"length":57.689,"mcpPosition":[163.825,256.595,36.9611],"pipPosition":[166.514,225.576,9.52648],"stabilizedTipPosition":[159.64,206.344,37.9607],"timeVisible":4.76958,"tipPosition":[161.022,205.989,37.5375],"tipVelocity":[1093.68,-82.7762,238.059],"tool":false,"touchDistance":0.333333,"touchZone":"none","type":2,"width":16.1851},{"bases":[[[0.962026,-0.173352,0.210842],[0.0446661,0.862005,0.504928],[-0.269277,-0.476337,0.837015]],[[0.944148,-0.201603,0.260653],[0.328344,0.64236,-0.692506],[-0.0278222,0.739412,0.672678]],[[0.944148,-0.201603,0.260653],[0.047417,-0.699655,-0.712905],[0.326091,0.685448,-0.651019]],[[0.944148,-0.201603,0.260653],[-0.168574,-0.975168,-0.143632],[0.283137,0.0916704,-0.954688]]],"btipPosition":[170.434,208.437,50.4777],"carpPosition":[166.977,228.667,91.2191],"dipPosition":[174.988,209.912,35.1207],"direction":[-0.326091,-0.685448,0.651019],"extended":false,"h