{"frames":68,"data":[{"currentFrameRate":57.6746,"devices":[],"gestures":[],"hands":[{"armBasis":[[0.94922,-0.141671,-0.28091],[0.257399,0.863117,0.434483],[0.180904,-0.484726,0.855754]],"armWidth":53.0314,"confidence":1,"direction":[0.251711,0.727217,-0.63859],"elbow":[75.4699,29.6072,272.215],"grabAngle":2.54009,"grabStrength":1,"id":161,"palmNormal":[-0.168097,-0.616955,-0.768837],"palmPosition":[39.139,186.55,27.5401],"palmVelocity":[-2.29438,-1.65497,-3.97271],"palmWidth":77.8763,"pinchDistance":26.0954,"pinchStrength":0.836023,"r":[[0.965713,0.179517,-0.18754],[-0.196091,0.977807,-0.0737708],[0.170135,0.108016,0.979483]],"s":1.17247,"sphereCenter":[40.5526,173.784,-12.1107],"sphereRadius":36.69,"stabilizedPalmPosition":[37.5239,185.426,26.4921],"t":[-84.7555,48.3426,-30.0845],"timeVisible":19.3038,"type":"right","wrist":[33.6653,141.621,74.461]}],"id":128399,"interactionBox":{"center":[0,200,0],"size":[235.247,235.247,147.751]},"pointables":[{"bases":[[[0.582989,0.572656,0.576359],[-0.790102,0.234242,0.566454],[0.189376,-0.785618,0.589017]],[[0.396417,0.900109,0.180715],[-0.861676,0.296861,0.411568],[0.316809,-0.31887,0.893283]],[[0.396417,0.900109,0.180715],[-0.917505,0.381512,0.112399],[0.0322267,-0.210363,0.977092]],[[0.396417,0.900109,0.180715],[-0.869485,0.431279,-0.240819],[-0.294702,-0.0616637,0.953598]]],"btipPosition":[-0.110532,173.262,-28.4726],"carpPosition":[8.79927,152.766,54.0695],"dipPosition":[-5.61238,172.111,-10.6697],"direction":[-0.0322267,0.210363,-0.977092],"extended":false,"handId":161,"id":1610,"length":41.5735,"mcpPosition":[8.79927,152.766,54.0695],"pipPosition":[-4.73587,166.39,15.9055],"stabilizedTipPosition":[-1.97812,172.431,-22.6358],"timeVisible":19.3038,"tipPosition":[-3.79253,174.025,-23.8202],"tipVelocity":[-3.62667,-6.48902,-3.16074],"tool":false,"touchDistance":-0.251981,"touchZone":"touching","type":0,"width":16.6432},{"bases":[[[0.852156,-0.522694,-0.0249006],[0.399703,0.619455,0.675658],[-0.337738,-0.585719,0.736795]],[[0.867775,-0.493174,-0.0612049],[0.493755,0.869578,-0.00629477],[0.0563268,-0.0247578,0.998105]],[[0.867775,-0.493174,-0.0612049],[0.105779,0.303639,-0.946897],[0.485569,0.815219,0.315658]],[[0.867775,-0.493174,-0.0612049],[-0.203432,-0.240155,-0.949179],[0.453412,0.836125,-0.308728]]],"btipPosition":[39.6561,166,-17.2314],"carpPosition":[41.0447,164.192,60.2174],"dipPosition":[46.4139,178.462,-21.8328],"direction":[-0.485569,-0.815219,-0.315658],"extended":false,"handId":161,"id":1613,"length":51.395,"mcpPosition":[59.1516,195.594,20.7163],"pipPosition":[57.144,196.476,-14.8574],"stabilizedTipPosition":[40.6546,168.496,-16.999],"timeVisible":19.3038,"tipPosition":[43.2003,172.192,-22.1494],"tipVelocity":[-3.36646,-3.6419,-4.95708],"tool":false,"touchDistance":0.0340766,"touchZone":"hovering","type":3,"width":14.8573},{"bases":[[[0.729505,-0.682091,-0.0507508],[0.49596,0.476419,0.725981],[-0.471006,-0.554777,0.685839]],[[0.73822,-0.671553,-0.0636205],[0.67382,0.73854,0.0229293],[0.031588,-0.0597956,0.997711]],[[0.73822,-0.671553,-0.0636205],[0.19305,0.300697,-0.933977],[0.646345,0.677199,0.351624]],[[0.73822,-0.671553,-0.0636205],[-0.211634,-0.141022,-0.967121],[0.640501,0.727413,-0.246229]]],"btipPosition":[52.7522,164.381,-7.36515],"carpPosition":[49.1592,155.729,56.914],"dipPosition":[61.559,174.383,-10.7508],"direction":[-0.646345,-0.677199,-0.351624],"extended":false,"handId":161,"id":1614,"length":40.2927,"mcpPosition":[72.5344,183.262,22.877],"pipPosition":[71.6434,184.949,-5.26468],"stabilizedTipPosition":[53.6073,165.851,-6.12719],"timeVisible":19.3038,"tipPosition":[58.0597,169.677,-11.6232],"tipVelocity":[-3.47765,-3.82114,-4.09287],"tool":false,"touchDistance":-0.0553444,"touchZone":"touching","type":4,"width":13.1974},{"bases":[[[0.981825,-0.174497,-0.0746383],[0.179308,0.723967,0.666123],[-0.0622012,-0.6674,0.742097]],[[0.982896,-0.160745,-0.0898737],[0.174833,0.967806,0.181068],[0.0578746,-0.193684,0.979355]],[[0.982896,-0.160745,-0.0898737],[0.0198638,0.577698,-0.816009],[0.183089,0.800266,0.57101]],[[0.982896,-0.160745,-0.0898737],[-0.0973384,-0.0391665,-0.99448],[0.156337,0.986219,-0.0541432]]],"btipPosition":[16.7691,187.465,-29.2469],"carpPosition":[20.4968,167.675,61.3159],"dipPosition":[18.8998,200.906,-29.9848],"direction":[-0.183089,-0.800266,-0.57101],"extended":false,"handId":161,"id":1611,"length":46.9111,"mcpPosition":[24.4134,209.698,14.5886],"pipPosition":[22.43,216.336,-18.9752],"stabilizedTipPosition":[16.8859,190.47,-28.7646],"timeVisible":19.3038,"tipPosition":[18.2161,193.651,-31.0672],"tipVelocity":[-3.02245,-2.04736,-5.80518],"tool":false,"touchDistance":-0.158167,"touchZone":"touching","type":1,"width":15.8976},{"bases":[[[0.919345,-0.383906,-0.0861489],[0.341306,0.669215,0.660046],[-0.195744,-0.636213,0.746269]],[[0.929935,-0.342654,-0.13345],[0.354396,0.931948,0.0766567],[0.098102,-0.11858,0.988086]],[[0.929935,-0.342654,-0.13345],[0.0354731,0.444808,-0.894923],[0.366009,0.827486,0.425798]],[[0.929935,-0.342654,-0.13345],[-0.203618,-0.177629,-0.962802],[0.306203,0.922516,-0.234954]]],"btipPosition":[26.049,177.196,-27.556],"carpPosition":[31.0252,167.247,61.1342],"dipPosition":[30.6391,191.025,-31.0781],"direction":[-0.366009,-0.827486,-0.425798],"extended":false,"handId":161,"id":1612,"length":53.4514,"mcpPosition":[42.7136,205.237,16.5723],"pipPosition":[38.9416,209.796,-21.4194],"stabilizedTipPosition":[26.8361,180.377,-27.6223],"timeVisible":19.3038,"tipPosition":[27.7866,181.982,-30.1896],"tipVelocity":[-3.67529,-3.01054,-5.91005],"tool":false,"touchDistance":-0.100521,"touchZone":"touching","type":2,"width":15.6135}],"r":[[0.965713,0.179517,-0.18754],[-0.196091,0.977807,-0.0737708],[0.170135,0.108016,0.979483]],"s":1.17247,"t":[-84.7555,48.3426,-30.0845],"timestamp":1132369121116},{"currentFrameRate":57.6634,"devices":[],"gestures":[],"hands":[{"armBasis":[[0.949504,-0.141848,-0.279858],[0.257221,0.862685,0.435444],[0.179662,-0.485441,0.85561]],"armWidth":53.0314,"confidence":1,"direction":[0.251845,0.725354,-0.640653],"elbow":[75.2188,29.4098,272.146],"grabAngle":2.53303,"grabStrength":1,"id":161,"palmNormal":[-0.168504,-0.619012,-0.767092],"palmPosition":[39.1932,186.41,27.3999],"palmVelocity":[3.11845,-8.05339,-8.06629],"palmWidth":77.8763,"pinchDistance":26.2646,"pinchStrength":0.831204,"r":[[0.965718,0.179002,-0.18801],[-0.195759,0.977813,-0.0745598],[0.170492,0.108808,0.979333]],"s":1.17313,"sphereCenter":[40.6439,173.486,-12.26],"sphereRadius":36.7705,"stabilizedPalmPosition":[37.5279,185.428,26.4943],"t":[-84.7509,48.2566,-30.1828],"timeVisible":19.3211,"type":"right","wrist":[33.7012,141.589,74.426]}],"id":128400,"interactionBox":{"center":[0,200,0],"size":[235.247,235.247,147.751]},"pointables":[{"bases":[[[0.583336,0.574023,0.574645],[-0.789885,0.236107,0.565981],[0.189208,-0.784061,0.591142]],[[0.396486,0.900699,0.177598],[-0.861604,0.2983,0.410676],[0.316918,-0.315847,0.894317]],[[0.396486,0.900699,0.177598],[-0.917419,0.381616,0.112744],[0.0337741,-0.207633,0.977623]],[[0.396486,0.900699,0.177598],[-0.870363,0.430326,-0.239346],[-0.292004,-0.0596775,0.954553]]],"btipPosition":[-0.160367,172.967,-28.5894],"carpPosition":[8.84655,152.711,54.0293],"dipPosition":[-5.61185,171.853,-10.7686],"direction":[-0.0337741,0.207633,-0.977623],"extended":false,"handId":161,"id":1610,"length":41.5735,"mcpPosition":[8.84655,152.711,54.0293],"pipPosition":[-4.69325,166.205,15.821],"stabilizedTipPosition":[-1.97198,172.434,-22.6561],"timeVisible":19.3211,"tipPosition":[-3.74212,173.754,-23.9191],"tipVelocity":[-2.201,-16.5121,-6.48043],"tool":false,"touchDistance":-0.253858,"touchZone":"touching","type":0,"width":16.6432},{"bases":[[[0.851952,-0.523086,-0.0236467],[0.40009,0.621166,0.673855],[-0.337796,-0.583553,0.738485]],[[0.867474,-0.493877,-0.0597884],[0.49446,0.869182,-0.00563744],[0.0547512,-0.0246727,0.998195]],[[0.867474,-0.493877,-0.0597884],[0.109688,0.307104,-0.945334],[0.485239,0.813494,0.320577]],[[0.867474,-0.493877,-0.0597884],[-0.200254,-0.236643,-0.950736],[0.455398,0.836711,-0.304182]]],"btipPosition":[39.746,165.859,-17.5807],"carpPosition":[41.0977,164.142,60.1384],"dipPosition":[46.5334,178.33,-22.1143],"direction":[-0.485239,-0.813494,-0.320577],"extended":false,"handId":161,"id":1613,"length":51.395,"mcpPosition":[59.2077,195.427,20.5467],"pipPosition":[57.2563,196.307,-15.0302],"stabilizedTipPosition":[40.6566,168.497,-17.0039],"timeVisible":19.3211,"tipPosition":[43.2023,171.854,-22.1838],"tipVelocity":[5.56806,-7.94741,-19.1998],"tool":false,"touchDistance":0.0285154,"touchZone":"hovering","type":3,"width":14.8573},{"bases":[[[0.729233,-0.682506,-0.0490293],[0.496304,0.478233,0.724552],[-0.471064,-0.552701,0.687474]],[[0.737675,-0.672347,-0.0615172],[0.674503,0.737901,0.0233864],[0.0296698,-0.0587451,0.997832]],[[0.737675,-0.672347,-0.0615172],[0.197904,0.302444,-0.932395],[0.645499,0.675631,0.356166]],[[0.737675,-0.672347,-0.0615172],[-0.206862,-0.138344,-0.96854],[0.642684,0.727193,-0.241136]]],"btipPosition":[52.8414,164.213,-7.648],"carpPosition":[49.2082,155.667,56.8566],"dipPosition":[61.6783,174.212,-10.9636],"direction":[-0.645499,-0.675631,-0.356166],"extended":false,"handId":161,"id":1614,"length":40.2927,"mcpPosition":[72.5863,183.096,22.7385],"pipPosition":[71.7494,184.753,-5.40663],"stabilizedTipPosition":[53.6073,165.851,-6.12719],"timeVisible":19.3211,"tipPosition":[58.0558,169.383,-11.6767],"tipVelocity":[5.52919,-9.68956,-15.3487],"tool":false,"touchDistance":-0.0597902,"touchZone":"touching","type":4,"width":13.1974},{"bases":[[[0.981741,-0.175077,-0.0743749],[0.179732,0.725736,0.664081],[-0.0622891,-0.665324,0.743952]],[[0.98279,-0.161745,-0.0892288],[0.175611,0.967925,0.17967],[0.0573061,-0.192247,0.979672]],[[0.98279,-0.161745,-0.0892288],[0.0214327,0.579617,-0.814607],[0.183477,0.798675,0.573109]],[[0.98279,-0.161745,-0.0892288],[-0.0961894,-0.0357114,-0.994722],[0.157705,0.986186,-0.050655]]],"btipPosition":[16.8225,187.277,-29.5465],"carpPosition":[20.5514,167.635,61.2319],"dipPosition":[18.972,200.718,-30.2369],"direction":[-0.183477,-0.798675,-0.573109],"extended":false,"handId":161,"id":1611,"length":46.9111,"mcpPosition":[24.4735,209.528,14.3878],"pipPosition":[22.5096,216.117,-19.1869],"stabilizedTipPosition":[16.8875,190.47,-28.7681],"timeVisible":19.3211,"tipPosition":[18.2489,193.322,-31.2046],"tipVelocity":[3.3231,-10.8422,-16.6131],"tool":false,"touchDistance":-0.162979,"touchZone":"touching","type":1,"width":15.8976},{"bases":[[[0.919179,-0.384493,-0.0852931],[0.341709,0.670906,0.658119],[-0.195819,-0.634075,0.748067]],[[0.92971,-0.343687,-0.132359],[0.355291,0.931615,0.0765609],[0.0969951,-0.118206,0.988241]],[[0.92971,-0.343687,-0.132359],[0.0384848,0.448078,-0.893166],[0.366277,0.825291,0.429809]],[[0.92971,-0.343687,-0.132359],[-0.201482,-0.173796,-0.96395],[0.308294,0.922862,-0.230826]]],"btipPosition":[26.113,177.055,-27.9074],"carpPosition":[31.0796,167.203,61.049],"dipPosition":[30.7345,190.889,-31.3676],"direction":[-0.366277,-0.825291,-0.429809],"extended":false,"handId":161,"id":1612,"length":53.4514,"mcpPosition":[42.7725,205.065,16.3798],"pipPosition":[39.0431,209.61,-21.6178],"stabilizedTipPosition":[26.8374,180.376,-27.6263],"timeVisible":19.3211,"tipPosition":[27.8148,181.662,-30.2863],"tipVelocity":[4.09689,-8.0714,-19.3977],"tool":false,"touchDistance":-0.10614,"touchZone":"touching","type":2,"width":15.6135}],"r":[[0.965718,0.179002,-0.18801],[-0.195759,0.977813,-0.0745598],[0.170492,0.108808,0.979333]],"s":1.17313,"t":[-84.7509,48.2566,-30.1828],"timestamp":1132369138495},{"currentFrameRate":57.6599,"devices":[],"gestures":[],"hands":[{"armBasis":[[0.952267,-0.135157,-0.273714],[0.248721,0.863383,0.438986],[0.176987,-0.48611,0.855788]],"armWidth":53.0314,"confidence":1,"direction":[0.249688,0.719717,-0.647814],"elbow":[74.7421,29.437,272.266],"grabAngle":2.51486,"grabStrength":1,"id":161,"palmNormal":[-0.162577,-0.628349,-0.760754],"palmPosition":[39.2505,186.195,27.08],"palmVelocity":[3.30277,-12.3882,-18.4287],"palmWidth":77.8763,"pinchDistance":27.3373,"pinchStrength":0.800665,"r":[[0.96563,0.179286,-0.188189],[-0.196571,0.977425,-0.0774592],[0.170053,0.111789,0.979074]],"s":1.17688,"sphereCenter":[41.0026,172.757,-12.5686],"sphereRadius":37.0384,"stabilizedPalmPosition":[37.5311,185.43,26.4954],"t":[-84.72,48.106,-30.3919],"timeVisible":19.3385,"type":"right","wrist":[33.8427,141.771,74.5052]}],"id":128401,"interactionBox":{"center":[0,200,0],"size":[235.247,235.247,147.751]},"pointables":[{"bases":[[[0.578256,0.583636,0.570077],[-0.792978,0.237758,0.560942],[0.191845,-0.776427,0.600296]],[[0.390459,0.905098,0.168343],[-0.864097,0.29722,0.406198],[0.317614,-0.304069,0.898144]],[[0.390459,0.905098,0.168343],[-0.919926,0.376487,0.109512],[0.0357395,-0.197623,0.979626]],[[0.390459,0.905098,0.168343],[-0.873988,0.421891,-0.241149],[-0.289286,-0.0529712,0.955776]]],"btipPosition":[-0.126622,171.972,-28.8739],"carpPosition":[9.01422,152.617,53.9855],"dipPosition":[-5.52737,170.983,-11.0304],"direction":[-0.0357395,0.197623,-0.979626],"extended":false,"handId":161,"id":1610,"length":41.5735,"mcpPosition":[9.01422,152.617,53.9855],"pipPosition":[-4.55531,165.608,15.6138],"stabilizedTipPosition":[-1.94887,172.407,-22.737],"timeVisible":19.3385,"tipPosition":[-3.41663,172.714,-24.2366],"tipVelocity":[2.61682,-55.6916,-16.0931],"tool":false,"touchDistance":-0.258513,"touchZone":"touching","type":0,"width":16.6432},{"bases":[[[0.854996,-0.518409,-0.0153003],[0.394436,0.630811,0.668205],[-0.336751,-0.577347,0.74382]],[[0.869724,-0.491013,-0.0498567],[0.4913,0.870961,-0.00716411],[0.0469409,-0.0182638,0.998731]],[[0.869724,-0.491013,-0.0498567],[0.118997,0.306665,-0.94435],[0.478977,0.815391,0.325143]],[[0.869724,-0.491013,-0.0498567],[-0.189232,-0.238464,-0.952537],[0.455819,0.837879,-0.300314]]],"btipPosition":[40.1832,165.396,-18.1158],"carpPosition":[41.1804,164.299,60.067],"dipPosition":[46.9769,177.884,-22.5918],"direction":[-0.478977,-0.815391,-0.325143],"extended":false,"handId":161,"id":1613,"length":51.395,"mcpPosition":[59.2344,195.252,20.1892],"pipPosition":[57.5613,195.903,-15.4068],"stabilizedTipPosition":[40.6611,168.496,-17.0128],"timeVisible":19.3385,"tipPosition":[43.4407,171.028,-22.226],"tipVelocity":[25.2723,-26.4807,-30.0692],"tool":false,"touchDistance":0.0198178,"touchZone":"hovering","type":3,"width":14.8573},{"bases":[[[0.73327,-0.6788,-0.0393034],[0.491307,0.488998,0.720763],[-0.470035,-0.547824,0.692067]],[[0.740296,-0.670436,-0.0497674],[0.671933,0.740264,0.022698],[0.0216234,-0.0502436,0.998503]],[[0.740296,-0.670436,-0.0497674],[0.208592,0.299439,-0.931035],[0.639102,0.67886,0.361521]],[[0.740296,-0.670436,-0.0497674],[-0.194054,-0.142224,-0.970626],[0.643665,0.728209,-0.235389]]],"btipPosition":[53.2447,163.835,-8.01082],"carpPosition":[49.3494,155.835,56.9032],"dipPosition":[62.0951,173.848,-11.2474],"direction":[-0.639102,-0.67886,-0.361521],"extended":false,"handId":161,"id":1614,"length":40.2927,"mcpPosition":[72.6764,183.022,22.5571],"pipPosition":[72.0664,184.44,-5.60688],"stabilizedTipPosition":[53.6073,165.851,-6.12719],"timeVisible":19.3385,"tipPosition":[58.2619,168.787,-11.681],"tipVelocity":[23.4191,-21.6012,-19.8587],"tool":false,"touchDistance":-0.0655343,"touchZone":"touching","type":4,"width":13.1974},{"bases":[[[0.982952,-0.170237,-0.0694538],[0.173516,0.733999,0.656611],[-0.0608006,-0.657469,0.751025]],[[0.983786,-0.159887,-0.0812439],[0.172531,0.967411,0.185332],[0.0489641,-0.196344,0.979312]],[[0.983786,-0.159887,-0.0812439],[0.0312663,0.59897,-0.800161],[0.176598,0.784647,0.594257]],[[0.983786,-0.159887,-0.0812439],[-0.0842199,-0.0119138,-0.996376],[0.15834,0.987063,-0.0251863]]],"btipPosition":[17.1984,187.231,-30.907],"carpPosition":[20.6111,167.686,61.0594],"dipPosition":[19.3565,200.684,-31.2502],"direction":[-0.176598,-0.784647,-0.594257],"extended":false,"handId":161,"id":1611,"length":46.9111,"mcpPosition":[24.4395,209.084,13.7699],"pipPosition":[22.7615,215.813,-19.7924],"stabilizedTipPosition":[16.8899,190.469,-28.7747],"timeVisible":19.3385,"tipPosition":[18.3896,192.183,-31.6069],"tipVelocity":[21.7734,-2.44567,-73.788],"tool":false,"touchDistance":-0.184322,"touchZone":"touching","type":1,"width":15.8976},{"bases":[[[0.921622,-0.380116,-0.0782608],[0.335821,0.680039,0.651745],[-0.194519,-0.626944,0.754389]],[[0.931883,-0.340638,-0.12474],[0.351223,0.933258,0.0753172],[0.0907584,-0.113998,0.989327]],[[0.931883,-0.340638,-0.12474],[0.0452107,0.450241,-0.891762],[0.359931,0.825378,0.434972]],[[0.931883,-0.340638,-0.12474],[-0.19316,-0.174884,-0.965456],[0.307056,0.923786,-0.228769]]],"btipPosition":[26.5002,176.561,-28.6103],"carpPosition":[31.1422,167.312,60.9133],"dipPosition":[31.1032,190.409,-32.0397],"direction":[-0.359931,-0.825378,-0.434972],"extended":false,"handId":161,"id":1612,"length":53.4514,"mcpPosition":[42.7574,204.748,15.8666],"pipPosition":[39.2678,209.131,-22.1728],"stabilizedTipPosition":[26.842,180.372,-27.6377],"timeVisible":19.3385,"tipPosition":[28.0591,180.71,-30.5396],"tipVelocity":[22.0668,-28.3017,-40.094],"tool":false,"touchDistance":-0.117737,"touchZone":"touching","type":2,"width":15.6135}],"r":[[0.96563,0.179286,-0.188189],[-0.196571,0.977425,-0.0774592],[0.170053,0.111789,0.979074]],"s":1.17688,"t":[-84.72,48.106,-30.3919],"timestamp":1132369155850},{"currentFrameRate":57.6466,"devices":[],"gestures":[],"hands":[{"armBasis":[[0.958237,-0.117015,-0.260938],[0.227484,0.864835,0.447562],[0.173297,-0.48823,0.855336]],"armWidth":53.0314,"confidence":1,"direction":[0.238109,0.708992,-0.663804],"elbow":[74.3628,29.3931,272.736],"grabAngle":2.4639,"grabStrength":1,"id":161,"palmNormal":[-0.149987,-0.64842,-0.746362],"palmPosition":[39.125,185.832,26.8149],"palmVelocity":[-7.2173,-20.8451,-15.2486],"palmWidth":77.8763,"pinchDistance":29.6739,"pinchStrength":0.734145,"r":[[0.964976,0.182073,-0.188869],[-0.200662,0.976025,-0.0843238],[0.168987,0.119269,0.978375]],"s":1.18869,"sphereCenter":[41.3347,171.436,-12.8729],"sphereRadius":37.7158,"stabilizedPalmPosition":[37.5349,185.431,26.4961],"t":[-84.7673,47.8495,-30.629],"timeVisible":19.3559,"type":"right","wrist":[34.3161,142.217,75.0789]}],"id":128402,"interactionBox":{"center":[0,200,0],"size":[235.247,235.247,147.751]},"pointables":[{"bases":[[[0.566751,0.606736,0.557374],[-0.798119,0.236439,0.554168],[0.204449,-0.758926,0.61825]],[[0.372475,0.916585,0.145377],[-0.868991,0.289483,0.401316],[0.325756,-0.275811,0.904329]],[[0.372475,0.916585,0.145377],[-0.926713,0.358967,0.111113],[0.0496592,-0.176109,0.983117]],[[0.372475,0.916585,0.145377],[-0.886862,0.397698,-0.235184],[-0.273382,-0.0413291,0.961017]]],"btipPosition":[-0.726103,169.693,-28.8766],"carpPosition":[9.43811,152.348,54.4399],"dipPosition":[-5.82992,168.922,-10.9352],"direction":[-0.0496592,0.176109,-0.983117],"extended":false,"handId":161,"id":1610,"length":41.5735,"mcpPosition":[9.43811,152.348,54.4399],"pipPosition":[-4.47928,164.132,15.8039],"stabilizedTipPosition":[-1.93921,171.836,-23.1348],"timeVisible":19.3559,"tipPosition":[-3.13625,170.378,-24.2663],"tipVelocity":[-30.5438,-128.119,1.13977],"tool":false,"touchDistance":-0.25898,"touchZone":"touching","type":0,"width":16.6432},{"bases":[[[0.864077,-0.503355,-0.00213451],[0.381939,0.652876,0.654121],[-0.327862,-0.566026,0.756387]],[[0.875829,-0.481646,-0.0306641],[0.481735,0.876303,-0.00490677],[0.0292344,-0.0104745,0.999518]],[[0.875829,-0.481646,-0.0306641],[0.140269,0.314829,-0.938726],[0.461788,0.817863,0.343296]],[[0.875829,-0.481646,-0.0306641],[-0.158764,-0.227531,-0.960741],[0.455761,0.846313,-0.275746]]],"btipPosition":[40.9187,164.769,-19.3531],"carpPosition":[41.3807,164.736,60.2987],"dipPosition":[47.7115,177.382,-23.463],"direction":[-0.461788,-0.817863,-0.343296],"extended":false,"handId":161,"id":1613,"length":51.395,"mcpPosition":[58.9581,195.082,19.7472],"pipPosition":[57.9161,195.455,-15.8768],"stabilizedTipPosition":[40.671,168.491,-17.0308],"timeVisible":19.3559,"tipPosition":[43.5589,169.425,-21.9449],"tipVelocity":[42.2825,-34.4118,-66.3059],"tool":false,"touchDistance":0.000599068,"touchZone":"hovering","type":3,"width":14.8573},{"bases":[[[0.745258,-0.666392,-0.0226269],[0.481209,0.514049,0.710064],[-0.46155,-0.540069,0.703773]],[[0.744655,-0.667096,-0.0217084],[0.667447,0.744179,0.026688],[-0.00164854,-0.0343625,0.999408]],[[0.744655,-0.667096,-0.0217084],[0.239924,0.297886,-0.923959],[0.622836,0.682823,0.381875]],[[0.744655,-0.667096,-0.0217084],[-0.159883,-0.146705,-0.976174],[0.648017,0.730383,-0.215902]]],"btipPosition":[54.029,163.424,-8.76386],"carpPosition":[49.7044,156.349,57.3421],"dipPosition":[62.9392,173.467,-11.7325],"direction":[-0.622836,-0.682823,-0.381875],"extended":false,"handId":161,"id":1614,"length":40.2927,"mcpPosition":[72.6103,183.151,22.4151],"pipPosition":[72.6568,184.12,-5.77442],"stabilizedTipPosition":[53.6073,165.851,-6.12719],"timeVisible":19.3559,"tipPosition":[58.3376,167.725,-11.3585],"tipVelocity":[45.8857,-23.2308,-39.7565],"tool":false,"touchDistance":-0.0770577,"touchZone":"touching","type":4,"width":13.1974},{"bases":[[[0.985944,-0.1543,-0.0640812],[0.159247,0.751831,0.639836],[-0.0505483,-0.641047,0.765835]],[[0.986431,-0.147383,-0.0723296],[0.158891,0.967909,0.194692],[0.0413142,-0.203543,0.978194]],[[0.986431,-0.147383,-0.0723296],[0.0377311,0.632289,-0.773813],[0.15978,0.760585,0.629271]],[[0.986431,-0.147383,-0.0723296],[-0.0683977,0.0315802,-0.997158],[0.149248,0.988575,0.021071]]],"btipPosition":[17.4049,186.981,-32.9833],"carpPosition":[20.7528,167.779,61.1828],"dipPosition":[19.4391,200.455,-32.6961],"direction":[-0.15978,-0.760585,-0.629271],"extended":false,"handId":161,"id":1611,"length":46.9111,"mcpPosition":[23.9357,208.144,12.9609],"pipPosition":[22.5198,215.119,-20.5632],"stabilizedTipPosition":[16.8917,190.469,-28.7823],"timeVisible":19.3559,"tipPosition":[18.2145,190.099,-32.1522],"tipVelocity":[10.2353,-14.1279,-111.052],"tool":false,"touchDistance":-0.216511,"touchZone":"touching","type":1,"width":15.8976},{"bases":[[[0.928359,-0.365382,-0.0681562],[0.322492,0.700665,0.63645],[-0.184792,-0.612834,0.768301]],[[0.937246,-0.330512,-0.111047],[0.340786,0.935693,0.0913399],[0.0737172,-0.123451,0.989609]],[[0.937246,-0.330512,-0.111047],[0.0618708,0.471088,-0.879914],[0.343135,0.817825,0.461974]],[[0.937246,-0.330512,-0.111047],[-0.169204,-0.152675,-0.973684],[0.30486,0.931371,-0.199018]]],"btipPosition":[27.1355,176.417,-30.3628],"carpPosition":[31.2891,167.589,61.0609],"dipPosition":[31.7055,190.378,-33.3462],"direction":[-0.343135,-0.817825,-0.461974],"extended":false,"handId":161,"id":1612,"length":53.4514,"mcpPosition":[42.3236,204.183,15.1834],"pipPosition":[39.4892,208.93,-22.8668],"stabilizedTipPosition":[26.8498,180.368,-27.6575],"timeVisible":19.3559,"tipPosition":[28.1472,178.942,-30.7321],"tipVelocity":[36.0953,-6.7832,-94.8707],"tool":false,"touchDistance":-0.145235,"touchZone":"touching","type":2,"width":15.6135}],"r":[[0.964976,0.182073,-0.188869],[-0.200662,0.976025,-0.0843238],[0.168987,0.119269,0.978375]],"s":1.18869,"t":[-84.7673,47.8495,-30.629],"timestamp":1132369173241},{"currentFrameRate":57.6726,"devices":[],"gestures":[],"hands":[{"armBasis":[[0.969566,-0.0716067,-0.234125],[0.175915,0.86885,0.462767],[0.170283,-0.489869,0.855004]],"armWidth":53.0314,"confidence":1,"direction":[0.232071,0.694108,-0.681438],"elbow":[73.7973,28.8482,273.479],"grabAngle":2.40795,"grabStrength":1,"id":161,"palmNormal":[-0.105525,-0.678463,-0.727016],"palmPosition":[39.0628,184.47,26.5309],"palmVelocity":[-3.60434,-78.9498,-16.4563],"palmWidth":77.8763,"pinchDistance":32.8545,"pinchStrength":0.643593,"r":[[0.964139,0.189938,-0.185366],[-0.210422,0.972711,-0.0977588],[0.161739,0.133258,0.977795]],"s":1.21162,"sphereCenter":[42.9282,168.633,-13.0848],"sphereRadius":38.6592,"stabilizedPalmPosition":[37.5349,185.431,26.4961],"t":[-84.822,47.0402,-30.8895],"timeVisible":19.3731,"type":"right","wrist":[34.4472,142.051,75.8987]}],"id":128403,"interactionBox":{"center":[0,200,0],"size":[235.247,235.247,147.751]},"pointables":[{"bases":[[[0.52877,0.645451,0.551176],[-0.821579,0.226189,0.523304],[0.213097,-0.729542,0.64989]],[[0.334165,0.934768,0.120597],[-0.886042,0.267936,0.378338],[0.321346,-0.233281,0.917778]],[[0.334165,0.934768,0.120597],[-0.941046,0.323762,0.0980284],[0.052589,-0.146245,0.98785]],[[0.334165,0.934768,0.120597],[-0.904775,0.353992,-0.236796],[-0.26404,-0.029984,0.964046]]],"btipPosition":[-0.442403,165.4,-29.5926],"carpPosition":[9.78748,150.896,54.4837],"dipPosition":[-5.37181,164.84,-11.5947],"direction":[-0.052589,0.146245,-0.98785],"extended":false,"handId":161,"id":1610,"length":41.5735,"mcpPosition":[9.78748,150.896,54.4837],"pipPosition":[-3.94148,160.863,15.2731],"stabilizedTipPosition":[-1.70508,167.602,-24.6299],"timeVisible":19.3731,"tipPosition":[-1.18583,165.715,-25.1585],"tipVelocity":[18.7686,-246.03,-40.748],"tool":false,"touchDistance":-0.272508,"touchZone":"touching","type":0,"width":16.6432},{"bases":[[[0.88094,-0.471588,0.03936],[0.33974,0.688153,0.641111],[-0.329426,-0.551408,0.766438]],[[0.890454,-0.454782,0.0162787],[0.454889,0.890542,-0.00341069],[-0.0129457,0.010442,0.999862]],[[0.890454,-0.454782,0.0162787],[0.176025,0.311226,-0.933892],[0.41965,0.834453,0.357186]],[[0.890454,-0.454782,0.0162787],[-0.102869,-0.236004,-0.966292],[0.443294,0.858764,-0.256934]]],"btipPosition":[43.3349,162.573,-20.0068],"carpPosition":[41.0927,164.622,60.7836],"dipPosition":[49.9419,175.372,-23.8362],"direction":[-0.41965,-0.834453,-0.357186],"extended":false,"handId":161,"id":1613,"length":51.395,"mcpPosition":[58.7539,194.184,19.6931],"pipPosition":[59.2153,193.812,-15.9431],"stabilizedTipPosition":[40.671,168.491,-17.0308],"timeVisible":19.3731,"tipPosition":[45.4224,166.493,-21.4326],"tipVelocity":[137.567,-124.773,-34.1487],"tool":false,"touchDistance":-0.0592204,"touchZone":"hovering","type":3,"width":14.8573},{"bases":[[[0.768566,-0.639415,0.0213277],[0.442175,0.554989,0.704605],[-0.462372,-0.532105,0.709279]],[[0.760071,-0.648942,0.0341633],[0.647853,0.760807,0.0382102],[-0.0507879,-0.00690965,0.998686]],[[0.760071,-0.648942,0.0341633],[0.290936,0.292807,-0.910835],[0.581076,0.702238,0.411354]],[[0.760071,-0.648942,0.0341633],[-0.0945558,-0.162454,-0.982175],[0.642925,0.743292,-0.184838]]],"btipPosition":[56.2609,161.871,-8.89222],"carpPosition":[49.7878,156.445,58.3537],"dipPosition":[65.101,172.091,-11.4337],"direction":[-0.581076,-0.702238,-0.411354],"extended":false,"handId":161,"id":1614,"length":40.2927,"mcpPosition":[72.7345,182.852,23.1535],"pipPosition":[74.1671,183.047,-5.0157],"stabilizedTipPosition":[54.3559,165.59,-6.6622],"timeVisible":19.3731,"tipPosition":[59.866,165.663,-10.3676],"tipVelocity":[128.428,-87.6837,-1.74577],"tool":false,"touchDistance":-0.0889795,"touchZone":"touching","type":4,"width":13.1974},{"bases":[[[0.992196,-0.12067,-0.0314042],[0.114211,0.778453,0.617225],[-0.0500341,-0.615995,0.786159]],[[0.992367,-0.118491,-0.0341844],[0.122948,0.972196,0.199295],[0.00961927,-0.201977,0.979343]],[[0.992367,-0.118491,-0.0341844],[0.0539709,0.666517,-0.743533],[0.110886,0.736013,0.667825]],[[0.992367,-0.118491,-0.0341844],[-0.0259833,0.0700803,-0.997203],[0.120555,0.990479,0.0664666]]],"btipPosition":[19.3935,184.965,-35.8563],"carpPosition":[20.3537,166.946,60.991],"dipPosition":[21.0365,198.464,-34.9505],"direction":[-0.110886,-0.736013,-0.667825],"extended":false,"handId":161,"id":1611,"length":46.9111,"mcpPosition":[23.5042,205.733,11.4892],"pipPosition":[23.1745,212.655,-22.0742],"stabilizedTipPosition":[16.9843,190.392,-29.003],"timeVisible":19.3731,"tipPosition":[19.7314,186.31,-33.5193],"tipVelocity":[110.043,-116.515,-158.279],"tool":false,"touchDistance":-0.262024,"touchZone":"touching","type":1,"width":15.8976},{"bases":[[[0.942209,-0.333711,-0.0296611],[0.279183,0.733132,0.620141],[-0.185202,-0.592583,0.78393]],[[0.951037,-0.3003,-0.0731347],[0.30707,0.944951,0.113026],[0.0351669,-0.12995,0.990897]],[[0.951037,-0.3003,-0.0731347],[0.09568,0.511048,-0.85421],[0.293895,0.805388,0.514758]],[[0.951037,-0.3003,-0.0731347],[-0.115112,-0.124544,-0.985514],[0.286841,0.945679,-0.153014]]],"btipPosition":[29.6295,175.069,-33.1269],"carpPosition":[30.8893,167.133,61.1665],"dipPosition":[33.9294,189.245,-35.4207],"direction":[-0.293895,-0.805388,-0.514758],"extended":false,"handId":161,"id":1612,"length":53.4514,"mcpPosition":[41.9482,202.518,14.3558],"pipPosition":[40.5961,207.514,-23.744],"stabilizedTipPosition":[27.03,180.27,-27.9442],"timeVisible":19.3731,"tipPosition":[30.1161,175.824,-31.524],"tipVelocity":[140.953,-75.2666,-151.019],"tool":false,"touchDistance":-0.18866,"touchZone":"touching","type":2,"width":15.6135}],"r":[[0.964139,0.189938,-0.185366],[-0.210422,0.972711,-0.0977588],[0.161739,0.133258,0.977795]],"s":1.21162,"t":[-84.822,47.0402,-30.8895],"timestamp":1132369190494},{"currentFrameRate":57.6453,"devices":[],"gestures":[],"hands":[{"armBasis":[[0.975382,-0.0406178,-0.216747],[0.14077,0.871258,0.470205],[0.169744,-0.489141,0.855528]],"armWidth":53.0314,"confidence":1,"direction":[0.240847,0.683465,-0.689107],"elbow":[73.0593,27.681,274.189],"grabAngle":2.32211,"grabStrength":0.971157,"id":161,"palmNormal":[-0.0705974,-0.69579,-0.714767],"palmPosition":[39.0659,182.342,26.5027],"palmVelocity":[0.181626,-122.071,-1.62147],"palmWidth":77.8763,"pinchDistance":37.6913,"pinchStrength":0.50589,"r":[[0.963785,0.199015,-0.177512],[-0.22102,0.968571,-0.114108],[0.149224,0.149209,0.977481]],"s":1.24713,"sphereCenter":[44.141,165.57,-13.3751],"sphereRadius":39.9409,"stabilizedPalmPosition":[37.5406,185.419,26.4962],"t":[-84.8478,45.5712,-31.0339],"timeVisible":19.3906,"type":"right","wrist":[33.8336,140.715,76.4874]}],"id":128404,"interactionBox":{"center":[0,200,0],"size":[235.247,235.247,147.751]},"pointables":[{"bases":[[[0.499659,0.666851,0.552857],[-0.841456,0.222132,0.492554],[0.205652,-0.711314,0.672116]],[[0.310781,0.944676,0.104894],[-0.8973,0.255203,0.360173],[0.313478,-0.206056,0.92697]],[[0.310781,0.944676,0.104894],[-0.948305,0.300711,0.101448],[0.0642926,-0.130999,0.989296]],[[0.310781,0.944676,0.104894],[-0.920321,0.326661,-0.215177],[-0.237537,-0.029663,0.970926]]],"btipPosition":[-1.17224,161.76,-30.3643],"carpPosition":[9.5346,148.84,54.2725],"dipPosition":[-5.60686,161.206,-12.2379],"direction":[-0.0642926,0.130999,-0.989296],"extended":false,"handId":161,"id":1610,"length":41.5735,"mcpPosition":[9.5346,148.84,54.2725],"pipPosition":[-3.85822,157.643,14.6692],"stabilizedTipPosition":[-2.11833,162.538,-25.9578],"timeVisible":19.3906,"tipPosition":[0.334305,161.719,-26.012],"tipVelocity":[-35.3274,-208.658,-42.5585],"tool":false,"touchDistance":-0.284723,"touchZone":"touching","type":0,"width":16.6432},{"bases":[[[0.887557,-0.454224,0.0769581],[0.307175,0.707968,0.635944],[-0.343345,-0.540797,0.767888]],[[0.895892,-0.440514,0.0576688],[0.440082,0.89772,0.0206686],[-0.0608752,0.00686219,0.998122]],[[0.895892,-0.440514,0.0576688],[0.222666,0.33289,-0.916299],[0.384445,0.833746,0.396321]],[[0.895892,-0.440514,0.0576688],[-0.0446553,-0.218435,-0.974829],[0.442022,0.870766,-0.215365]]],"btipPosition":[45.8709,160.623,-21.0588],"carpPosition":[40.3773,163.276,61.2316],"dipPosition":[52.459,173.601,-24.2687],"direction":[-0.384445,-0.833746,-0.396321],"extended":false,"handId":161,"id":1613,"length":51.395,"mcpPosition":[58.7848,192.27,20.0635],"pipPosition":[60.9545,192.025,-15.5108],"stabilizedTipPosition":[42.1096,167.445,-18.0518],"timeVisible":19.3906,"tipPosition":[47.2603,163.475,-20.9499],"tipVelocity":[145.183,-109.492,-52.1561],"tool":false,"touchDistance":-0.0898834,"touchZone":"touching","type":3,"width":14.8573},{"bases":[[[0.778817,-0.624454,0.0591742],[0.409934,0.578123,0.705498],[-0.474761,-0.525197,0.706237]],[[0.762079,-0.642096,0.0833566],[0.637755,0.766615,0.0746339],[-0.111825,-0.00371587,0.993721]],[[0.762079,-0.642096,0.0833566],[0.359471,0.312494,-0.879277],[0.538532,0.700043,0.46896]],[[0.762079,-0.642096,0.0833566],[-0.0120064,-0.142731,-0.989689],[0.647373,0.75322,-0.116481]]],"btipPosition":[58.701,160.102,-9.54088],"carpPosition":[49.2888,155.211,59.2527],"dipPosition":[67.6023,170.458,-11.1425],"direction":[-0.538532,-0.700043,-0.46896],"extended":false,"handId":161,"id":1614,"length":40.2927,"mcpPosition":[72.8504,181.276,24.2035],"pipPosition":[76.0045,181.38,-3.82569],"stabilizedTipPosition":[56.598,164.501,-7.8011],"timeVisible":19.3906,"tipPosition":[61.2758,163.057,-9.38142],"tipVelocity":[140.737,-99.6446,-24.8013],"tool":false,"touchDistance":-0.109409,"touchZone":"touching","type":4,"width":13.1974},{"bases":[[[0.994689,-0.102909,0.00193141],[0.080927,0.793538,0.603116],[-0.0635986,-0.599756,0.797651]],[[0.994786,-0.10198,0.000696173],[0.0990461,0.967748,0.231631],[-0.0242954,-0.230354,0.972803]],[[0.994786,-0.10198,0.000696173],[0.0751628,0.728544,-0.680863],[0.0689272,0.677365,0.73241]],[[0.994786,-0.10198,0.000696173],[0.0193626,0.182166,-0.983077],[0.100127,0.977965,0.183191]]],"btipPosition":[21.7474,184.489,-39.436],"carpPosition":[19.6038,165.219,60.747],"dipPosition":[23.1121,197.818,-36.9392],"direction":[-0.0689272,-0.677365,-0.73241],"extended":false,"handId":161,"id":1611,"length":46.9111,"mcpPosition":[23.6084,202.984,10.5216],"pipPosition":[24.441,210.878,-22.8177],"stabilizedTipPosition":[17.2102,190.265,-29.4417],"timeVisible":19.3906,"tipPosition":[21.7001,183.68,-35.2215],"tipVelocity":[131.317,-29.5135,-184.295],"tool":false,"touchDistance":-0.312361,"touchZone":"touching","type":1,"width":15.8976},{"bases":[[[0.948483,-0.316753,0.00683422],[0.24651,0.751356,0.612126],[-0.199027,-0.578906,0.790731]],[[0.958042,-0.284241,-0.036922],[0.286498,0.945733,0.153321],[-0.00866155,-0.157466,0.987486]],[[0.958042,-0.284241,-0.036922],[0.13728,0.568109,-0.811422],[0.251615,0.772308,0.583293]],[[0.958042,-0.284241,-0.036922],[-0.0554911,-0.057553,-0.996799],[0.281206,0.957024,-0.070911]]],"btipPosition":[32.4182,174.362,-36.1101],"carpPosition":[30.1237,165.605,61.2436],"dipPosition":[36.6336,188.709,-37.1731],"direction":[-0.251615,-0.772308,-0.583293],"extended":false,"handId":161,"id":1612,"length":53.4514,"mcpPosition":[42.0082,200.173,14.0268],"pipPosition":[42.3412,206.228,-23.9418],"stabilizedTipPosition":[27.6044,180.035,-28.7041],"timeVisible":19.3906,"tipPosition":[32.378,173.459,-32.6354],"tipVelocity":[158.807,-38.2535,-154.842],"tool":false,"touchDistance":-0.233663,"touchZone":"touching","type":2,"width":15.6135}],"r":[[0.963785,0.199015,-0.177512],[-0.22102,0.968571,-0.114108],[0.149224,0.149209,0.977481]],"s":1.24713,"t":[-84.8478,45.5712,-31.0339],"timestamp":1132369207932},{"currentFrameRate":57.6651,"devices":[],"gestures":[],"hands":[{"armBasis":[[0.980387,-0.00206724,-0.19707],[0.0975196,0.874037,0.475972],[0.171263,-0.485856,0.857096]],"armWidth":53.0314,"confidence":1,"direction":[0.251554,0.6823,-0.686431],"elbow":[72.5778,26.4978,274.489],"grabAngle":2.18501,"grabStrength":0.868563,"id":161,"palmNormal":[-0.0246101,-0.704499,-0.709278],"palmPosition":[38.9902,180.123,26.3025],"palmVelocity":[-4.38528,-128.424,-11.5858],"palmWidth":77.8763,"pinchDistance":44.6907,"pinchStrength":0.306623,"r":[[0.963666,0.210802,-0.164041],[-0.233103,0.96357,-0.131131],[0.130422,0.164606,0.977699]],"s":1.30544,"sphereCenter":[45.4318,162.953,-14.3923],"sphereRadius":42.0264,"stabilizedPalmPosition":[37.8301,184.361,26.4575],"t":[-84.8986,43.7274,-31.2062],"timeVisible":19.4079,"type":"right","wrist":[33.0012,138.773,76.4252]}],"id":128405,"interactionBox":{"center":[0,200,0],"size":[235.247,235.247,147.751]},"pointables":[{"bases":[[[0.46043,0.684667,0.565009],[-0.865829,0.205972,0.455977],[0.195816,-0.699147,0.687641]],[[0.280563,0.954442,0.101608],[-0.910275,0.231005,0.343563],[0.304439,-0.188882,0.933617]],[[0.280563,0.954442,0.101608],[-0.957303,0.270565,0.10181],[0.0696803,-0.125834,0.989601]],[[0.280563,0.954442,0.101608],[-0.932556,0.296116,-0.206529],[-0.227208,-0.0368106,0.97315]]],"btipPosition":[-1.46415,158.354,-31.7341],"carpPosition":[9.1959,146.175,53.2365],"dipPosition":[-5.70594,157.667,-13.5662],"direction":[-0.0696803,0.125834,-0.989601],"extended":true,"handId":161,"id":1610,"length":41.5735,"mcpPosition":[9.1959,146.175,53.2365],"pipPosition":[-3.81076,154.244,13.3493],"stabilizedTipPosition":[-2.41496,158.531,-27.4322],"timeVisible":19.4079,"tipPosition":[2.03248,158.042,-27.5005],"tipVelocity":[-14.3296,-198.93,-78.7351],"tool":false,"touchDistance":-0.304987,"touchZone":"touching","type":0,"width":16.6432},{"bases":[[[0.89463,-0.431094,0.117457],[0.263801,0.721793,0.639862],[-0.36062,-0.541454,0.759461]],[[0.898771,-0.424756,0.1086],[0.418003,0.904921,0.0799423],[-0.13223,-0.0264548,0.990866]],[[0.898771,-0.424756,0.1086],[0.28103,0.368041,-0.886322],[0.336501,0.827121,0.450154]],[[0.898771,-0.424756,0.1086],[0.0230842,-0.201515,-0.979213],[0.437811,0.882595,-0.171311]]],"btipPosition":[49.4541,159.986,-22.1613],"carpPosition":[39.369,161.447,61.2649],"dipPosition":[55.9794,173.141,-24.7145],"direction":[-0.336501,-0.827121,-0.450154],"extended":false,"handId":161,"id":1613,"length":51.395,"mcpPosition":[58.7026,190.476,20.5486],"pipPosition":[63.4154,191.418,-14.767],"stabilizedTipPosition":[46.0262,165.482,-20.1314],"timeVisible":19.4079,"tipPosition":[49.7675,161.302,-20.907],"tipVelocity":[206.573,-34.4973,-55.0731],"tool":false,"touchDistance":-0.123866,"touchZone":"touching","type":3,"width":14.8573},{"bases":[[[0.790911,-0.604159,0.0972177],[0.366834,0.595265,0.714907],[-0.489788,-0.529765,0.692428]],[[0.768051,-0.627404,0.128302],[0.614114,0.778405,0.13019],[-0.181553,-0.0211999,0.983153]],[[0.768051,-0.627404,0.128302],[0.427088,0.352555,-0.832647],[0.477173,0.694312,0.538737]],[[0.768051,-0.627404,0.128302],[0.0804353,-0.10425,-0.991293],[0.635317,0.771684,-0.0296039]]],"btipPosition":[61.7963,159.034,-10.3596],"carpPosition":[48.5485,153.588,59.7338],"dipPosition":[70.5318,169.644,-10.7666],"direction":[-0.477173,-0.694312,-0.538737],"extended":false,"handId":161,"id":1614,"length":40.2927,"mcpPosition":[72.8558,179.879,25.3699],"pipPosition":[77.9768,180.477,-2.36118],"stabilizedTipPosition":[60.5754,162.83,-9.26466],"timeVisible":19.4079,"tipPosition":[63.187,161.095,-8.70624],"tipVelocity":[176.961,-58.4421,-31.4867],"tool":false,"touchDistance":-0.132271,"touchZone":"touching","type":4,"width":13.1974},{"bases":[[[0.996031,-0.0779828,0.0428977],[0.0370258,0.801345,0.597056],[-0.0809359,-0.593098,0.801052]],[[0.996132,-0.0772429,0.0418983],[0.0605161,0.94872,0.310272],[-0.063716,-0.306537,0.949724]],[[0.996132,-0.0772429,0.0418983],[0.0873435,0.817986,-0.568568],[0.0096456,0.570028,0.821569]],[[0.996132,-0.0772429,0.0418983],[0.0670626,0.360128,-0.930489],[0.0567849,0.9297,0.363915]]],"btipPosition":[24.9104,187.054,-43.8609],"carpPosition":[18.5904,162.865,59.9274],"dipPosition":[25.6843,199.725,-38.901],"direction":[-0.0096456,-0.570028,-0.821569],"extended":false,"handId":161,"id":1611,"length":46.9111,"mcpPosition":[23.6866,200.21,9.48789],"pipPosition":[25.8703,210.716,-23.0604],"stabilizedTipPosition":[17.9953,190.236,-30.765],"timeVisible":19.4079,"tipPosition":[24.4149,183.462,-38.2014],"tipVelocity":[175.22,139.698,-223.339],"tool":false,"touchDistance":-0.367334,"touchZone":"touching","type":1,"width":15.8976},{"bases":[[[0.954936,-0.292855,0.0483121],[0.203098,0.763409,0.613155],[-0.216447,-0.575711,0.788484]],[[0.964757,-0.263023,0.00791612],[0.252938,0.935225,0.247744],[-0.0725657,-0.237011,0.968793]],[[0.964757,-0.263023,0.00791612],[0.202077,0.72127,-0.662522],[0.168549,0.640772,0.749001]],[[0.964757,-0.263023,0.00791612],[0.0541637,0.169052,-0.984118],[0.257507,0.949863,0.17734]]],"btipPosition":[37.1004,178.235,-43.1406],"carpPosition":[29.0691,163.519,60.8406],"dipPosition":[40.9605,192.474,-40.4821],"direction":[-0.168549,-0.640772,-0.749001],"extended":false,"handId":161,"id":1612,"length":53.4514,"mcpPosition":[41.9937,197.896,13.758],"pipP