{"frames":82,"data":[{"currentFrameRate":74.9721,"devices":[],"gestures":[],"hands":[{"armBasis":[[-0.925949,-0.351812,-0.137281],[0.371095,-0.780211,-0.503547],[0.0700457,-0.517203,0.852991]],"armWidth":56.2653,"confidence":1,"direction":[0.1226,-0.0726778,-0.989792],"elbow":[84.5326,92.3094,262.31],"grabAngle":0.974985,"grabStrength":0.0449486,"id":127,"palmNormal":[-0.372037,0.921225,-0.113725],"palmPosition":[78.8902,224.846,-11.0471],"palmVelocity":[-83.5855,1094.91,96.6396],"palmWidth":81.6617,"pinchDistance":66.558,"pinchStrength":0,"r":[[0.815473,-0.412417,0.406099],[0.417198,0.905156,0.081478],[-0.401186,0.102981,0.91019]],"s":1.14549,"sphereCenter":[32.7447,271.2,-41.0052],"sphereRadius":74.1897,"stabilizedPalmPosition":[79.0167,222.978,-11.1931],"t":[33.7476,106.5,-78.3548],"timeVisible":1.30075,"type":"right","wrist":[67.5592,217.638,55.6131]}],"id":101499,"interactionBox":{"center":[0,200,0],"size":[235.247,235.247,147.751]},"pointables":[{"bases":[[[-0.0135565,-0.991939,-0.125989],[0.859013,-0.076043,0.506274],[-0.511774,-0.101363,0.85312]],[[0.212633,-0.846583,-0.487939],[0.899832,-0.0250107,0.43552],[-0.380908,-0.531669,0.756464]],[[0.212633,-0.846583,-0.487939],[0.973351,0.13962,0.18192],[-0.0858839,-0.513618,0.85371]],[[0.212633,-0.846583,-0.487939],[0.924983,0.335346,-0.178746],[0.314952,-0.413328,0.85438]]],"btipPosition":[100.888,288.378,-35.3294],"carpPosition":[87.6546,241.113,40.9106],"dipPosition":[107.245,280.035,-18.0837],"direction":[0.0858839,0.513618,-0.85371],"extended":false,"handId":127,"id":1270,"length":44.9491,"mcpPosition":[87.6546,241.113,40.9106],"pipPosition":[104.719,264.931,7.02102],"stabilizedTipPosition":[102.537,285.097,-31.7008],"timeVisible":1.30075,"tipPosition":[107.607,284.99,-31.3734],"tipVelocity":[-168.503,1198.79,308.211],"tool":false,"touchDistance":0.418659,"touchZone":"hovering","type":0,"width":17.7523},{"bases":[[[-0.886439,-0.388959,-0.250872],[0.408766,-0.912142,-0.0301351],[-0.217109,-0.129261,0.967551]],[[-0.899999,-0.397408,-0.179076],[0.415451,-0.906394,-0.0764856],[-0.131918,-0.143234,0.980858]],[[-0.899999,-0.397408,-0.179076],[0.428537,-0.731545,-0.530281],[0.0797356,-0.553993,0.828694]],[[-0.899999,-0.397408,-0.179076],[0.36756,-0.471074,-0.801866],[0.23431,-0.7875,0.570038]]],"btipPosition":[102.809,258.477,-93.1256],"carpPosition":[88.7008,221.482,32.7792],"dipPosition":[106.262,246.873,-84.7256],"direction":[-0.0797356,0.553993,-0.828694],"extended":true,"handId":127,"id":1271,"length":50.7201,"mcpPosition":[103.036,230.017,-31.1056],"pipPosition":[107.924,235.324,-67.4503],"stabilizedTipPosition":[103.754,253.892,-91.4054],"timeVisible":1.30075,"tipPosition":[101.384,257.732,-90.0272],"tipVelocity":[-103.201,1329.58,156.956],"tool":false,"touchDistance":-0.288381,"touchZone":"touching","type":1,"width":16.957},{"bases":[[[-0.964231,-0.241612,-0.109008],[0.248152,-0.967385,-0.0508644],[-0.0931629,-0.0760955,0.992739]],[[-0.968717,-0.247654,-0.0159679],[0.247752,-0.968814,-0.00440945],[-0.0143779,-0.00822759,0.999863]],[[-0.968717,-0.247654,-0.0159679],[0.231464,-0.878431,-0.418071],[0.0895103,-0.408688,0.908274]],[[-0.968717,-0.247654,-0.0159679],[0.176662,-0.642976,-0.745233],[0.174293,-0.724741,0.666613]]],"btipPosition":[81.1604,242.781,-107.328],"carpPosition":[79.7494,215.905,29.479],"dipPosition":[83.9853,231.035,-96.5237],"direction":[-0.0895103,0.408688,-0.908274],"extended":true,"handId":127,"id":1272,"length":57.7915,"mcpPosition":[85.5829,220.669,-32.6817],"pipPosition":[86.1806,221.011,-74.2477],"stabilizedTipPosition":[82.1501,236.18,-105.124],"timeVisible":1.30075,"tipPosition":[79.4643,243.38,-103.76],"tipVelocity":[-125.441,1361.94,115.791],"tool":false,"touchDistance":-0.35988,"touchZone":"touching","type":2,"width":16.654},{"bases":[[[-0.983376,-0.176559,0.0424168],[0.175532,-0.984108,-0.0268502],[0.0464834,-0.0189584,0.998739]],[[-0.977885,-0.177442,0.110699],[0.162333,-0.977706,-0.133187],[0.131864,-0.112272,0.984889]],[[-0.977885,-0.177442,0.110699],[0.0782364,-0.801239,-0.593208],[0.193957,-0.571428,0.797402]],[[-0.977885,-0.177442,0.110699],[-0.0050235,-0.509222,-0.860621],[0.209081,-0.842145,0.497069]]],"btipPosition":[53.7416,245.144,-93.6508],"carpPosition":[69.4395,212.528,27.511],"dipPosition":[57.1108,231.573,-85.6408],"direction":[-0.193957,0.571428,-0.797402],"extended":true,"handId":127,"id":1273,"length":55.568,"mcpPosition":[66.8263,213.594,-28.6362],"pipPosition":[61.7449,217.92,-66.589],"stabilizedTipPosition":[54.7636,239.406,-92.1065],"timeVisible":1.30075,"tipPosition":[53.7666,244.939,-89.9611],"tipVelocity":[-133.759,1386.42,171.421],"tool":false,"touchDistance":0.371569,"touchZone":"hovering","type":3,"width":15.8473},{"bases":[[[-0.986781,-0.0125199,0.161574],[0.0238567,-0.997372,0.0684165],[0.160293,0.0713667,0.984486]],[[-0.918964,0.00506713,0.394309],[-0.0535936,-0.992245,-0.112152],[0.390683,-0.124196,0.912109]],[[-0.918964,0.00506713,0.394309],[-0.260138,-0.759277,-0.596512],[0.296367,-0.650748,0.699066]],[[-0.918964,0.00506713,0.394309],[-0.3527,-0.457786,-0.816109],[0.176374,-0.889048,0.422476]]],"btipPosition":[28.9958,239.052,-69.2123],"carpPosition":[56.8735,214.784,27.9102],"dipPosition":[31.6179,225.835,-62.9317],"direction":[-0.296367,0.650748,-0.699066],"extended":true,"handId":127,"id":1274,"length":43.5643,"mcpPosition":[48.5317,211.07,-23.323],"pipPosition":[36.6173,214.858,-51.1391],"stabilizedTipPosition":[29.8391,233.332,-68.1104],"timeVisible":1.30075,"tipPosition":[32.5085,236.041,-68.1048],"tipVelocity":[-120.449,1308.15,177.395],"tool":false,"touchDistance":-0.297508,"touchZone":"touching","type":4,"width":14.0768}],"r":[[0.815473,-0.412417,0.406099],[0.417198,0.905156,0.081478],[-0.401186,0.102981,0.91019]],"s":1.14549,"t":[33.7476,106.5,-78.3548],"timestamp":1131962146378},{"currentFrameRate":76.6645,"devices":[],"gestures":[],"hands":[{"armBasis":[[-0.926627,-0.349952,-0.137461],[0.368673,-0.773977,-0.514821],[0.0737709,-0.527725,0.846206]],"armWidth":56.2653,"confidence":1,"direction":[0.120263,-0.0509489,-0.991434],"elbow":[85.2122,98.6322,260.754],"grabAngle":0.971047,"grabStrength":0.0450552,"id":127,"palmNormal":[-0.369518,0.924624,-0.0923392],"palmPosition":[78.51,235.075,-10.8322],"palmVelocity":[-43.5769,1172.41,24.6355],"palmWidth":81.6617,"pinchDistance":66.9214,"pinchStrength":0,"r":[[0.818921,-0.415296,0.396104],[0.411898,0.905919,0.0982392],[-0.399636,0.0827041,0.912935]],"s":1.14645,"sphereCenter":[32.6754,281.062,-39.8609],"sphereRadius":73.4921,"stabilizedPalmPosition":[78.5816,233.367,-10.8831],"t":[33.3194,116.487,-78.0314],"timeVisible":1.30948,"type":"right","wrist":[67.336,226.51,55.7013]}],"id":101500,"interactionBox":{"center":[0,200,0],"size":[235.247,235.247,147.751]},"pointables":[{"bases":[[[-0.0167978,-0.988839,-0.14804],[0.859863,-0.0898454,0.502557],[-0.510249,-0.118853,0.851775]],[[0.208732,-0.836486,-0.506678],[0.905052,-0.0310849,0.424164],[-0.370557,-0.547107,0.750574]],[[0.208732,-0.836486,-0.506678],[0.974884,0.136821,0.175732],[-0.0776731,-0.530633,0.844035]],[[0.208732,-0.836486,-0.506678],[0.924425,0.337841,-0.176922],[0.31917,-0.431457,0.843786]]],"btipPosition":[99.8769,298.977,-34.022],"carpPosition":[87.4342,250.153,41.4558],"dipPosition":[106.319,290.268,-16.9901],"direction":[0.0776731,0.530633,-0.844035],"extended":false,"handId":127,"id":1270,"length":44.9491,"mcpPosition":[87.4342,250.153,41.4558],"pipPosition":[104.035,274.664,7.8301],"stabilizedTipPosition":[101.483,295.717,-30.2736],"timeVisible":1.30948,"tipPosition":[107.058,295.644,-29.8876],"tipVelocity":[-113.589,1205.1,144.211],"tool":false,"touchDistance":0.429,"touchZone":"hovering","type":0,"width":17.7523},{"bases":[[[-0.888135,-0.380654,-0.257524],[0.405966,-0.912444,-0.0513637],[-0.215425,-0.150164,0.964906]],[[-0.901664,-0.39074,-0.185268],[0.411247,-0.907268,-0.0879806],[-0.133711,-0.15552,0.978742]],[[-0.901664,-0.39074,-0.185268],[0.426373,-0.731796,-0.531678],[0.0721693,-0.558388,0.826435]],[[-0.901664,-0.39074,-0.185268],[0.367921,-0.468043,-0.803474],[0.227236,-0.792627,0.565779]]],"btipPosition":[102.73,269.704,-92.6554],"carpPosition":[88.4042,230.706,32.8865],"dipPosition":[106.078,258.024,-84.3181],"direction":[-0.0721693,0.558388,-0.826435],"extended":true,"handId":127,"id":1271,"length":50.7201,"mcpPosition":[102.628,240.621,-30.8236],"pipPosition":[107.583,246.383,-67.0899],"stabilizedTipPosition":[103.531,265.4,-90.8201],"timeVisible":1.30948,"tipPosition":[101.079,269.498,-89.2016],"tipVelocity":[-11.8472,1284.71,52.2428],"tool":false,"touchDistance":-0.283333,"touchZone":"touching","type":1,"width":16.957},{"bases":[[[-0.965181,-0.236278,-0.11224],[0.245143,-0.966737,-0.072965],[-0.0912661,-0.0979392,0.990999]],[[-0.969486,-0.244351,-0.019735],[0.244748,-0.969357,-0.021117],[-0.0139703,-0.0253027,0.999582]],[[-0.969486,-0.244351,-0.019735],[0.228556,-0.871827,-0.43322],[0.0886522,-0.424511,0.901072]],[[-0.969486,-0.244351,-0.019735],[0.174143,-0.629791,-0.756992],[0.172543,-0.73733,0.653126]]],"btipPosition":[80.7538,254.776,-106.809],"carpPosition":[79.4291,225.23,29.4826],"dipPosition":[83.5503,242.826,-96.2229],"direction":[-0.0886522,0.424511,-0.901072],"extended":true,"handId":127,"id":1272,"length":57.7915,"mcpPosition":[85.1438,231.362,-32.5692],"pipPosition":[85.7246,232.414,-74.1235],"stabilizedTipPosition":[81.556,248.681,-104.532],"timeVisible":1.30948,"tipPosition":[79.004,255.577,-103.143],"tipVelocity":[-47.3479,1369.4,53.766],"tool":false,"touchDistance":-0.345189,"touchZone":"touching","type":2,"width":16.654},{"bases":[[[-0.983807,-0.174561,0.0406394],[0.172525,-0.983777,-0.0491695],[0.0485632,-0.041362,0.997963]],[[-0.978368,-0.176934,0.107193],[0.159259,-0.974899,-0.155592],[0.132032,-0.135155,0.981988]],[[-0.978368,-0.176934,0.107193],[0.0760833,-0.789597,-0.608891],[0.192373,-0.587564,0.785978]],[[-0.978368,-0.176934,0.107193],[-0.00719057,-0.488764,-0.872387],[0.206747,-0.854286,0.476918]]],"btipPosition":[53.3591,257.267,-92.9462],"carpPosition":[69.1049,221.929,27.4625],"dipPosition":[56.6907,243.5,-85.2609],"direction":[-0.192373,0.587564,-0.785978],"extended":true,"handId":127,"id":1273,"length":55.568,"mcpPosition":[66.3748,224.254,-28.6411],"pipPosition":[61.2869,229.462,-66.4821],"stabilizedTipPosition":[54.2248,251.811,-91.3232],"timeVisible":1.30948,"tipPosition":[53.2847,256.974,-89.2385],"tipVelocity":[-44.8289,1384.28,72.1954],"tool":false,"touchDistance":0.377194,"touchZone":"hovering","type":3,"width":15.8473},{"bases":[[[-0.986466,-0.0132111,0.163431],[0.0210148,-0.998715,0.0461122],[0.162612,0.0489226,0.985476]],[[-0.917986,-0.00100395,0.396611],[-0.0580869,-0.988873,-0.13695],[0.392335,-0.148756,0.907714]],[[-0.917986,-0.00100395,0.396611],[-0.263683,-0.74544,-0.612201],[0.296264,-0.666571,0.684039]],[[-0.917986,-0.00100395,0.396611],[-0.356867,-0.434236,-0.827094],[0.173053,-0.900798,0.398265]]],"btipPosition":[28.549,250.839,-68.487],"carpPosition":[56.5466,224.212,27.9396],"dipPosition":[31.1217,237.447,-62.5663],"direction":[-0.296264,0.666571,-0.684039],"extended":true,"handId":127,"id":1274,"length":43.5643,"mcpPosition":[48.0842,221.666,-23.3451],"pipPosition":[36.1193,226.203,-51.0272],"stabilizedTipPosition":[29.2568,245.361,-67.2889],"timeVisible":1.30948,"tipPosition":[32.0164,247.677,-67.5204],"tipVelocity":[-52.5141,1346.29,73.645],"tool":false,"touchDistance":-0.286452,"touchZone":"touching","type":4,"width":14.0768}],"r":[[0.818921,-0.415296,0.396104],[0.411898,0.905919,0.0982392],[-0.399636,0.0827041,0.912935]],"s":1.14645,"t":[33.3194,116.487,-78.0314],"timestamp":1131962155103},{"currentFrameRate":78.3168,"devices":[],"gestures":[{"direction":[-0.019865,0.999799,0.00253162],"duration":0,"handIds":[127],"id":1,"pointableIds":[1271],"position":[103.373,278.87,-90.1949],"speed":310.788,"startPosition":[105.615,166.013,-90.4807],"state":"start","type":"swipe"},{"direction":[-0.00842899,0.999863,-0.0142393],"duration":0,"handIds":[127],"id":2,"pointableIds":[1272],"position":[80.8914,264.424,-103.878],"speed":295.388,"startPosition":[81.8491,150.824,-102.26],"state":"start","type":"swipe"},{"direction":[-0.0117504,0.999363,-0.0337035],"duration":0,"handIds":[127],"id":3,"pointableIds":[1273],"position":[53.6349,267.116,-90.2162],"speed":286.996,"startPosition":[55.083,143.952,-86.0625],"state":"start","type":"swipe"},{"direction":[-0.0285075,0.999263,-0.0257091],"duration":0,"handIds":[127],"id":4,"pointableIds":[1274],"position":[28.7256,260.519,-66.044],"speed":270.291,"startPosition":[32.1485,140.536,-62.9571],"state":"start","type":"swipe"}],"hands":[{"armBasis":[[-0.927941,-0.346777,-0.136646],[0.364529,-0.76787,-0.526777],[0.0777473,-0.538629,0.838948]],"armWidth":56.2653,"confidence":1,"direction":[0.115565,-0.0270014,-0.992933],"elbow":[86.2074,105.595,259.23],"grabAngle":0.966658,"grabStrength":0.0407112,"id":127,"palmNormal":[-0.366273,0.928029,-0.0678662],"palmPosition":[78.2503,246.16,-10.4492],"palmVelocity":[-30.0597,1282.95,44.3221],"palmWidth":81.6617,"pinchDistance":67.7284,"pinchStrength":0,"r":[[0.821713,-0.41998,0.385234],[0.408492,0.905395,0.115735],[-0.397395,0.0622643,0.915533]],"s":1.14785,"sphereCenter":[33.0603,291.231,-38.6149],"sphereRadius":72.404,"stabilizedPalmPosition":[78.2932,244.502,-10.5054],"t":[32.9754,127.023,-77.6783],"timeVisible":1.31812,"type":"right","wrist":[67.3677,236.115,55.9366]}],"id":101501,"interactionBox":{"center":[0,200,0],"size":[235.247,235.247,147.751]},"pointables":[{"bases":[[[-0.0213794,-0.984825,-0.172229],[0.86177,-0.105487,0.49621],[-0.506848,-0.137813,0.850948]],[[0.203076,-0.824617,-0.527983],[0.908739,-0.0420752,0.415238],[-0.364628,-0.564124,0.740817]],[[0.203076,-0.824617,-0.527983],[0.976483,0.130687,0.17147],[-0.0723966,-0.550388,0.831764]],[[0.203076,-0.824617,-0.527983],[0.924234,0.339493,-0.174744],[0.323344,-0.452494,0.831082]]],"btipPosition":[99.4086,310.504,-32.2716],"carpPosition":[87.4711,259.913,42.1518],"dipPosition":[105.935,301.37,-15.4962],"direction":[0.0723966,0.550388,-0.831764],"extended":false,"handId":127,"id":1270,"length":44.9491,"mcpPosition":[87.4711,259.913,42.1518],"pipPosition":[103.806,285.185,8.96318],"stabilizedTipPosition":[100.969,307.098,-28.6047],"timeVisible":1.31812,"tipPosition":[106.808,307.101,-28.1481],"tipVelocity":[-51.9546,1322.86,195.762],"tool":false,"touchDistance":0.444804,"touchZone":"hovering","type":0,"width":17.7523},{"bases":[[[-0.890792,-0.370787,-0.262691],[0.402117,-0.912457,-0.0756609],[-0.21164,-0.173031,0.961909]],[[-0.904461,-0.383027,-0.187727],[0.404972,-0.909288,-0.0958796],[-0.133974,-0.162744,0.97753]],[[-0.904461,-0.383027,-0.187727],[0.421453,-0.73456,-0.531788],[0.0657921,-0.5601,0.825809]],[[-0.904461,-0.383027,-0.187727],[0.364215,-0.464379,-0.807279],[0.222033,-0.798525,0.559516]]],"btipPosition":[102.62,281.576,-92.0913],"carpPosition":[88.3252,240.678,33.1025],"dipPosition":[105.892,269.809,-83.8463],"direction":[-0.0657921,0.5601,-0.825809],"extended":true,"handId":127,"id":1271,"length":50.7201,"mcpPosition":[102.299,252.103,-30.4097],"pipPosition":[107.263,258.133,-66.6311],"stabilizedTipPosition":[103.391,277.342,-90.2658],"timeVisible":1.31812,"tipPosition":[100.815,282.138,-88.2187],"tipVelocity":[-14.7129,1371.81,62.8345],"tool":false,"touchDistance":-0.283333,"touchZone":"touching","type":1,"width":16.957},{"bases":[[[-0.966607,-0.229734,-0.113546],[0.240985,-0.965584,-0.0978458],[-0.0871592,-0.121941,0.988703]],[[-0.970517,-0.240245,-0.0194525],[0.240786,-0.970005,-0.0333444],[-0.0108582,-0.0370452,0.999255]],[[-0.970517,-0.240245,-0.0194525],[0.223894,-0.868686,-0.441877],[0.0892607,-0.433205,0.896865]],[[-0.970517,-0.240245,-0.0194525],[0.169263,-0.621863,-0.764616],[0.171598,-0.745365,0.644193]]],"btipPosition":[80.2517,267.203,-106.279],"carpPosition":[79.3132,235.322,29.6066],"dipPosition":[83.033,255.122,-95.8384],"direction":[-0.0892607,0.433205,-0.896865],"extended":true,"handId":127,"id":1272,"length":57.7915,"mcpPosition":[84.7707,242.958,-32.3014],"pipPosition":[85.2221,244.498,-73.8421],"stabilizedTipPosition":[81.0201,261.377,-104.005],"timeVisible":1.31812,"tipPosition":[78.5657,268.637,-102.334],"tipVelocity":[-58.5157,1434.82,57.4131],"tool":false,"touchDistance":-0.331563,"touchZone":"touching","type":2,"width":16.654},{"bases":[[[-0.984296,-0.171727,0.0408892],[0.168408,-0.982925,-0.0741406],[0.0529229,-0.0660902,0.996409]],[[-0.97863,-0.175727,0.106787],[0.155191,-0.971881,-0.177095],[0.134904,-0.156738,0.978383]],[[-0.97863,-0.175727,0.106787],[0.0708546,-0.775688,-0.627127],[0.193036,-0.606159,0.771562]],[[-0.97863,-0.175727,0.106787],[-0.0131094,-0.464943,-0.885244],[0.205211,-0.867726,0.452703]]],"btipPosition":[52.8743,270.332,-91.8941],"carpPosition":[68.967,232.111,27.5538],"dipPosition":[56.1811,256.349,-84.599],"direction":[-0.193036,0.606159,-0.771562],"extended":true,"handId":127,"id":1273,"length":55.568,"mcpPosition":[65.9918,235.827,-28.4625],"pipPosition":[60.7932,241.867,-66.1646],"stabilizedTipPosition":[53.7199,264.911,-90.3757],"timeVisible":1.31812,"tipPosition":[52.7651,270.049,-88.1958],"tipVelocity":[-56.7718,1506.44,111.393],"tool":false,"touchDistance":0.387244,"touchZone":"hovering","type":3,"width":15.8473},{"bases":[[[-0.98576,-0.013438,0.167622],[0.0172736,-0.999621,0.0214454],[0.16727,0.0240355,0.985618]],[[-0.916082,-0.00722874,0.400925],[-0.0629209,-0.98486,-0.161526],[0.396023,-0.173198,0.901758]],[[-0.916082,-0.00722874,0.400925],[-0.270409,-0.727153,-0.630973],[0.296096,-0.686437,0.664178]],[[-0.916082,-0.00722874,0.400925],[-0.364325,-0.402674,-0.839714],[0.167513,-0.915315,0.366249]]],"btipPosition":[28.1528,263.649,-67.2963],"carpPosition":[56.4201,234.431,28.145],"dipPosition":[30.6431,250.041,-61.8516],"direction":[-0.296096,0.686437,-0.664178],"extended":true,"handId":127,"id":1274,"length":43.5643,"mcpPosition":[47.7153,233.18,-23.1471],"pipPosition":[35.6379,238.462,-50.6475],"stabilizedTipPosition":[28.8074,258.185,-66.2357],"timeVisible":1.31812,"tipPosition":[31.5166,260.334,-66.588],"tipVelocity":[-48.0463,1476.89,125.138],"tool":false,"touchDistance":-0.283333,"touchZone":"touching","type":4,"width":14.0768}],"r":[[0.821713,-0.41998,0.385234],[0.408492,0.905395,0.115735],[-0.397395,0.0622643,0.915533]],"s":1.14785,"t":[32.9754,127.023,-77.6783],"timestamp":1131962163743},{"currentFrameRate":79.8974,"devices":[],"gestures":[{"direction":[-0.0690416,0.993759,0.0876194],"duration":0,"handIds":[127],"id":5,"pointableIds":[1270],"position":[100.845,319.225,-26.9047],"speed":335.854,"startPosition":[108.068,215.254,-36.0718],"state":"start","type":"swipe"},{"direction":[-0.0149505,0.999879,-0.004392],"duration":8645,"handIds":[127],"id":1,"pointableIds":[1271],"position":[103.228,289.947,-89.6877],"speed":320.576,"startPosition":[105.615,166.013,-90.4807],"state":"update","type":"swipe"},{"direction":[-0.020747,0.999757,0.00739129],"duration":8645,"handIds":[127],"id":2,"pointableIds":[1272],"position":[80.3174,276.333,-103.236],"speed":305.726,"startPosition":[81.8491,150.824,-102.26],"state":"update","type":"swipe"},{"direction":[-0.0207235,0.999741,-0.00940924],"duration":8645,"handIds":[127],"id":3,"pointableIds":[1273],"position":[53.2039,279.506,-89.3137],"speed":298.213,"startPosition":[55.083,143.952,-86.0625],"state":"update","type":"swipe"},{"direction":[-0.0348096,0.999394,-0.000261951],"duration":8645,"handIds":[127],"id":4,"pointableIds":[1274],"position":[28.2437,272.864,-64.9579],"speed":281.908,"startPosition":[32.1485,140.536,-62.9571],"state":"update","type":"swipe"}],"hands":[{"armBasis":[[-0.931338,-0.340573,-0.128914],[0.354391,-0.766245,-0.535982],[0.0837612,-0.544866,0.834329]],"armWidth":56.2653,"confidence":1,"direction":[0.110082,-0.00764588,-0.993893],"elbow":[87.5904,113.626,258.451],"grabAngle":0.960338,"grabStrength":0.0393753,"id":127,"palmNormal":[-0.356239,0.93323,-0.0466355],"palmPosition":[77.8629,256.827,-9.98514],"palmVelocity":[-44.8116,1233.93,53.6818],"palmWidth":81.6617,"pinchDistance":68.4272,"pinchStrength":0,"r":[[0.823404,-0.426938,0.373804],[0.407953,0.90326,0.133028],[-0.394437,0.0429586,0.917918]],"s":1.14938,"sphereCenter":[33.3028,301.548,-37.3868],"sphereRadius":71.6741,"stabilizedPalmPosition":[77.9131,255.389,-10.0458],"t":[32.6097,137.624,-77.2697],"timeVisible":1.32676,"type":"right","wrist":[67.2934,245.657,56.2769]}],"id":101502,"interactionBox":{"center":[0,200,0],"size":[235.247,235.247,147.751]},"pointables":[{"bases":[[[-0.0332694,-0.980738,-0.192472],[0.863113,-0.12529,0.489223],[-0.503914,-0.149849,0.850656]],[[0.191242,-0.815499,-0.546248],[0.912686,-0.0570245,0.404664],[-0.361153,-0.575942,0.733389]],[[0.191242,-0.815499,-0.546248],[0.978911,0.117734,0.166951],[-0.0718363,-0.566656,0.820817]],[[0.191242,-0.815499,-0.546248],[0.928263,0.331127,-0.169357],[0.318988,-0.474674,0.820324]]],"btipPosition":[99.3639,321.428,-30.7131],"carpPosition":[87.5106,269.381,42.8385],"dipPosition":[105.803,311.847,-14.1548],"direction":[0.0718363,0.566656,-0.820817],"extended":false,"handId":127,"id":1270,"length":44.9491,"mcpPosition":[87.5106,269.381,42.8385],"pipPosition":[103.69,295.184,9.98268],"stabilizedTipPosition":[100.857,318.044,-27.0702],"timeVisible":1.32676,"tipPosition":[106.882,317.832,-26.5797],"tipVelocity":[-7.51372,1251.76,174.51],"tool":false,"touchDistance":0.456286,"touchZone":"hovering","type":0,"width":17.7523},{"bases":[[[-0.896232,-0.355382,-0.265464],[0.391506,-0.915077,-0.0967312],[-0.208544,-0.190625,0.959256]],[[-0.91005,-0.3695,-0.187827],[0.392449,-0.913924,-0.103571],[-0.13339,-0.167967,0.976726]],[[-0.91005,-0.3695,-0.187827],[0.410493,-0.740563,-0.532036],[0.0574894,-0.561281,0.825626]],[[-0.91005,-0.3695,-0.187827],[0.357043,-0.468624,-0.80803],[0.210547,-0.80241,0.558398]]],"btipPosition":[102.514,292.666,-91.5803],"carpPosition":[88.1028,250.331,33.3882],"dipPosition":[105.617,280.842,-83.3518],"direction":[-0.0574894,0.561281,-0.825626],"extended":true,"handId":127,"id":1271,"length":50.7201,"mcpPosition":[101.872,262.917,-29.9488],"pipPosition":[106.815,269.141,-66.1404],"stabilizedTipPosition":[103.244,288.659,-89.7468],"timeVisible":1.32676,"tipPosition":[100.618,293.868,-87.2935],"tipVelocity":[-16.7823,1281.28,58.6688],"tool":false,"touchDistance":-0.283333,"touchZone":"touching","type":1,"width":16.957},{"bases":[[[-0.96969,-0.216628,-0.113019],[0.229677,-0.965948,-0.119135],[-0.0833624,-0.141482,0.986425]],[[-0.973219,-0.229149,-0.0183004],[0.22976,-0.972188,-0.0454006],[-0.00738796,-0.0483894,0.998801]],[[-0.973219,-0.229149,-0.0183004],[0.212487,-0.86636,-0.451962],[0.0877121,-0.443747,0.891849]],[[-0.973219,-0.229149,-0.0183004],[0.159013,-0.613573,-0.773462],[0.16601,-0.755658,0.633579]]],"btipPosition":[79.6985,279.15,-105.598],"carpPosition":[79.0135,245.149,29.8312],"dipPosition":[82.3892,266.902,-95.3292],"direction":[-0.0877121,0.443747,-0.891849],"extended":true,"handId":127,"id":1272,"length":57.7915,"mcpPosition":[84.2332,254.008,-31.9341],"pipPosition":[84.5404,256.019,-73.456],"stabilizedTipPosition":[80.4402,273.718,-103.371],"timeVisible":1.32676,"tipPosition":[78.0562,280.986,-101.468],"tipVelocity":[-66.4007,1377.52,74.2164],"tool":false,"touchDistance":-0.317116,"touchZone":"touching","type":2,"width":16.654},{"bases":[[[-0.985925,-0.161649,0.0426781],[0.157036,-0.982974,-0.0953992],[0.0573727,-0.0873545,0.994524]],[[-0.98018,-0.166942,0.106667],[0.144025,-0.970183,-0.194941],[0.13603,-0.175715,0.974998]],[[-0.98018,-0.166942,0.106667],[0.0607347,-0.765716,-0.640305],[0.18857,-0.621135,0.760679]],[[-0.98018,-0.166942,0.106667],[-0.0205926,-0.44965,-0.892967],[0.197036,-0.877465,0.4373]]],"btipPosition":[52.4737,282.758,-90.9345],"carpPosition":[68.6215,242.096,27.7687],"dipPosition":[55.6488,268.618,-83.8876],"direction":[-0.18857,0.621135,-0.760679],"extended":true,"handId":127,"id":1273,"length":55.568,"mcpPosition":[65.3961,247.007,-28.1416],"pipPosition":[60.1542,253.778,-65.7132],"stabilizedTipPosition":[53.2714,277.598,-89.4525],"timeVisible":1.32676,"tipPosition":[52.2591,282.549,-87.1218],"tipVelocity":[-49.8452,1433.17,104.396],"tool":false,"touchDistance":0.395391,"touchZone":"hovering","type":3,"width":15.8473},{"bases":[[[-0.984962,-0.00602041,0.172669],[0.00622463,-0.99998,0.000641294],[0.172661,0.00170645,0.98498]],[[-0.914102,-0.00543004,0.405448],[-0.0742029,-0.980785,-0.180429],[0.398637,-0.195016,0.896135]],[[-0.914102,-0.00543004,0.405448],[-0.281364,-0.711516,-0.643878],[0.291979,-0.702649,0.64887]],[[-0.914102,-0.00543004,0.405448],[-0.374009,-0.37497,-0.848243],[0.156637,-0.927021,0.34073]]],"btipPosition":[27.7081,276.034,-66.123],"carpPosition":[56.1045,244.541,28.4761],"dipPosition":[30.0367,262.252,-61.0576],"direction":[-0.291979,0.702649,-0.64887],"extended":true,"handId":127,"id":1274,"length":43.5643,"mcpPosition":[47.1191,244.452,-22.7828],"pipPosition":[34.9621,250.399,-50.1118],"stabilizedTipPosition":[28.3227,270.805,-65.1371],"timeVisible":1.32676,"tipPosition":[30.9881,272.68,-65.561],"tipVelocity":[-55.7441,1427.99,125.634],"tool":false,"touchDistance":-0.283333,"touchZone":"touching","type":4,"width":14.0768}],"r":[[0.823404,-0.426938,0.373804],[0.407953,0.90326,0.133028],[-0.394437,0.0429586,0.917918]],"s":1.14938,"t":[32.6097,137.624,-77.2697],"timestamp":1131962172388},{"currentFrameRate":81.3766,"devices":[],"gestures":[{"direction":[-0.0690416,0.993759,0.0876194],"duration":0,"handIds":[127],"id":5,"pointableIds":[1270],"position":[100.845,319.225,-26.9047],"speed":335.854,"startPosition":[108.068,215.254,-36.0718],"state":"start","type":"swipe"},{"direction":[-0.0245635,0.999584,0.0150898],"duration":17377,"handIds":[127],"id":1,"pointableIds":[1271],"position":[102.555,301.878,-88.9295],"speed":330.993,"startPosition":[105.615,166.013,-90.4807],"state":"update","type":"swipe"},{"direction":[-0.0326652,0.999221,0.0221342],"duration":17377,"handIds":[127],"id":2,"pointableIds":[1272],"position":[79.6574,288.653,-102.449],"speed":316.483,"startPosition":[81.8491,150.824,-102.26],"state":"update","type":"swipe"},{"direction":[-0.0192055,0.999783,-0.00808549],"duration":17377,"handIds":[127],"id":3,"pointableIds":[1273],"position":[52.6048,292.132,-88.0801],"speed":309.623,"startPosition":[55.083,143.952,-86.0625],"state":"update","type":"swipe"},{"direction":[-0.0331474,0.999449,-0.00157662],"duration":17377,"handIds":[127],"id":4,"pointableIds":[1274],"position":[27.6047,284.315,-64.0239],"speed":292.739,"startPosition":[32.1485,140.536,-62.9571],"state":"update","type":"swipe"}],"hands":[{"armBasis":[[-0.927487,-0.350364,-0.130432],[0.362684,-0.758593,-0.541292],[0.0907041,-0.549347,0.830657]],"armWidth":56.2653,"confidence":1,"direction":[0.109022,0.0162101,-0.993907],"elbow":[89.0297,121.816,257.887],"grabAngle":0.953553,"grabStrength":0.0361814,"id":127,"palmNormal":[-0.364954,0.930694,-0.0248528],"palmPosition":[77.4304,267.567,-9.44343],"palmVelocity":[-49.5321,1229.92,62.0372],"palmWidth":81.6617,"pinchDistance":66.7882,"pinchStrength":0,"r":[[0.825607,-0.432471,0.362411],[0.405918,0.901366,0.150895],[-0.391923,0.0225289,0.919722]],"s":1.15049,"sphereCenter":[32.4368,311.399,-36.0721],"sphereRadius":71.1984,"stabilizedPalmPosition":[77.4801,266.314,-9.50542],"t":[32.2106,148.295,-76.7945],"timeVisible":1.33549,"type":"right","wrist":[67.0503,254.934,56.6025]}],"id":101503,"interactionBox":{"center":[0,200,0],"size":[235.247,235.247,147.751]},"pointables":[{"bases":[[[-0.024366,-0.976327,-0.214925],[0.864794,-0.128441,0.485421],[-0.501535,-0.174038,0.847451]],[[0.198493,-0.800546,-0.565443],[0.91635,-0.0530922,0.396842],[-0.347711,-0.596914,0.723043]],[[0.198493,-0.800546,-0.565443],[0.97811,0.125029,0.16634],[-0.0624661,-0.586083,0.80784]],[[0.198493,-0.800546,-0.565443],[0.926493,0.341451,-0.158186],[0.319707,-0.49248,0.809476]]],"btipPosition":[97.9818,332.911,-28.8416],"carpPosition":[87.0207,278.994,43.6459],"dipPosition":[104.435,322.97,-12.5023],"direction":[0.0624661,0.586083,-0.80784],"extended":false,"handId":127,"id":1270,"length":44.9491,"mcpPosition":[87.0207,278.994,43.6459],"pipPosition":[102.598,305.736,11.2535],"stabilizedTipPosition":[99.5937,329.47,-25.2659],"timeVisible":1.33549,"tipPosition":[105.705,329.24,-24.669],"tipVelocity":[-157.896,1305.55,208.553],"tool":false,"touchDistance":0.471307,"touchZone":"hovering","type":0,"width":17.7523},{"bases":[[[-0.893189,-0.357531,-0.272736],[0.399889,-0.908924,-0.118091],[-0.205675,-0.214542,0.954814]],[[-0.907377,-0.374385,-0.191056],[0.399486,-0.909488,-0.115077],[-0.13068,-0.180742,0.97481]],[[-0.907377,-0.374385,-0.191056],[0.416112,-0.735999,-0.534],[0.0593052,-0.56404,0.823615]],[[-0.907377,-0.374385,-0.191056],[0.362681,-0.467653,-0.806079],[0.212436,-0.80071,0.56012]]],"btipPosition":[101.835,304.592,-90.8279],"carpPosition":[87.7793,260.172,33.7598],"dipPosition":[104.965,292.793,-82.574],"direction":[-0.0593052,0.56404,-0.823615],"extended":true,"handId":127,"id":1271,"length":50.7201,"mcpPosition":[101.36,274.338,-29.2839],"pipPosition":[106.202,281.035,-65.4046],"stabilizedTipPosition":[102.617,300.683,-89.0034],"timeVisible":1.33549,"tipPosition":[99.9322,306.282,-86.0954],"tipVelocity":[-77.0215,1366.44,86.8347],"tool":false,"touchDistance":-0.283333,"touchZone":"touching","type":1,"width":16.957},{"bases":[[[-0.967761,-0.223006,-0.117075],[0.238515,-0.960774,-0.141509],[-0.0809254,-0.164871,0.98299]],[[-0.971052,-0.237896,-0.021529],[0.238781,-0.969172,-0.060732],[-0.00641748,-0.0641147,0.997922]],[[-0.971052,-0.237896,-0.021529],[0.220489,-0.858021,-0.463881],[0.0918828,-0.455199,0.885636]],[[-0.971052,-0.237896,-0.021529],[0.164818,-0.60206,-0.781254],[0.172895,-0.762187,0.623842]]],"btipPosition":[79.0129,291.494,-104.774],"carpPosition":[78.7346,254.988,30.093],"dipPosition":[81.8151,279.141,-94.6634],"direction":[-0.0918828,0.455199,-0.885636],"extended":true,"handId":127,"id":1272,"length":57.7915,"mcpPosition":[83.8018,265.312,-31.4573],"pipPosition":[84.0686,267.977,-72.9426],"stabilizedTipPosition":[79.7789,286.335,-102.592],"timeVisible":1.33549,"tipPosition":[77.3893,293.616,-100.431],"tipVelocity":[-75.5851,1410.91,90.1661],"tool":false,"touchDistance":-0.301928,"touchZone":"touching","type":2,"width":16.654},{"bases":[[[-0.98433,-0.171771,0.0398588],[0.166062,-0.979017,-0.118104],[0.0593094,-0.109635,0.992201]],[[-0.978785,-0.178217,0.101085],[0.152363,-0.962966,-0.222446],[0.136985,-0.202325,0.969691]],[[-0.978785,-0.178217,0.101085],[0.0680797,-0.748222,-0.659946],[0.193247,-0.639063,0.744482]],[[-0.978785,-0.178217,0.101085],[-0.0162623,-0.424233,-0.905407],[0.204242,-0.887843,0.412335]]],"btipPosition":[51.8478,295.422,-89.6084],"carpPosition":[68.3691,251.887,27.9704],"dipPosition":[55.139,281.115,-82.9638],"direction":[-0.193247,0.639063,-0.744482],"extended":true,"handId":127,"id":1273,"length":55.568,"mcpPosition":[65.0349,258.05,-27.8093],"pipPosition":[59.7562,265.847,-65.1764],"stabilizedTipPosition":[52.6829,290.428,-88.241],"timeVisible":1.33549,"tipPosition":[51.5265,294.752,-85.9942],"tipVelocity":[-68.6193,1445.95,141.271],"tool":false,"touchDistance":0.407688,"touchZone":"hovering","type":3,"width":15.8473},{"bases":[[[-0.984667,-0.0191669,0.17339],[0.0155241,-0.99963,-0.0223413],[0.173754,-0.019307,0.9846]],[[-0.913687,-0.0232578,0.405752],[-0.0645907,-0.977363,-0.201471],[0.401252,-0.210289,0.891502]],[[-0.913687,-0.0232578,0.405752],[-0.274079,-0.701917,-0.657415],[0.300094,-0.711879,0.634958]],[[-0.913687,-0.0232578,0.405752],[-0.371573,-0.356653,-0.857165],[0.164648,-0.933947,0.317227]]],"btipPosition":[27.0417,287.509,-65.1086],"carpPosition":[55.8308,254.198,28.7453],"dipPosition":[29.4895,273.625,-60.3926],"direction":[-0.300094,0.711879,-0.634958],"extended":true,"handId":127,"id":1274,"length":43.5643,"mcpPosition":[46.7885,255.203,-22.4938],"pipPosition":[34.5517,261.616,-49.6815],"stabilizedTipPosition":[27.6945,282.627,-64.163],"timeVisible":1.33549,"tipPosition":[30.3308,284.255,-64.5938],"tipVelocity":[-73.1736,1311.44,106.965],"tool":false,"touchDistance":-0.283333,"touchZone":"touching","type":4,"width":14.0768}],"r":[[0.825607,-0.432471,0.362411],[0.405918,0.901366,0.150895],[-0.391923,0.0225289,0.919722]],"s":1.15049,"t":[32.2106,148.295,-76.7945],"timestamp":1131962181120},{"currentFrameRate":82.8064,"devices":[],"gestures":[{"direction":[-0.0887026,0.988541,0.122139],"duration":17430,"handIds":[127],"id":5,"pointableIds":[1270],"position":[96.7044,341.53,-23.7903],"speed":355.753,"startPosition":[108.068,215.254,-36.0718],"state":"update","type":"swipe"},{"direction":[-0.0240221,0.999657,0.0104061],"duration":26075,"handIds":[127],"id":1,"pointableIds":[1271],"position":[101.803,313.365,-88.1129],"speed":341.065,"startPosition":[105.615,166.013,-90.4807],"state":"update","type":"swipe"},{"direction":[-0.0294782,0.999335,0.0214599],"duration":26075,"handIds":[127],"id":2,"pointableIds":[1272],"position":[78.9908,300.524,-101.516],"speed":326.894,"startPosition":[81.8491,150.824,-102.26],"state":"update","type":"swipe"},{"direction":[-0.027844,0.999485,0.015982],"duration":26075,"handIds":[127],"id":3,"pointableIds":[1273],"position":[51.948,304.534,-86.4581],"speed":320.803,"startPosition":[55.083,143.952,-86.0625],"state":"update","type":"swipe"},{"direction":[-0.0396145,0.999053,0.0180185],"duration":26075,"handIds":[127],"id":4,"pointableIds":[1274],"position":[26.9553,295.388,-63.0566],"speed":303.244,"startPosition":[32.1485,140.536,-62.9571],"state":"update","type":"swipe"}],"hands":[{"armBasis":[[-0.924083,-0.358162,-0.133384],[0.369759,-0.749512,-0.5491],[0.0966938,-0.556734,0.825044]],"armWidth":56.2653,"confidence":1,"direction":[0.108139,0.0329532,-0.99359],"elbow":[90.107,129.663,257.107],"grabAngle":0.949435,"grabStrength":0.0316786,"id":127,"palmNormal":[-0.37336,0.927634,-0.00986938],"palmPosition":[76.8888,278.288,-8.67828],"palmVelocity":[-62.2688,1232.58,87.9693],"palmWidth":81.6617,"pinchDistance":64.247,"pinchStrength":0,"r":[[0.828189,-0.436343,0.351722],[0.402727,0.899777,0.167966],[-0.389762,0.00253994,0.920912]],"s":1.1492,"sphereCenter":[31.7697,320.512,-34.8642],"sphereRadius":70.1671,"stabilizedPalmPosition":[76.9446,277.158,-8.75632],"t":[31.7402,158.991,-76.1744],"timeVisible":1.34419,"type":"right","wrist":[66.6762,264.57,57.1829]}],"id":101504,"interactionBox":{"center":[0,200,0],"size":[235.247,235.247,147.751]},"pointables":[{"bases":[[[-0.0157087,-0.972976,-0.230371],[0.866276,-0.1283,0.48281],[-0.499319,-0.19198,0.844881]],[[0.204566,-0.790611,-0.577136],[0.923328,-0.0398996,0.381933],[-0.324988,-0.611017,0.721832]],[[0.204566,-0.790611,-0.577136],[0.978235,0.144175,0.149233],[-0.0347765,-0.595103,0.802897]],[[0.204566,-0.790611,-0.577136],[0.917717,0.360012,-0.16789],[0.340512,-0.495303,0.799204]]],"btipPosition":[95.1235,343.829,-27.5007],"carpPosition":[86.4147,288.958,44.5799],"dipPosition":[101.997,333.831,-11.3687],"direction":[0.0347765,0.595103,-0.802897],"extended":false,"handId":127,"id":1270,"length":44.9491,"mcpPosition":[86.4147,288.958,44.5799],"pipPosition":[100.974,316.331,12.2418],"stabilizedTipPosition":[96.9544,340.486,-23.918],"timeVisible":1.34419,"tipPosition":[103.788,340.558,-23.0272],"tipVelocity":[-317.506,1253.71,148.686],"tool":false,"touchDistance":0.476909,"touchZone":"hovering","type":0,"width":17.7523},{"bases":[[[-0.890125,-0.36122,-0.277843],[0.407991,-0.903286,-0.132732],[-0.203026,-0.231506,0.951412]],[[-0.904542,-0.380196,-0.193018],[0.406676,-0.905312,-0.122578],[-0.128138,-0.189372,0.973509]],[[-0.904542,-0.380196,-0.193018],[0.422053,-0.733989,-0.5321],[0.0606292,-0.562771,0.824387]],[[-0.904542,-0.380196,-0.193018],[0.369096,-0.471541,-0.800885],[0.213477,-0.795676,0.566857]]],"btipPosition":[101.08,316.062,-90.0341],"carpPosition":[87.3359,270.303,34.396],"dipPosition":[104.225,304.337,-81.681],"direction":[-0.0606292,0.562771,-0.824387],"extended":true,"handId":127,"id":1271,"length":50.7201,"mcpPosition":[100.741,285.588,-28.4231],"pipPosition":[105.489,292.605,-64.4955],"stabilizedTipPosition":[101.871,312.312,-88.1869],"timeVisible":1.34419,"tipPosition":[99.1394,318.137,-84.9073],"tipVelocity":[-86.4502,1320.64,93.8799],"tool":false,"touchDistance":-0.283333,"touchZone":"touching","type":1,"width":16.957},{"bases":[[[-0.965794,-0.22986,-0.120024],[0.247075,-0.956214,-0.156874],[-0.0787094,-0.181163,0.980298]],[[-0.968889,-0.246203,-0.025277],[0.24741,-0.966191,-0.0725424],[-0.00656226,-0.0765393,0.997045]],[[-0.968889,-0.246203,-0.025277],[0.228677,-0.851469,-0.471918],[0.0946652,-0.463017,0.88128]],[[-0.968889,-0.246203,-0.025277],[0.171721,-0.595179,-0.785031],[0.178233,-0.764948,0.61894]]],"btipPosition":[78.3264,303.375,-103.823],"carpPosition":[78.3357,265.096,30.6529],"dipPosition":[81.2151,290.977,-93.7917],"direction":[-0.0946652,0.463017,-0.88128],"extended":true,"handId":127,"id":1272,"length":57.7915,"mcpPosition":[83.2641,276.44,-30.7289],"pipPosition":[83.5369,279.622,-72.1777],"stabilizedTipPosition":[79.1027,298.509,-101.669],"timeVisible":1.34419,"tipPosition":[76.61,305.636,-99.301],"tipVelocity":[-76.6344,1364.76,107.247],"tool":false,"touchDistance":-0.286076,"touchZone":"touching","type":2,"width":16.654},{"bases":[[[-0.98271,-0.181272,0.0377131],[0.174807,-0.97548,-0.133718],[0.0610277,-0.124814,0.990302]],[[-0.977513,-0.188209,0.0951118],[0.160073,-0.955872,-0.246346],[0.137279,-0.225581,0.964504]],[[-0.977513,-0.188209,0.0951118],[0.0741165,-0.72889,-0.680607],[0.197422,-0.658253,0.726449]],[[-0.977513,-0.188209,0.0951118],[-0.0135273,-0.394137,-0.918952],[0.210442,-0.899574,0.382727]]],"btipPosition":[51.1681,307.868,-87.8767],"carpPosition":[67.997,261.935,28.4875],"dipPosition":[54.5592,293.372,-81.7092],"direction":[-0.197422,0.658253,-0.726448],"extended":true,"handId":127,"id":1273,"length":55.568,"mcpPosition":[64.5662,268.952,-27.1854],"pipPosition":[59.2761,277.645,-64.3527],"stabilizedTipPosition":[52.0292,302.975,-86.6552],"timeVisible":1.34419,"tipPosition":[50.7489,306.35,-84.8591],"tipVelocity":[-75.504,1425.84,186.476],"tool":false,"touchDistance":0.424582,"touchZone":"hovering","type":3,"width":15.8473},{"bases":[[[-0.984326,-0.0308134,0.173648],[0.024532,-0.998969,-0.0382049],[0.174647,-0.0333461,0.984066]],[[-0.914131,-0.0378857,0.403644],[-0.0552951,-0.974669,-0.216708],[0.40163,-0.220419,0.888881]],[[-0.914131,-0.0378857,0.403644],[-0.265341,-0.696856,-0.666322],[0.306526,-0.71621,0.626965]],[[-0.914131,-0.0378857,0.403644],[-0.366841,-0.346582,-0.863313],[0.172603,-0.937254,0.302923]]],"btipPosition":[26.3651,298.593,-64.0923],"carpPosition":[55.4389,264.12,29.3064],"dipPosition":[28.9311,284.66,-59.589],"direction":[-0.306526,0.71621,-0.626965],"extended":true,"handId":127,"id":1274,"length":43.5643,"mcpPosition":[46.3502,265.856,-21.905],"pipPosition":[34.1019,272.578,-49.0127],"stabilizedTipPosition":[27.0403,293.921,-63.1838],"timeVisible":1.34419,"tipPosition":[29.5749,295.422,-63.5245],"tipVelocity":[-74.6632,1273.03,111.215],"tool":false,"touchDistance":-0.283333,"touchZone":"touching","type":4,"width":14.0768}],"r":[[0.828189,-0.436343,0.351722],[0.402727,0.899777,0.167966],[-0.389762,0.00253994,0.920912]],"s":1.1492,"t":[31.7402,158.991,-76.1744],"timestamp":1131962189818},{"currentFrameRate":84.1087,"devices":[],"gestures":[{"direction":[-0.104027,0.982374,0.155306],"duration":26291,"handIds":[127],"id":5,"pointableIds":[1270],"position":[94.2781,352.729,-19.5886],"speed":365.636,"startPosition":[108.068,215.254,-36.0718],"state":"update","type":"swipe"},{"direction":[-0.0354654,0.998646,0.0380613],"duration":34936,"handIds":[127],"id":1,"pointableIds":[1271],"position":[100.544,325.549,-85.542],"speed":351.296,"startPosition":[105.615,166.013,-90.4807],"state":"update","type":"swipe"},{"direction":[-0.0426023,0.997956,0.0476426],"duration":34936,"handIds":[127],"id":2,"pointableIds":[1272],"position":[77.7274,313.664,-98.71],"speed":337.891,"startPosition":[81.8491,150.824,