{"frames":76,"data":[{"currentFrameRate":114.971,"devices":[],"gestures":[],"hands":[{"armBasis":[[0.0538858,-0.721782,-0.69002],[0.985134,0.15131,-0.0813431],[0.163119,-0.675379,0.719205]],"armWidth":61.1384,"confidence":1,"direction":[0.212159,0.399647,-0.89178],"elbow":[99.1052,-19.6848,273.735],"grabAngle":0.437537,"grabStrength":0,"id":203,"palmNormal":[-0.971137,-0.0155635,-0.238013],"palmPosition":[64.1875,190.243,30.3073],"palmVelocity":[-1043.43,2.19051,-55.8398],"palmWidth":85.7185,"pinchDistance":54.4196,"pinchStrength":0,"r":[[0.216281,-0.974365,0.0619319],[0.856898,0.15904,-0.490339],[0.46792,0.159121,0.869328]],"s":1.46825,"sphereCenter":[-145.031,166.419,-26.0439],"sphereRadius":218.837,"stabilizedPalmPosition":[65.2796,190.241,30.375],"t":[-66.197,54.8209,37.8565],"timeVisible":10.0508,"type":"right","wrist":[57.6146,152.103,90.7994]}],"id":283381,"interactionBox":{"center":[0,200,0],"size":[235.247,235.247,147.751]},"pointables":[{"bases":[[[0.953872,-0.276908,-0.115976],[0.263785,0.588616,0.764165],[-0.143338,-0.759509,0.634508]],[[0.963226,-0.118759,-0.241023],[0.266416,0.538644,0.799303],[0.0349011,-0.834122,0.550475]],[[0.963226,-0.118759,-0.241023],[0.244173,0.761256,0.600724],[0.112139,-0.637484,0.762259]],[[0.963226,-0.118759,-0.241023],[0.219502,0.865145,0.450936],[0.154967,-0.487258,0.859398]]],"btipPosition":[35.729,258.114,13.8084],"carpPosition":[44.6377,186.562,84.6666],"dipPosition":[39.2668,246.99,33.428],"direction":[-0.112139,0.637484,-0.762259],"extended":true,"handId":203,"id":2030,"length":50.838,"mcpPosition":[44.6377,186.562,84.6666],"pipPosition":[42.9965,225.787,58.7802],"stabilizedTipPosition":[37.4406,255.489,18.1646],"timeVisible":10.0508,"tipPosition":[38.8302,256.122,19.0334],"tipVelocity":[-1018.73,78.4869,191.864],"tool":false,"touchDistance":-0.288337,"touchZone":"touching","type":0,"width":19.5844},{"bases":[[[0.143075,-0.836424,-0.529078],[0.988703,0.0966614,0.114555],[-0.0446751,-0.539491,0.840805]],[[0.138109,-0.884481,-0.445668],[0.990055,0.135451,0.0379915],[0.0267635,-0.446483,0.894392]],[[0.138109,-0.884481,-0.445668],[0.966291,0.219047,-0.13528],[0.217275,-0.411961,0.884918]],[[0.138109,-0.884481,-0.445668],[0.914729,0.286436,-0.284999],[0.379732,-0.368305,0.84862]]],"btipPosition":[56.0165,255.867,-53.6268],"carpPosition":[65.4935,183.914,77.1375],"dipPosition":[62.3453,249.729,-39.4833],"direction":[-0.217275,0.411961,-0.884918],"extended":true,"handId":203,"id":2031,"length":57.365,"mcpPosition":[68.5898,221.304,18.8636],"pipPosition":[67.4682,240.016,-18.6191],"stabilizedTipPosition":[58.5029,254.186,-50.4975],"timeVisible":10.0508,"tipPosition":[59.815,250.973,-51.3587],"tipVelocity":[-1089.64,300.184,149.553],"tool":false,"touchDistance":0.352765,"touchZone":"hovering","type":1,"width":18.7071},{"bases":[[[-0.0349366,-0.905763,-0.422343],[0.997437,-0.0580056,0.0418907],[-0.0624413,-0.419797,0.905468]],[[-0.0388894,-0.930942,-0.363091],[0.999192,-0.0325363,-0.0235989],[0.0101556,-0.363715,0.931455]],[[-0.0388894,-0.930942,-0.363091],[0.983225,0.0291511,-0.180051],[0.178202,-0.364002,0.914192]],[[-0.0388894,-0.930942,-0.363091],[0.949956,0.0782674,-0.302419],[0.309953,-0.356681,0.88131]]],"btipPosition":[61.7472,236.098,-74.0386],"carpPosition":[68.7456,174.77,70.7834],"dipPosition":[67.429,229.56,-57.8833],"direction":[-0.178202,0.364002,-0.914192],"extended":true,"handId":203,"id":2032,"length":65.3629,"mcpPosition":[72.8496,202.362,11.2706],"pipPosition":[72.3721,219.463,-32.5246],"stabilizedTipPosition":[63.8977,234.373,-70.3747],"timeVisible":10.0508,"tipPosition":[68.9429,230.368,-71.5399],"tipVelocity":[-1244.57,338.633,88.5974],"tool":false,"touchDistance":0.344845,"touchZone":"hovering","type":2,"width":18.3728},{"bases":[[[-0.118836,-0.9507,-0.286441],[0.989893,-0.135923,0.0404521],[-0.0773916,-0.278739,0.957244]],[[-0.119792,-0.954104,-0.274472],[0.992793,-0.114197,-0.0363357],[0.0033242,-0.276847,0.960908]],[[-0.119792,-0.954104,-0.274472],[0.97592,-0.0624034,-0.209013],[0.182292,-0.292901,0.938605]],[[-0.119792,-0.954104,-0.274472],[0.937749,-0.0179592,-0.346848],[0.326,-0.298936,0.896862]]],"btipPosition":[62.792,206.492,-74.822],"carpPosition":[69.2375,164.614,65.2552],"dipPosition":[68.7336,201.044,-58.476],"direction":[-0.182292,0.292901,-0.938605],"extended":true,"handId":203,"id":2033,"length":62.8481,"mcpPosition":[73.8045,181.063,8.76733],"pipPosition":[73.6596,193.129,-33.1126],"stabilizedTipPosition":[65.0748,205.013,-71.0553],"timeVisible":10.0508,"tipPosition":[71.246,201.137,-71.9015],"tipVelocity":[-1309.48,335.478,-0.834728],"tool":false,"touchDistance":0.333333,"touchZone":"hovering","type":3,"width":17.4829},{"bases":[[[-0.288909,-0.940956,-0.176445],[0.948607,-0.306225,0.0798179],[-0.129137,-0.144317,0.981069]],[[-0.297114,-0.94866,-0.10848],[0.954826,-0.295844,-0.027991],[-0.00553935,-0.111896,0.993704]],[[-0.297114,-0.94866,-0.10848],[0.932754,-0.264067,-0.245436],[0.204189,-0.174108,0.963324]],[[-0.297114,-0.94866,-0.10848],[0.880633,-0.228336,-0.415149],[0.369065,-0.218878,0.903262]]],"btipPosition":[60.2963,172.108,-60.1965],"carpPosition":[63.1522,153.363,61.2367],"dipPosition":[66.5018,168.428,-45.009],"direction":[-0.204189,0.174108,-0.963324],"extended":true,"handId":203,"id":2034,"length":49.2718,"mcpPosition":[70.2065,161.246,7.64502],"pipPosition":[70.3975,165.106,-26.6297],"stabilizedTipPosition":[62.836,171.016,-56.6177],"timeVisible":10.0508,"tipPosition":[67.0707,167.439,-57.0164],"tipVelocity":[-1326.41,306.753,-96.3568],"tool":false,"touchDistance":0.333333,"touchZone":"hovering","type":4,"width":15.5297}],"r":[[0.216281,-0.974365,0.0619319],[0.856898,0.15904,-0.490339],[0.46792,0.159121,0.869328]],"s":1.46825,"t":[-66.197,54.8209,37.8565],"timestamp":1134224433896},{"currentFrameRate":114.984,"devices":[],"gestures":[],"hands":[{"armBasis":[[0.0172729,-0.73377,-0.679179],[0.980555,0.145238,-0.131974],[0.195481,-0.663693,0.72201]],"armWidth":61.1384,"confidence":1,"direction":[0.191164,0.411866,-0.890967],"elbow":[99.4699,-16.645,274.335],"grabAngle":0.433042,"grabStrength":0,"id":203,"palmNormal":[-0.978243,0.0054042,-0.207392],"palmPosition":[54.8672,190.977,30.4883],"palmVelocity":[-1074.51,84.6327,20.8689],"palmWidth":85.7185,"pinchDistance":59.5377,"pinchStrength":0,"r":[[0.213593,-0.975647,0.0499065],[0.847202,0.159552,-0.506747],[0.486443,0.150518,0.860649]],"s":1.46821,"sphereCenter":[-158.562,171.454,-19.0732],"sphereRadius":220.681,"stabilizedPalmPosition":[55.8671,190.907,30.4775],"t":[-75.1611,55.1844,37.5618],"timeVisible":10.0595,"type":"right","wrist":[49.7477,152.17,90.6863]}],"id":283382,"interactionBox":{"center":[0,200,0],"size":[235.247,235.247,147.751]},"pointables":[{"bases":[[[0.944704,-0.291141,-0.150904],[0.298011,0.570197,0.765549],[-0.136838,-0.768187,0.625431]],[[0.952563,-0.125765,-0.277139],[0.301029,0.523305,0.797203],[0.0447682,-0.842814,0.53634]],[[0.952563,-0.125765,-0.277139],[0.274931,0.746132,0.606383],[0.130521,-0.653812,0.745315]],[[0.952563,-0.125765,-0.277139],[0.246567,0.852715,0.460524],[0.178403,-0.507012,0.843274]]],"btipPosition":[26.4494,259.613,16.105],"carpPosition":[36.9685,186.659,85.367],"dipPosition":[30.5222,248.038,35.3566],"direction":[-0.130521,0.653812,-0.745315],"extended":true,"handId":203,"id":2030,"length":50.838,"mcpPosition":[36.9685,186.659,85.367],"pipPosition":[34.8633,226.293,60.1452],"stabilizedTipPosition":[28.3625,256.809,20.3029],"timeVisible":10.0595,"tipPosition":[30.222,257.452,21.1435],"tipVelocity":[-1055.63,160.901,255.018],"tool":false,"touchDistance":-0.281324,"touchZone":"touching","type":0,"width":19.5844},{"bases":[[[0.111555,-0.829139,-0.547799],[0.993367,0.0775803,0.0848678],[-0.0278687,-0.553633,0.832294]],[[0.108679,-0.87453,-0.472637],[0.992687,0.120605,0.00510221],[0.0525404,-0.469736,0.881242]],[[0.108679,-0.87453,-0.472637],[0.966571,0.204035,-0.155274],[0.232226,-0.439963,0.86747]],[[0.108679,-0.87453,-0.472637],[0.916655,0.272121,-0.292735],[0.38462,-0.401431,0.831216]]],"btipPosition":[45.3717,258.908,-51.7853],"carpPosition":[57.5277,183.788,77.1367],"dipPosition":[51.782,252.218,-37.9318],"direction":[-0.232226,0.439963,-0.86747],"extended":true,"handId":203,"id":2031,"length":57.365,"mcpPosition":[59.4592,222.159,19.4526],"pipPosition":[57.2573,241.844,-17.479],"stabilizedTipPosition":[47.9385,257.071,-48.7769],"timeVisible":10.0595,"tipPosition":[48.9224,253.406,-49.8732],"tipVelocity":[-1225.05,335.929,204.613],"tool":false,"touchDistance":0.377444,"touchZone":"hovering","type":1,"width":18.7071},{"bases":[[[-0.0642259,-0.897309,-0.436704],[0.997073,-0.0758861,0.00928628],[-0.0414725,-0.43483,0.899557]],[[-0.0665165,-0.920951,-0.38396],[0.996863,-0.0447959,-0.0652489],[0.0428912,-0.387096,0.921041]],[[-0.0665165,-0.920951,-0.38396],[0.976449,0.0190714,-0.214902],[0.205237,-0.389212,0.897993]],[[-0.0665165,-0.920951,-0.38396],[0.941651,0.069311,-0.329376],[0.329952,-0.383466,0.862604]]],"btipPosition":[49.3841,239.311,-72.6269],"carpPosition":[60.4163,174.705,70.5248],"dipPosition":[55.4324,232.281,-56.8144],"direction":[-0.205237,0.389212,-0.897993],"extended":true,"handId":203,"id":2032,"length":65.3629,"mcpPosition":[63.1421,203.284,11.4005],"pipPosition":[61.1255,221.485,-31.9051],"stabilizedTipPosition":[51.6581,237.47,-69.0832],"timeVisible":10.0595,"tipPosition":[56.7964,233.097,-70.6509],"tipVelocity":[-1415.59,357.331,153.665],"tool":false,"touchDistance":0.363687,"touchZone":"hovering","type":2,"width":18.3728},{"bases":[[[-0.144609,-0.943227,-0.299017],[0.988106,-0.153624,0.00673317],[-0.0522869,-0.294487,0.954224]],[[-0.144986,-0.945349,-0.292051],[0.98862,-0.126442,-0.081508],[0.0401261,-0.300545,0.952923]],[[-0.144986,-0.945349,-0.292051],[0.966577,-0.0722481,-0.245985],[0.211442,-0.317955,0.924228]],[[-0.144986,-0.945349,-0.292051],[0.926627,-0.0262443,-0.375064],[0.346902,-0.325002,0.879792]]],"btipPosition":[49.8549,209.635,-74.0432],"carpPosition":[60.5544,164.643,64.8081],"dipPosition":[56.1774,203.711,-58.0084],"direction":[-0.211442,0.317955,-0.924228],"extended":true,"handId":203,"id":2033,"length":62.8481,"mcpPosition":[63.6399,182.021,8.49846],"pipPosition":[61.8911,195.119,-33.0334],"stabilizedTipPosition":[52.2322,208.054,-70.4022],"timeVisible":10.0595,"tipPosition":[58.5226,203.819,-71.6198],"tipVelocity":[-1481.39,349.727,81.5328],"tool":false,"touchDistance":0.343942,"touchZone":"hovering","type":3,"width":17.4829},{"bases":[[[-0.310951,-0.932535,-0.18354],[0.945058,-0.323869,0.0444201],[-0.100866,-0.159644,0.982008]],[[-0.316789,-0.940865,-0.120074],[0.947928,-0.309672,-0.0743973],[0.0328142,-0.13739,0.989973]],[[-0.316789,-0.940865,-0.120074],[0.918527,-0.27274,-0.286217],[0.236543,-0.200962,0.950611]],[[-0.316789,-0.940865,-0.120074],[0.863291,-0.233571,-0.447407],[0.392904,-0.245392,0.886233]]],"btipPosition":[47.4062,174.991,-60.0376],"carpPosition":[54.1474,153.572,60.7893],"dipPosition":[54.0125,170.865,-45.1365],"direction":[-0.236543,0.200962,-0.950611],"extended":true,"handId":203,"id":2034,"length":49.2718,"mcpPosition":[59.6574,162.292,7.14634],"pipPosition":[58.5255,167.031,-26.9997],"stabilizedTipPosition":[50.0189,173.804,-56.6109],"timeVisible":10.0595,"tipPosition":[54.3845,169.866,-57.2404],"tipVelocity":[-1475.43,320.598,10.7255],"tool":false,"touchDistance":0.334729,"touchZone":"hovering","type":4,"width":15.5297}],"r":[[0.213593,-0.975647,0.0499065],[0.847202,0.159552,-0.506747],[0.486443,0.150518,0.860649]],"s":1.46821,"t":[-75.1611,55.1844,37.5618],"timestamp":1134224442570},{"currentFrameRate":115.041,"devices":[],"gestures":[],"hands":[{"armBasis":[[0.00632624,-0.747799,-0.663895],[0.97377,0.155613,-0.166],[0.227445,-0.645431,0.729169]],"armWidth":61.1384,"confidence":1,"direction":[0.166789,0.417689,-0.89315],"elbow":[99.251,-11.7137,275.627],"grabAngle":0.429171,"grabStrength":0,"id":203,"palmNormal":[-0.983124,0.00140545,-0.182934],"palmPosition":[44.7066,191.383,29.9159],"palmVelocity":[-1181.89,47.1964,-66.5862],"palmWidth":85.7185,"pinchDistance":59.5295,"pinchStrength":0,"r":[[0.212469,-0.976422,0.0381745],[0.836438,0.161534,-0.523716],[0.505201,0.143204,0.851037]],"s":1.46717,"sphereCenter":[-171.386,170.861,-13.8171],"sphereRadius":222.003,"stabilizedPalmPosition":[45.6983,191.341,29.9658],"t":[-84.7235,55.5691,37.1282],"timeVisible":10.0681,"type":"right","wrist":[41.3985,152.456,90.1572]}],"id":283383,"interactionBox":{"center":[0,200,0],"size":[235.247,235.247,147.751]},"pointables":[{"bases":[[[0.942121,-0.285366,-0.175997],[0.314092,0.567589,0.761044],[-0.117283,-0.772275,0.624369]],[[0.945714,-0.116548,-0.303385],[0.318269,0.521134,0.791912],[0.0658084,-0.84548,0.529937]],[[0.945714,-0.116548,-0.303385],[0.285313,0.744751,0.603276],[0.155636,-0.657086,0.737574]],[[0.945714,-0.116548,-0.303385],[0.25181,0.852925,0.457286],[0.205469,-0.508857,0.835971]]],"btipPosition":[15.2421,259.904,16.6618],"carpPosition":[28.2038,186.673,85.1984],"dipPosition":[19.9328,248.287,35.7466],"direction":[-0.155636,0.657086,-0.737574],"extended":true,"handId":203,"id":2030,"length":50.838,"mcpPosition":[28.2038,186.673,85.1984],"pipPosition":[25.1091,226.433,60.2778],"stabilizedTipPosition":[17.3996,257.194,20.9843],"timeVisible":10.0681,"tipPosition":[19.4285,257.766,21.546],"tipVelocity":[-1287.1,32.7072,60.3019],"tool":false,"touchDistance":-0.283333,"touchZone":"touching","type":0,"width":19.5844},{"bases":[[[0.102091,-0.82556,-0.555003],[0.994766,0.0823205,0.0605337],[-0.00428603,-0.558278,0.829643]],[[0.101338,-0.870755,-0.481161],[0.991291,0.129267,-0.0251563],[0.084103,-0.474421,0.876271]],[[0.101338,-0.870755,-0.481161],[0.961733,0.209499,-0.176578],[0.254559,-0.444854,0.858664]],[[0.101338,-0.870755,-0.481161],[0.912166,0.274374,-0.304421],[0.397094,-0.408049,0.822078]]],"btipPosition":[32.7182,259.819,-51.7271],"carpPosition":[48.5658,183.955,76.4429],"dipPosition":[39.3364,253.018,-38.026],"direction":[-0.254559,0.444854,-0.858664],"extended":true,"handId":203,"id":2031,"length":57.365,"mcpPosition":[48.8629,222.647,18.9425],"pipPosition":[45.3383,242.53,-17.7808],"stabilizedTipPosition":[35.4168,258.153,-48.5931],"timeVisible":10.0681,"tipPosition":[36.4176,254.259,-49.91],"tipVelocity":[-1466.29,102.987,2.6925],"tool":false,"touchDistance":0.37338,"touchZone":"hovering","type":1,"width":18.7071},{"bases":[[[-0.0705156,-0.895252,-0.439946],[0.997369,-0.0707122,-0.0159677],[-0.0168144,-0.439914,0.897882]],[[-0.0713481,-0.918527,-0.388867],[0.994421,-0.0351374,-0.0994565],[0.0776897,-0.393794,0.91591]],[[-0.0713481,-0.918527,-0.388867],[0.969766,0.027337,-0.242501],[0.233374,-0.394412,0.888806]],[[-0.0713481,-0.918527,-0.388867],[0.933086,0.0763164,-0.351463],[0.352505,-0.387923,0.85162]]],"btipPosition":[35.852,240.404,-72.6333],"carpPosition":[51.335,174.923,69.7108],"dipPosition":[42.3138,233.293,-57.0222],"direction":[-0.233374,0.394412,-0.888806],"extended":true,"handId":203,"id":2032,"length":65.3629,"mcpPosition":[52.4401,203.837,10.6966],"pipPosition":[48.7873,222.352,-32.3678],"stabilizedTipPosition":[38.2229,238.688,-69.0453],"timeVisible":10.0681,"tipPosition":[43.65,234.238,-70.9302],"tipVelocity":[-1562.99,124.968,-6.13923],"tool":false,"touchDistance":0.35986,"touchZone":"hovering","type":2,"width":18.3728},{"bases":[[[-0.147205,-0.942336,-0.300556],[0.988738,-0.148481,-0.0187284],[-0.0269783,-0.299928,0.95358]],[[-0.147298,-0.94337,-0.297247],[0.986228,-0.117229,-0.116668],[0.0752147,-0.310339,0.947646]],[[-0.147298,-0.94337,-0.297247],[0.959861,-0.0638156,-0.273119],[0.238683,-0.325546,0.914904]],[[-0.147298,-0.94337,-0.297247],[0.918383,-0.0188588,-0.395243],[0.367255,-0.331206,0.869153]]],"btipPosition":[36.5524,210.951,-74.2008],"carpPosition":[51.3819,164.893,63.9367],"dipPosition":[43.2459,204.915,-58.3599],"direction":[-0.238683,0.325546,-0.914904],"extended":true,"handId":203,"id":2033,"length":62.8481,"mcpPosition":[52.9739,182.592,7.66498],"pipPosition":[49.6957,196.117,-33.6369],"stabilizedTipPosition":[38.9635,209.47,-70.5479],"timeVisible":10.0681,"tipPosition":[45.4568,204.979,-72.1167],"tipVelocity":[-1537.41,150.083,-23.5236],"tool":false,"touchDistance":0.339847,"touchZone":"hovering","type":3,"width":17.4829},{"bases":[[[-0.310669,-0.933142,-0.180915],[0.947512,-0.319151,0.0190729],[-0.0755372,-0.165494,0.983314]],[[-0.314534,-0.941183,-0.123461],[0.947074,-0.302354,-0.107859],[0.0641862,-0.150852,0.98647]],[[-0.314534,-0.941183,-0.123461],[0.911879,-0.263453,-0.314754],[0.263715,-0.211583,0.94111]],[[-0.314534,-0.941183,-0.123461],[0.854242,-0.223935,-0.469175],[0.413932,-0.253037,0.874433]]],"btipPosition":[34.8543,176.345,-60.3805],"carpPosition":[44.9332,153.81,60.0172],"dipPosition":[41.8142,172.091,-45.6778],"direction":[-0.263715,0.211583,-0.94111],"extended":true,"handId":203,"id":2034,"length":49.2718,"mcpPosition":[49.0595,162.851,6.30293],"pipPosition":[46.8456,168.054,-27.7223],"stabilizedTipPosition":[37.4365,175.254,-56.9708],"timeVisible":10.0681,"tipPosition":[41.9482,170.906,-57.8587],"tipVelocity":[-1450.57,154.035,-45.1929],"tool":false,"touchDistance":0.333333,"touchZone":"hovering","type":4,"width":15.5297}],"r":[[0.212469,-0.976422,0.0381745],[0.836438,0.161534,-0.523716],[0.505201,0.143204,0.851037]],"s":1.46717,"t":[-84.7235,55.5691,37.1282],"timestamp":1134224451167},{"currentFrameRate":115.033,"devices":[],"gestures":[],"hands":[{"armBasis":[[0.000517175,-0.767193,-0.641416],[0.966569,0.164845,-0.196391],[0.256404,-0.619871,0.741631]],"armWidth":61.1384,"confidence":1,"direction":[0.141931,0.426333,-0.893362],"elbow":[97.9745,-4.33855,277.434],"grabAngle":0.431064,"grabStrength":0,"id":203,"palmNormal":[-0.987484,-0.00172804,-0.15771],"palmPosition":[34.2657,192.456,28.617],"palmVelocity":[-1199.27,123.237,-149.191],"palmWidth":85.7185,"pinchDistance":59.624,"pinchStrength":0,"r":[[0.212449,-0.976827,0.0259743],[0.824656,0.164967,-0.541043],[0.524221,0.136364,0.840594]],"s":1.46591,"sphereCenter":[-181.046,171.563,-8.81281],"sphereRadius":219.939,"stabilizedPalmPosition":[35.1946,192.365,28.7266],"t":[-94.7251,56.2979,36.262],"timeVisible":10.0768,"type":"right","wrist":[32.7561,153.33,88.7943]}],"id":283384,"interactionBox":{"center":[0,200,0],"size":[235.247,235.247,147.751]},"pointables":[{"bases":[[[0.938605,-0.279257,-0.202574],[0.330872,0.562378,0.757796],[-0.0976971,-0.778297,0.620249]],[[0.937619,-0.105081,-0.331403],[0.336231,0.516523,0.787498],[0.0884262,-0.849801,0.519633]],[[0.937619,-0.105081,-0.331403],[0.296602,0.739071,0.604815],[0.181376,-0.665381,0.724134]],[[0.937619,-0.105081,-0.331403],[0.258566,0.847989,0.462665],[0.232409,-0.519493,0.822261]]],"btipPosition":[3.70992,261.133,16.9672],"carpPosition":[19.2064,187.18,84.2593],"dipPosition":[9.01571,249.273,35.7391],"direction":[-0.181376,0.665381,-0.724134],"extended":true,"handId":203,"id":2030,"length":50.838,"mcpPosition":[19.2064,187.18,84.2593],"pipPosition":[15.0481,227.143,59.8233],"stabilizedTipPosition":[5.90088,258.311,21.2614],"timeVisible":10.0768,"tipPosition":[8.36083,258.775,21.4823],"tipVelocity":[-1308.37,134.737,26.8148],"tool":false,"touchDistance":-0.283333,"touchZone":"touching","type":0,"width":19.5844},{"bases":[[[0.0916348,-0.820141,-0.564776],[0.995601,0.0865833,0.035804],[0.0195359,-0.565573,0.824467]],[[0.0929677,-0.865415,-0.492355],[0.988619,0.138974,-0.0576023],[0.118275,-0.481397,0.868486]],[[0.0929677,-0.865415,-0.492355],[0.955327,0.216865,-0.200797],[0.280547,-0.451693,0.846916]],[[0.0929677,-0.865415,-0.492355],[0.904823,0.279797,-0.320949],[0.415514,-0.415657,0.80906]]],"btipPosition":[19.4993,261.587,-52.0291],"carpPosition":[39.3498,184.637,74.9619],"dipPosition":[26.4245,254.66,-38.5449],"direction":[-0.280547,0.451693,-0.846916],"extended":true,"handId":203,"id":2031,"length":57.365,"mcpPosition":[37.9958,223.835,17.8203],"pipPosition":[33.0391,244.01,-18.5767],"stabilizedTipPosition":[22.1615,259.857,-48.9028],"timeVisible":10.0768,"tipPosition":[23.5797,256.094,-50.3685],"tipVelocity":[-1510.26,199.768,-40.4159],"tool":false,"touchDistance":0.364097,"touchZone":"hovering","type":1,"width":18.7071},{"bases":[[[-0.0776457,-0.891675,-0.445968],[0.996947,-0.0657558,-0.0421013],[0.00821564,-0.447876,0.894058]],[[-0.0770784,-0.914891,-0.396275],[0.990299,-0.0241616,-0.136838],[0.115617,-0.402978,0.907877]],[[-0.0770784,-0.914891,-0.396275],[0.960706,0.0381461,-0.274933],[0.26665,-0.401896,0.876001]],[[-0.0770784,-0.914891,-0.396275],[0.921218,0.0866662,-0.379272],[0.381336,-0.394289,0.836133]]],"btipPosition":[21.6241,242.439,-72.9951],"carpPosition":[41.987,175.678,68.0809],"dipPosition":[28.6144,235.211,-57.6679],"direction":[-0.26665,0.401896,-0.876001],"extended":true,"handId":203,"id":2032,"length":65.3629,"mcpPosition":[41.4471,205.115,9.3181],"pipPosition":[36.011,224.063,-33.3686],"stabilizedTipPosition":[24.0345,240.664,-69.4471],"timeVisible":10.0768,"tipPosition":[30.0032,236.463,-71.6459],"tipVelocity":[-1620.3,230.647,-49.0514],"tool":false,"touchDistance":0.350802,"touchZone":"hovering","type":2,"width":18.3728},{"bases":[[[-0.150522,-0.940353,-0.305088],[0.988606,-0.143538,-0.045334],[-0.00116164,-0.308436,0.951244]],[[-0.150524,-0.940884,-0.303447],[0.981974,-0.106802,-0.155949],[0.114321,-0.321451,0.94]],[[-0.150524,-0.940884,-0.303447],[0.950995,-0.0539475,-0.304465],[0.270096,-0.334406,0.902896]],[[-0.150524,-0.940884,-0.303447],[0.906841,-0.00917946,-0.421373],[0.393678,-0.338605,0.854614]]],"btipPosition":[22.5444,213.119,-74.8587],"carpPosition":[41.9321,165.7,62.2182],"dipPosition":[29.7194,206.947,-59.2828],"direction":[-0.270096,0.334406,-0.902896],"extended":true,"handId":203,"id":2033,"length":62.8481,"mcpPosition":[42.0006,183.901,6.0844],"pipPosition":[37.0181,197.911,-34.8842],"stabilizedTipPosition":[24.9905,211.579,-71.237],"timeVisible":10.0768,"tipPosition":[31.9017,207.208,-73.1685],"tipVelocity":[-1596.29,245.421,-82.5636],"tool":false,"touchDistance":0.333333,"touchZone":"hovering","type":3,"width":17.4829},{"bases":[[[-0.310908,-0.933002,-0.181229],[0.949147,-0.314732,-0.00801499],[-0.0495605,-0.174505,0.983408]],[[-0.31322,-0.941404,-0.125108],[0.944188,-0.294548,-0.147479],[0.101987,-0.164319,0.981121]],[[-0.31322,-0.941404,-0.125108],[0.902625,-0.254152,-0.347384],[0.295232,-0.221733,0.92934]],[[-0.31322,-0.941404,-0.125108],[0.841713,-0.214185,-0.495625],[0.439787,-0.260545,0.859479]]],"btipPosition":[21.5984,178.433,-61.3761],"carpPosition":[35.4362,154.621,58.3663],"dipPosition":[28.993,174.052,-46.9248],"direction":[-0.295232,0.221733,-0.92934],"extended":true,"handId":203,"id":2034,"length":49.2718,"mcpPosition":[38.1435,164.154,4.64683],"pipPosition":[34.6258,169.821,-29.1939],"stabilizedTipPosition":[24.208,177.285,-57.9828],"timeVisible":10.0768,"tipPosition":[29.1074,172.93,-59.1893],"tipVelocity":[-1511.13,236.448,-120.999],"tool":false,"touchDistance":0.333333,"touchZone":"hovering","type":4,"width":15.5297}],"r":[[0.212449,-0.976827,0.0259743],[0.824656,0.164967,-0.541043],[0.524221,0.136364,0.840594]],"s":1.46591,"t":[-94.7251,56.2979,36.262],"timestamp":1134224459873},{"currentFrameRate":115.028,"devices":[],"gestures":[{"direction":[-0.99592,0.0612094,-0.066312],"duration":0,"handIds":[203],"id":22,"pointableIds":[2034],"position":[5.41318,173.694,-57.0702],"speed":182.91,"startPosition":[131.864,165.922,-48.6506],"state":"start","type":"swipe"}],"hands":[{"armBasis":[[-0.0683411,-0.808777,-0.584131],[0.957169,0.111962,-0.267006],[0.281349,-0.57736,0.766485]],"armWidth":61.1384,"confidence":1,"direction":[0.10428,0.404338,-0.908645],"elbow":[95.5874,5.06139,284.316],"grabAngle":0.444561,"grabStrength":0,"id":203,"palmNormal":[-0.994525,0.0486,-0.0925093],"palmPosition":[23.4821,189.489,28.1952],"palmVelocity":[-1239.21,-340.958,-48.4783],"palmWidth":85.7185,"pinchDistance":59.7072,"pinchStrength":0,"r":[[0.202098,-0.979216,0.017113],[0.809301,0.157139,-0.565985],[0.551532,0.128234,0.824238]],"s":1.46463,"sphereCenter":[-187.008,177.838,4.68731],"sphereRadius":212.347,"stabilizedPalmPosition":[24.339,189.699,28.2341],"t":[-105.118,55.1788,35.618],"timeVisible":10.0855,"type":"right","wrist":[24.0242,151.917,89.3551]}],"id":283385,"interactionBox":{"center":[0,200,0],"size":[235.247,235.247,147.751]},"pointables":[{"bases":[[[0.90716,-0.332086,-0.258417],[0.409505,0.555499,0.72369],[-0.0967772,-0.762325,0.639917]],[[0.905647,-0.151842,-0.395914],[0.414037,0.518198,0.748361],[0.0915295,-0.841674,0.532172]],[[0.905647,-0.151842,-0.395914],[0.372799,0.730021,0.572791],[0.202052,-0.666343,0.717748]],[[0.905647,-0.151842,-0.395914],[0.330079,0.838553,0.433447],[0.26618,-0.523233,0.809553]]],"btipPosition":[-5.1983,259.57,17.4162],"carpPosition":[11.9028,185.883,84.7955],"dipPosition":[0.878464,247.625,35.898],"direction":[-0.202052,0.666343,-0.717748],"extended":true,"handId":203,"id":2030,"length":50.838,"mcpPosition":[11.9028,185.883,84.7955],"pipPosition":[7.59858,225.463,59.7697],"stabilizedTipPosition":[-3.11947,256.927,21.6386],"timeVisible":10.0855,"tipPosition":[0.380388,256.969,21.533],"tipVelocity":[-1003.32,-181.822,43.93],"tool":false,"touchDistance":-0.282815,"touchZone":"touching","type":0,"width":19.5844},{"bases":[[[0.0108496,-0.832462,-0.553975],[0.99894,0.0338136,-0.0312477],[0.0447445,-0.553049,0.831947]],[[0.0145731,-0.876012,-0.482068],[0.986874,0.0901503,-0.133987],[0.160833,-0.473788,0.865828]],[[0.0145731,-0.876012,-0.482068],[0.944605,0.170158,-0.280654],[0.327884,-0.451274,0.829966]],[[0.0145731,-0.876012,-0.482068],[0.891006,0.230166,-0.391322],[0.453758,-0.423823,0.783886]]],"btipPosition":[6.08767,258.014,-52.3328],"carpPosition":[31.2224,182.124,74.246],"dipPosition":[13.6502,250.95,-39.2681],"direction":[-0.327884,0.451274,-0.829966],"extended":true,"handId":203,"id":2031,"length":57.365,"mcpPosition":[28.1212,220.454,16.586],"pipPosition":[21.3809,240.31,-19.6996],"stabilizedTipPosition":[8.78858,256.622,-49.2994],"timeVisible":10.0855,"tipPosition":[10.7268,252.618,-51.003],"tipVelocity":[-1524.36,-414.27,-45.9886],"tool":false,"touchDistance":0.355018,"touchZone":"hovering","type":1,"width":18.7071},{"bases":[[[-0.15366,-0.893013,-0.422985],[0.987133,-0.119561,-0.106181],[0.0442486,-0.433858,0.899894]],[[-0.15111,-0.91467,-0.374893],[0.974995,-0.0753939,-0.209048],[0.162946,-0.397108,0.903191]],[[-0.15111,-0.91467,-0.374893],[0.936834,-0.0114886,-0.349584],[0.315447,-0.404038,0.85863]],[[-0.15111,-0.91467,-0.374893],[0.890592,0.0386038,-0.453161],[0.428965,-0.402354,0.808765]]],"btipPosition":[5.74076,238.703,-72.8784],"carpPosition":[32.924,172.932,67.3773],"dipPosition":[13.6042,231.327,-58.0529],"direction":[-0.315447,0.404038,-0.85863],"extended":true,"handId":203,"id":2032,"length":65.3629,"mcpPosition":[30.0157,201.448,8.23086],"pipPosition":[22.3543,220.119,-34.2355],"stabilizedTipPosition":[8.339,237.181,-69.4675],"timeVisible":10.0855,"tipPosition":[14.3965,232.426,-72.1984],"tipVelocity":[-1802.18,-433.243,0.143476],"tool":false,"touchDistance":0.349074,"touchZone":"hovering","type":2,"width":18.3728},{"bases":[[[-0.219448,-0.935555,-0.276732],[0.974539,-0.196827,-0.107389],[0.0460004,-0.293252,0.954928]],[[-0.219378,-0.935996,-0.275291],[0.96134,-0.159246,-0.224647],[0.16643,-0.313931,0.934745]],[[-0.219378,-0.935996,-0.275291],[0.920205,-0.104748,-0.377162],[0.324186,-0.336065,0.884287]],[[-0.219378,-0.935996,-0.275291],[0.867259,-0.0578313,-0.494486],[0.446917,-0.347228,0.824438]]],"btipPosition":[5.08358,209.279,-74.292],"carpPosition":[31.9574,162.882,61.7204],"dipPosition":[13.229,202.951,-59.2661],"direction":[-0.324186,0.336065,-0.884287],"extended":true,"handId":203,"id":2033,"length":62.8481,"mcpPosition":[29.2429,180.187,5.36921],"pipPosition":[21.9893,193.869,-35.3704],"stabilizedTipPosition":[7.82953,208.005,-70.8555],"timeVisible":10.0855,"tipPosition":[14.6557,203.068,-73.3243],"tipVelocity":[-1980.88,-445.388,50.5829],"tool":false,"touchDistance":0.339936,"touchZone":"hovering","type":3,"width":17.4829},{"bases":[[[-0.370634,-0.917739,-0.142776],[0.928753,-0.365073,-0.0643336],[0.0069178,-0.156448,0.987662]],[[-0.369536,-0.925525,-0.0827461],[0.914442,-0.346399,-0.209295],[0.165045,-0.153009,0.974345]],[[-0.369536,-0.925525,-0.0827461],[0.858289,-0.30585,-0.412063],[0.356067,-0.223292,0.90739]],[[-0.369536,-0.925525,-0.0827461],[0.788164,-0.26503,-0.555478],[0.492179,-0.270487,0.827404]]],"btipPosition":[3.50981,174.74,-60.2699],"carpPosition":[24.6493,152.108,58.5131],"dipPosition":[11.7853,170.192,-46.3579],"direction":[-0.356067,0.223292,-0.90739],"extended":true,"handId":203,"id":2034,"length":49.2718,"mcpPosition":[24.2714,160.654,4.56121],"pipPosition":[18.5787,165.932,-29.0458],"stabilizedTipPosition":[6.50954,173.904,-57.1234],"timeVisible":10.0855,"tipPosition":[11.2383,169.107,-58.634],"tipVelocity":[-2055.39,-428.762,112.862],"tool":false,"touchDistance":0.348065,"touchZone":"hovering","type":4,"width":15.5297}],"r":[[0.202098,-0.979216,0.017113],[0.809301,0.157139,-0.565985],[0.551532,0.128234,0.824238]],"s":1.46463,"t":[-105.118,55.1788,35.618],"timestamp":1134224468575},{"currentFrameRate":115.069,"devices":[],"gestures":[{"direction":[-0.999958,-0.0081109,-0.00421908],"duration":0,"handIds":[203],"id":23,"pointableIds":[2033],"position":[-11.927,200.398,-68.6578],"speed":212.169,"startPosition":[103.115,201.331,-68.1725],"state":"start","type":"swipe"},{"direction":[-0.999792,-0.00725612,-0.0190827],"duration":8621,"handIds":[203],"id":22,"pointableIds":[2034],"position":[-13.2779,166.411,-53.8956],"speed":175.425,"startPosition":[131.864,165.922,-48.6506],"state":"update","type":"swipe"}],"hands":[{"armBasis":[[-0.125922,-0.848193,-0.514502],[0.942147,0.0601555,-0.329757],[0.310647,-0.526261,0.791548]],"armWidth":61.1384,"confidence":1,"direction":[0.0426816,0.374088,-0.92641],"elbow":[95.773,15.2977,292.625],"grabAngle":0.470826,"grabStrength":0,"id":203,"palmNormal":[-0.996437,0.0834488,-0.0122109],"palmPosition":[12.6111,184.516,28.96],"palmVelocity":[-1261,-576.875,88.7176],"palmWidth":85.7185,"pinchDistance":60.7532,"pinchStrength":0,"r":[[0.186583,-0.982351,0.0131349],[0.787709,0.141597,-0.599554],[0.587113,0.122213,0.800226]],"s":1.46663,"sphereCenter":[-188.448,176.009,19.7649],"sphereRadius":201.621,"stabilizedPalmPosition":[13.4121,184.87,28.9104],"t":[-115.75,52.1326,35.6784],"timeVisible":10.0941,"type":"right","wrist":[16.7575,149.156,91.2891]}],"id":283386,"interactionBox":{"center":[0,200,0],"size":[235.247,235.247,147.751]},"pointables":[{"bases":[[[0.870299,-0.373309,-0.32128],[0.487504,0.56002,0.669864],[-0.0701429,-0.739607,0.669374]],[[0.860496,-0.178168,-0.477287],[0.492225,0.532359,0.688701],[0.131383,-0.827557,0.545792]],[[0.860496,-0.178168,-0.477287],[0.443062,0.724171,0.528463],[0.251482,-0.666207,0.702086]],[[0.860496,-0.178168,-0.477287],[0.389734,0.833579,0.391476],[0.328108,-0.522879,0.786729]]],"btipPosition":[-16.3825,255.972,19.4263],"carpPosition":[5.65053,182.961,86.404],"dipPosition":[-8.89197,244.035,37.387],"direction":[-0.251482,0.666207,-0.702086],"extended":true,"handId":203,"id":2030,"length":50.838,"mcpPosition":[5.65053,182.961,86.404],"pipPosition":[-0.527853,221.878,60.7378],"stabilizedTipPosition":[-13.8302,253.493,23.4193],"timeVisible":10.0941,"tipPosition":[-9.35702,252.684,22.2812],"tipVelocity":[-1259.6,-417.1,219.255],"tool":false,"touchDistance":-0.283333,"touchZone":"touching","type":0,"width":19.5844},{"bases":[[[-0.0645409,-0.847709,-0.526521],[0.993466,-0.00481637,-0.114025],[0.0941237,-0.53044,0.842481]],[[-0.0571444,-0.885836,-0.460467],[0.975054,0.0495671,-0.216361],[0.214484,-0.461344,0.860905]],[[-0.0571444,-0.885836,-0.460467],[0.914905,0.138142,-0.379295],[0.399603,-0.442958,0.802562]],[[-0.0571444,-0.885836,-0.460467],[0.85269,0.19659,-0.484016],[0.519282,-0.420295,0.744109]]],"btipPosition":[-9.70549,251.724,-51.3626],"carpPosition":[23.883,178.177,74.4309],"dipPosition":[-1.05087,244.719,-38.9609],"direction":[-0.399603,0.442958,-0.802562],"extended":true,"handId":203,"id":2031,"length":57.365,"mcpPosition":[17.3595,214.941,16.0408],"pipPosition":[8.37079,234.275,-20.0385],"stabilizedTipPosition":[-6.68704,250.518,-48.5594],"timeVisible":10.0941,"tipPosition":[-4.63621,246.059,-50.7337],"tipVelocity":[-1802.81,-728.016,94.8497],"tool":false,"touchDistance":0.365115,"touchZone":"hovering","type":1,"width":18.7071},{"bases":[[[-0.219641,-0.898254,-0.380653],[0.970078,-0.159707,-0.182874],[0.103474,-0.40943,0.906455]],[[-0.214363,-0.917059,-0.336231],[0.951619,-0.118492,-0.283516],[0.22016,-0.380739,0.898091]],[[-0.214363,-0.917059,-0.336231],[0.897128,-0.0487207,-0.439076],[0.386277,-0.395764,0.833163]],[[-0.214363,-0.917059,-0.336231],[0.832622,0.00841231,-0.553778],[0.510676,-0.398663,0.76176]]],"btipPosition":[-12.5452,231.834,-71.1404],"carpPosition":[24.6833,168.737,67.7386],"dipPosition":[-3.18402,224.526,-57.1765],"direction":[-0.386277,0.395764,-0.833163],"extended":true,"handId":203,"id":2032,"length":65.3629,"mcpPosition":[17.8824,195.647,8.16102],"pipPosition":[7.53088,213.548,-34.0655],"stabilizedTipPosition":[-9.53255,230.476,-67.9993],"timeVisible":10.0941,"tipPosition":[-3.69414,225.212,-71.4257],"tipVelocity":[-2081.14,-794.886,178.616],"tool":false,"touchDistance":0.370597,"touchZone":"hovering","type":2,"width":18.3728},{"bases":[[[-0.274519,-0.934102,-0.228236],[0.954711,-0.236445,-0.180613],[0.114746,-0.267481,0.956706]],[[-0.273918,-0.935483,-0.223249],[0.93421,-0.203651,-0.292877],[0.228517,-0.288786,0.929722]],[[-0.273918,-0.935483,-0.223249],[0.876271,-0.147085,-0.45882],[0.396381,-0.321306,0.860026]],[[-0.273918,-0.935483,-0.223249],[0.805176,-0.0961079,-0.585197],[0.525985,-0.340051,0.779554]]],"btipPosition":[-14.1319,201.824,-71.9257],"carpPosition":[22.8967,158.573,62.4992],"dipPosition":[-4.5454,195.626,-57.7177],"direction":[-0.396381,0.321306,-0.860026],"extended":true,"handId":203,"id":2033,"length":62.8481,"mcpPosition":[16.1254,174.357,6.04301],"pipPosition":[6.16582,186.943,-34.4777],"stabilizedTipPosition":[-10.984,200.761,-68.7627],"timeVisible":10.0941,"tipPosition":[-4.43386,195.714,-71.7463],"tipVelocity":[-2190.46,-861.318,252.664],"tool":false,"touchDistance":0.371949,"touchZone":"hovering","type":3,"width":17.4829},{"bases":[[[-0.413341,-0.906788,-0.0829728],[0.906752,-0.40155,-0.128676],[0.0833645,-0.128423,0.988209]],[[-0.406429,-0.913589,-0.0130415],[0.882485,-0.388813,-0.264661],[0.236721,-0.119075,0.964253]],[[-0.406429,-0.913589,-0.0130415],[0.806148,-0.35184,-0.475745],[0.430047,-0.20387,0.879487]],[[-0.406429,-0.913589,-0.0130415],[0.71735,-0.310222,-0.623836],[0.565884,-0.2629,0.781447]]],"btipPosition":[-15.4663,167.428,-56.9177],"carpPosition":[14.9721,147.996,60.242],"dipPosition":[-5.95156,163.008,-43.7784],"direction":[-0.430047,0.20387,-0.879487],"extended":true,"handId":203,"id":2034,"length":49.2718,"mcpPosition":[10.4183,155.011,6.26027],"pipPosition":[2.25333,159.118,-26.9987],"stabilizedTipPosition":[-12.0817,166.864,-54.0908],"timeVisible":10.0941,"tipPosition":[-7.74701,162.322,-55.8075],"tipVelocity":[-2168.09,-844.763,368.231],"tool":false,"touchDistance":0.39421,"touchZone":"hovering","type":4,"width":15.5297}],"r":[[0.186583,-0.982351,0.0131349],[0.787709,0.141597,-0.599554],[0.587113,0.122213,0.800226]],"s":1.46663,"t":[-115.75,52.1326,35.6784],"timestamp":1134224477196},{"currentFrameRate":115.084,"devices":[],"gestures":[{"direction":[-0.999958,-0.0081109,-0.00421908],"duration":0,"handIds":[203],"id":23,"pointableIds":[2033],"position":[-11.927,200.398,-68.6578],"speed":212.169,"startPosition":[103.115,201.331,-68.1725],"state":"start","type":"swipe"},{"direction":[-0.998756,-0.0448749,0.0217433],"duration":17284,"handIds":[203],"id":22,"pointableIds":[2034],"position":[-29.4986,161.731,-49.6745],"speed":171.74,"startPosition":[131.864,165.922,-48.6506],"state":"update","type":"swipe"}],"hands":[{"armBasis":[[-0.149603,-0.877914,-0.454847],[0.923778,0.0398976,-0.380845],[0.352496,-0.477153,0.805029]],"armWidth":61.1384,"confidence":1,"direction":[-0.0138407,0.374375,-0.927174],"elbow":[99.5345,23.6218,298.181],"grabAngle":0.510348,"grabStrength":0,"id":203,"palmNormal":[-0.993504,0.0996002,0.0550475],"palmPosition":[2.1438,179.88,31.193],"palmVelocity":[-1208.27,-535.153,257.758],"palmWidth":85.7185,"pinchDistance":58.414,"pinchStrength":0,"r":[[0.170934,-0.98525,0.00795092],[0.76117,0.126925,-0.636011],[0.625621,0.114768,0.771639]],"s":1.47203,"sphereCenter":[-185.743,170.581,30.545],"sphereRadius":188.33,"stabilizedPalmPosition":[2.93815,180.231,31.0321],"t":[-126.299,48.2915,36.8251],"timeVisible":10.1028,"type":"right","wrist":[9.87433,144.989,93.4157]}],"id":283387,"interactionBox":{"center":[0,200,0],"size":[235.247,235.247,147.751]},"pointables":[{"bases":[[[0.840463,-0.387008,-0.379272],[0.540616,0.551302,0.635453],[-0.036832,-0.739115,0.672571]],[[0.817732,-0.16694,-0.550859],[0.5453,0.531086,0.648533],[0.184288,-0.83071,0.525319]],[[0.817732,-0.16694,-0.550859],[0.489309,0.705618,0.512523],[0.303135,-0.688647,0.658692]],[[0.817732,-0.16694,-0.550859],[0.422324,0.824266,0.37713],[0.391096,-0.541032,0.744532]]],"btipPosition":[-28.6268,252.695,25.3673],"carpPosition":[-0.949976,178.375,88.9757],"dipPosition":[-19.6983,240.343,42.3646],"direction":[-0.303135,0.688647,-0.658692],"extended":true,"handId":203,"id":2030,"length":50.838,"mcpPosition":[-0.949976,178.375,88.9757],"pipPosition":[-9.61622,217.439,64.2722],"stabilizedTipPosition":[-25.1465,250.261,28.6209],"timeVisible":10.1028,"tipPosition":[-20.3125,248.635,26.5368],"tipVelocity":[-1375.22,-389.361,660.216],"tool":false,"touchDistance":-0.283333,"touchZone":"touching","type":0,"width":19.5844},{"bases":[[[-0.113676,-0.845967,-0.520978],[0.983301,-0.02079,-0.180794],[0.142114,-0.53283,0.834204]],[[-0.105441,-0.874798,-0.472875],[0.958151,0.0378924,-0.283746],[0.266138,-0.483004,0.834193]],[[-0.105441,-0.874798,-0.472875],[0.871852,0.147389,-0.467066],[0.478285,-0.461525,0.747153]],[[-0.105441,-0.874798,-0.472875],[0.802122,0.206251,-0.560411],[0.587777,-0.438394,0.679948]]],"btipPosition":[-25.7229,248.668,-45.925],"carpPosition":[16.3531,173.309,75.7997],"dipPosition":[-15.9267,241.362,-34.5926],"direction":[-0.478285,0.461525,-0.747153],"extended":true,"handId":203,"id":2031,"length":57.365,"mcpPosition":[6.50354,210.238,17.9833],"pipPosition":[-4.64995,230.48,-16.9766],"stabilizedTipPosition":[-22.1072,247.274,-43.744],"timeVisible":10.1028,"tipPosition":[-19.9376,242.428,-46.6796],"tipVelocity":[-1818.64,-360.721,599.295],"tool":false,"touchDistance":0.439812,"touchZone":"hovering","type":1,"width":18.7071},{"bases":[[[-0.259382,-0.894154,-0.364979],[0.952808,-0.175205,-0.24791],[0.157724,-0.412058,0.897402]],[[-0.253689,-0.90806,-0.33327],[0.930562,-0.13508,-0.340304],[0.263999,-0.39646,0.879275]],[[-0.253689,-0.90806,-0.33327],[0.855198,-0.0495696,-0.515925],[0.451971,-0.415896,0.789147]],[[-0.253689,-0.90806,-0.33327],[0.762189,0.0244813,-0.646892],[0.595576,-0.418124,0.685902]]],"btipPosition":[-29.6873,228.789,-65.7194],"carpPosition":[16.5467,163.864,69.0685],"dipPosition":[-18.7698,221.124,-53.146],"direction":[-0.451971,0.415896,-0.789147],"extended":true,"handId":203,"id":2032,"length":65.3629,"mcpPosition":[6.18015,190.947,10.0859],"pipPosition":[-6.23258,209.588,-31.256],"stabilizedTipPosition":[-26.0615,227.244,-63.1542],"timeVisible":10.1028,"tipPosition":[-20.9024,221.532,-67.3779],"tipVelocity":[-1937.45,-361.024,588.853],"tool":false,"touchDistance":0.443389,"touchZone":"hovering","type":2,"width":18.3728},{"bases":[[[-0.304429,-0.929277,-0.209207],[0.936384,-0.251686,-0.244619],[0.174664,-0.270367,0.946781]],[[-0.304012,-0.929917,-0.206954],[0.912775,-0.22212,-0.342789],[0.272797,-0.293115,0.916333]],[[-0.304012,-0.929917,-0.206954],[0.835712,-0.156033,-0.526536],[0.457343,-0.333027,0.824579]],[[-0.304012,-0.929917,-0.206954],[0.737664,-0.0923116,-0.668828],[0.60285,-0.355995,0.71403]]],"btipPosition":[-31.2967,197.953,-67.1421],"carpPosition":[14.2