{"frames":66,"data":[{"currentFrameRate":57.6605,"devices":[],"gestures":[],"hands":[{"armBasis":[[0.416386,0.903804,-0.0987952],[-0.492825,0.31568,0.810845],[0.764033,-0.288936,0.576862]],"armWidth":56.7046,"confidence":1,"direction":[-0.775134,0.273553,-0.569505],"elbow":[225.663,128.483,254.047],"grabAngle":0.500963,"grabStrength":0,"id":89,"palmNormal":[0.487734,-0.313887,-0.81461],"palmPosition":[-7.06503,207.81,77.5073],"palmVelocity":[-0.576713,-4.67463,5.06137],"palmWidth":79.6914,"pinchDistance":64.6573,"pinchStrength":0,"r":[[-0.0866435,0.770459,0.631574],[-0.705532,0.400131,-0.58491],[-0.703362,-0.496274,0.508914]],"s":1.15736,"sphereCenter":[-26.5049,216.54,47.4673],"sphereRadius":47.76,"stabilizedPalmPosition":[-9.63625,213.337,79.9848],"t":[-36.2635,-54.9648,10.582],"timeVisible":14.3261,"type":"right","wrist":[44.99,196.809,117.634]}],"id":64936,"interactionBox":{"center":[0,200,0],"size":[235.247,235.247,147.751]},"pointables":[{"bases":[[[-0.425894,0.699987,0.573264],[-0.238819,-0.698102,0.674996],[0.872685,0.150571,0.464488]],[[-0.748317,0.575299,0.330231],[-0.419013,-0.795888,0.437024],[0.514246,0.188661,0.836635]],[[-0.748317,0.575299,0.330231],[-0.591683,-0.80395,0.0597903],[0.299887,-0.15065,0.942004]],[[-0.748317,0.575299,0.330231],[-0.662862,-0.667447,-0.339307],[0.0252091,-0.472807,0.880805]]],"btipPosition":[-4.5969,181.555,20.86],"carpPosition":[27.3398,175.64,103.535],"dipPosition":[-4.08114,171.882,38.8808],"direction":[-0.299887,0.15065,-0.942004],"extended":false,"handId":89,"id":890,"length":45.5601,"mcpPosition":[27.3398,175.64,103.535],"pipPosition":[4.85739,167.392,66.9585],"stabilizedTipPosition":[-4.72954,179.592,25.8553],"timeVisible":14.3261,"tipPosition":[-4.10933,180.179,24.7134],"tipVelocity":[-3.62547,-7.20653,7.4379],"tool":false,"touchDistance":-0.180225,"touchZone":"touching","type":0,"width":18.1457},{"bases":[[[0.265751,0.942222,-0.203944],[-0.605692,0.327772,0.725053],[0.750009,-0.0691565,0.657803]],[[0.254667,0.943139,-0.213618],[-0.566853,0.324563,0.75719],[0.783468,-0.0717413,0.617277]],[[0.254667,0.943139,-0.213618],[-0.793744,0.330049,0.51092],[0.552373,0.0394437,0.832663]],[[0.254667,0.943139,-0.213618],[-0.917933,0.305258,0.253411],[0.30421,0.131552,0.943478]]],"btipPosition":[-79.4071,194.353,14.118],"carpPosition":[14.5597,190.001,111.372],"dipPosition":[-74.8633,196.318,28.21],"direction":[-0.552373,-0.0394437,-0.832663],"extended":true,"handId":89,"id":891,"length":51.4095,"mcpPosition":[-33.7665,194.457,68.9875],"pipPosition":[-63.1918,197.152,45.804],"stabilizedTipPosition":[-78.4927,198.038,17.8686],"timeVisible":14.3261,"tipPosition":[-78.1789,193.611,17.0847],"tipVelocity":[-3.83176,-6.86982,8.59739],"tool":false,"touchDistance":-0.101006,"touchZone":"touching","type":1,"width":17.3328},{"bases":[[[0.463973,0.854441,-0.233793],[-0.535431,0.480749,0.694402],[0.705722,-0.197003,0.680549]],[[0.450309,0.858073,-0.246844],[-0.451391,0.45731,0.766233],[0.770369,-0.233619,0.593257]],[[0.450309,0.858073,-0.246844],[-0.658693,0.505895,0.55695],[0.602781,-0.0882052,0.793016]],[[0.450309,0.858073,-0.246844],[-0.802117,0.510211,0.310311],[0.392212,0.0582621,0.918028]]],"btipPosition":[-80.9067,223.695,8.56074],"carpPosition":[16.1048,200.578,109.938],"dipPosition":[-74.4635,224.652,23.6421],"direction":[-0.602781,0.0882052,-0.793016],"extended":true,"handId":89,"id":892,"length":58.577,"mcpPosition":[-27.0181,212.615,68.3537],"pipPosition":[-59.4789,222.459,43.3557],"stabilizedTipPosition":[-78.7511,225.089,18.2089],"timeVisible":14.3261,"tipPosition":[-79.4456,223.134,11.9854],"tipVelocity":[-3.88109,-7.7036,7.21439],"tool":false,"touchDistance":-0.131145,"touchZone":"touching","type":2,"width":17.0231},{"bases":[[[0.601803,0.777449,-0.182774],[-0.478144,0.534042,0.697265],[0.639697,-0.332223,0.69312]],[[0.596943,0.779942,-0.188016],[-0.399322,0.492103,0.773548],[0.695846,-0.386685,0.605206]],[[0.596943,0.779942,-0.188016],[-0.567995,0.576358,0.587532],[0.566605,-0.243931,0.787056]],[[0.596943,0.779942,-0.188016],[-0.698443,0.620519,0.356557],[0.394762,-0.0815258,0.915159]]],"btipPosition":[-62.3,250.815,11.8213],"carpPosition":[20.1432,210.247,107.494],"dipPosition":[-55.8522,249.484,26.7691],"direction":[-0.566605,0.243931,-0.787056],"extended":true,"handId":89,"id":893,"length":56.3233,"mcpPosition":[-14.9517,228.473,69.4679],"pipPosition":[-42.1307,243.576,45.8293],"stabilizedTipPosition":[-62.6834,253.613,20.1266],"timeVisible":14.3261,"tipPosition":[-60.1458,249.628,14.4065],"tipVelocity":[-5.21114,-7.42565,6.4937],"tool":false,"touchDistance":-0.123667,"touchZone":"touching","type":3,"width":16.1985},{"bases":[[[0.742471,0.634775,-0.214004],[-0.320314,0.616999,0.718826],[0.588333,-0.465159,0.661431]],[[0.790396,0.592341,-0.156225],[-0.316714,0.613419,0.72347],[0.524372,-0.52235,0.672447]],[[0.790396,0.592341,-0.156225],[-0.45846,0.741111,0.490479],[0.40631,-0.31605,0.857336]],[[0.790396,0.592341,-0.156225],[-0.542962,0.795477,0.269087],[0.283664,-0.127861,0.950361]]],"btipPosition":[-28.2049,264.194,18.8283],"carpPosition":[29.104,217.094,102.184],"dipPosition":[-23.9305,262.268,33.1487],"direction":[-0.40631,0.31605,-0.857336],"extended":true,"handId":89,"id":894,"length":44.1565,"mcpPosition":[-0.774452,240.717,68.5937],"pipPosition":[-16.9833,256.864,47.8077],"stabilizedTipPosition":[-27.6795,264.826,26.3631],"timeVisible":14.3261,"tipPosition":[-25.6727,260.629,20.5201],"tipVelocity":[-4.52159,-7.39862,3.40089],"tool":false,"touchDistance":-0.117679,"touchZone":"touching","type":4,"width":14.3888}],"r":[[-0.0866435,0.770459,0.631574],[-0.705532,0.400131,-0.58491],[-0.703362,-0.496274,0.508914]],"s":1.15736,"t":[-36.2635,-54.9648,10.582],"timestamp":1131357208267},{"currentFrameRate":57.6513,"devices":[],"gestures":[],"hands":[{"armBasis":[[0.415137,0.904395,-0.0986494],[-0.493015,0.314776,0.811081],[0.764589,-0.288074,0.576555]],"armWidth":56.7046,"confidence":1,"direction":[-0.776222,0.272575,-0.568491],"elbow":[225.853,128.668,254.029],"grabAngle":0.501828,"grabStrength":0,"id":89,"palmNormal":[0.487287,-0.312768,-0.815308],"palmPosition":[-7.06546,207.727,77.6209],"palmVelocity":[-0.0244434,-4.7785,6.53608],"palmWidth":79.6914,"pinchDistance":64.6298,"pinchStrength":0,"r":[[-0.0871705,0.770553,0.631386],[-0.706,0.399368,-0.584867],[-0.702827,-0.496742,0.509198]],"s":1.15733,"sphereCenter":[-26.4012,216.547,47.4999],"sphereRadius":47.7724,"stabilizedPalmPosition":[-9.63276,213.329,79.9816],"t":[-36.2744,-55.0474,10.675],"timeVisible":14.3435,"type":"right","wrist":[45.0479,196.79,117.69]}],"id":64937,"interactionBox":{"center":[0,200,0],"size":[235.247,235.247,147.751]},"pointables":[{"bases":[[[-0.426334,0.699069,0.574057],[-0.236938,-0.698767,0.674971],[0.872983,0.151747,0.463544]],[[-0.748702,0.574072,0.331492],[-0.416908,-0.796549,0.437832],[0.515397,0.189604,0.835713]],[[-0.748702,0.574072,0.331492],[-0.590272,-0.804915,0.0607617],[0.301704,-0.150178,0.9415]],[[-0.748702,0.574072,0.331492],[-0.662329,-0.668682,-0.337912],[0.0276762,-0.472552,0.880868]]],"btipPosition":[-4.67154,181.455,20.974],"carpPosition":[27.4201,175.6,103.595],"dipPosition":[-4.1053,171.787,38.9961],"direction":[-0.301704,0.150178,-0.9415],"extended":false,"handId":89,"id":890,"length":45.5601,"mcpPosition":[27.4201,175.6,103.595],"pipPosition":[4.8874,167.311,67.0587],"stabilizedTipPosition":[-4.7288,179.591,25.8524],"timeVisible":14.3435,"tipPosition":[-4.12903,180.12,24.813],"tipVelocity":[-3.62702,-5.7119,6.57894],"tool":false,"touchDistance":-0.17832,"touchZone":"touching","type":0,"width":18.1457},{"bases":[[[0.26403,0.942728,-0.203845],[-0.60537,0.326506,0.725894],[0.750877,-0.0682558,0.656906]],[[0.253396,0.943598,-0.213105],[-0.566733,0.323337,0.757804],[0.783967,-0.0712504,0.6167]],[[0.253396,0.943598,-0.213105],[-0.793767,0.328731,0.511732],[0.552924,0.0394851,0.832296]],[[0.253396,0.943598,-0.213105],[-0.918297,0.303902,0.25372],[0.304173,0.131402,0.943511]]],"btipPosition":[-79.426,194.215,14.2856],"carpPosition":[14.6264,189.938,111.453],"dipPosition":[-74.8828,196.178,28.3781],"direction":[-0.552924,-0.0394851,-0.832296],"extended":true,"handId":89,"id":891,"length":51.4095,"mcpPosition":[-33.7557,194.336,69.1262],"pipPosition":[-63.1997,197.012,45.9643],"stabilizedTipPosition":[-78.4926,198.033,17.8682],"timeVisible":14.3435,"tipPosition":[-78.2271,193.445,17.2752],"tipVelocity":[-1.09923,-8.00273,9.65137],"tool":false,"touchDistance":-0.0982114,"touchZone":"touching","type":1,"width":17.3328},{"bases":[[[0.462355,0.855272,-0.233961],[-0.535385,0.479607,0.695227],[0.706817,-0.196182,0.679648]],[[0.448973,0.858812,-0.246709],[-0.451283,0.456239,0.766936],[0.771212,-0.232998,0.592406]],[[0.448973,0.858812,-0.246709],[-0.658929,0.504702,0.557753],[0.603519,-0.0878523,0.792494]],[[0.448973,0.858812,-0.246709],[-0.802728,0.508941,0.310817],[0.392494,0.0584916,0.917893]]],"btipPosition":[-80.9838,223.546,8.75052],"carpPosition":[16.1532,200.517,110.022],"dipPosition":[-74.5359,224.507,23.8296],"direction":[-0.603519,0.0878523,-0.792494],"extended":true,"handId":89,"id":892,"length":58.577,"mcpPosition":[-27.0366,212.505,68.4924],"pipPosition":[-59.533,222.323,43.5303],"stabilizedTipPosition":[-78.7511,225.089,18.2089],"timeVisible":14.3435,"tipPosition":[-79.5456,222.967,12.1893],"tipVelocity":[-4.37188,-8.5405,10.8928],"tool":false,"touchDistance":-0.127991,"touchZone":"touching","type":2,"width":17.0231},{"bases":[[[0.600365,0.778475,-0.183134],[-0.478179,0.532988,0.698046],[0.64102,-0.331511,0.692238]],[[0.595655,0.780882,-0.188198],[-0.399087,0.491044,0.774342],[0.697083,-0.386133,0.604133]],[[0.595655,0.780882,-0.188198],[-0.568175,0.575227,0.588466],[0.567779,-0.243593,0.786314]],[[0.595655,0.780882,-0.188198],[-0.699149,0.619384,0.357146],[0.395456,-0.0811569,0.914892]]],"btipPosition":[-62.4304,250.687,12.0171],"carpPosition":[20.1735,210.194,107.577],"dipPosition":[-55.9712,249.362,26.9606],"direction":[-0.567779,0.243593,-0.786314],"extended":true,"handId":89,"id":893,"length":56.3233,"mcpPosition":[-14.994,228.381,69.5995],"pipPosition":[-42.2213,243.463,46.0028],"stabilizedTipPosition":[-62.6834,253.613,20.1266],"timeVisible":14.3435,"tipPosition":[-60.2858,249.49,14.6005],"tipVelocity":[-7.35411,-7.27548,11.2123],"tool":false,"touchDistance":-0.12042,"touchZone":"touching","type":3,"width":16.1985},{"bases":[[[0.741222,0.636037,-0.214588],[-0.320455,0.616185,0.719461],[0.589829,-0.464515,0.660551]],[[0.789314,0.593621,-0.15684],[-0.316877,0.612641,0.724058],[0.525902,-0.52181,0.67167]],[[0.789314,0.593621,-0.15684],[-0.459259,0.740353,0.490876],[0.407511,-0.315425,0.856996]],[[0.789314,0.593621,-0.15684],[-0.54429,0.794708,0.268678],[0.284134,-0.126705,0.950375]]],"btipPosition":[-28.3424,264.08,18.9784],"carpPosition":[29.1174,217.058,102.26],"dipPosition":[-24.061,262.171,33.299],"direction":[-0.407511,0.315425,-0.856996],"extended":true,"handId":89,"id":894,"length":44.1565,"mcpPosition":[-0.837063,240.648,68.7142],"pipPosition":[-17.0932,256.778,47.9522],"stabilizedTipPosition":[-27.6786,264.823,26.3523],"timeVisible":14.3435,"tipPosition":[-25.825,260.547,20.6808],"tipVelocity":[-7.82114,-6.33814,8.63971],"tool":false,"touchDistance":-0.115177,"touchZone":"touching","type":4,"width":14.3888}],"r":[[-0.0871705,0.770553,0.631386],[-0.706,0.399368,-0.584867],[-0.702827,-0.496742,0.509198]],"s":1.15733,"t":[-36.2744,-55.0474,10.675],"timestamp":1131357225643},{"currentFrameRate":57.6719,"devices":[],"gestures":[],"hands":[{"armBasis":[[0.414059,0.904891,-0.0986286],[-0.492933,0.313998,0.811432],[0.765227,-0.287364,0.576064]],"armWidth":56.7046,"confidence":1,"direction":[-0.777101,0.271962,-0.567583],"elbow":[226.121,128.834,253.98],"grabAngle":0.503438,"grabStrength":0,"id":89,"palmNormal":[0.486809,-0.311859,-0.815942],"palmPosition":[-6.9978,207.683,77.7414],"palmVelocity":[3.91735,-2.53185,6.97671],"palmWidth":79.6914,"pinchDistance":64.6062,"pinchStrength":0,"r":[[-0.0876364,0.770553,0.631323],[-0.706582,0.398652,-0.584653],[-0.702184,-0.497318,0.509522]],"s":1.15721,"sphereCenter":[-26.1957,216.541,47.4963],"sphereRadius":47.7897,"stabilizedPalmPosition":[-9.63003,213.324,79.9793],"t":[-36.246,-55.1106,10.7817],"timeVisible":14.3608,"type":"right","wrist":[45.1658,196.787,117.756]}],"id":64938,"interactionBox":{"center":[0,200,0],"size":[235.247,235.247,147.751]},"pointables":[{"bases":[[[-0.426533,0.698336,0.574802],[-0.235474,-0.699333,0.674897],[0.873282,0.152515,0.462728]],[[-0.74894,0.573133,0.332577],[-0.415356,-0.797102,0.438301],[0.516302,0.190124,0.835036]],[[-0.74894,0.573133,0.332577],[-0.589082,-0.805699,0.0618973],[0.303432,-0.149558,0.941043]],[[-0.74894,0.573133,0.332577],[-0.661945,-0.670047,-0.335956],[0.0302945,-0.471758,0.881207]]],"btipPosition":[-4.68642,181.381,21.0815],"carpPosition":[27.5499,175.583,103.667],"dipPosition":[-4.06662,171.729,39.1105],"direction":[-0.303432,0.149558,-0.941043],"extended":false,"handId":89,"id":890,"length":45.5601,"mcpPosition":[27.5499,175.583,103.667],"pipPosition":[4.97759,167.271,67.1595],"stabilizedTipPosition":[-4.72831,179.59,25.8507],"timeVisible":14.3608,"tipPosition":[-4.08626,180.099,24.9197],"tipVelocity":[-0.148547,-4.08269,6.31287],"tool":false,"touchDistance":-0.176503,"touchZone":"touching","type":0,"width":18.1457},{"bases":[[[0.262771,0.943113,-0.20369],[-0.604998,0.325505,0.726653],[0.751617,-0.0677114,0.656115]],[[0.252408,0.943955,-0.212695],[-0.566616,0.322373,0.758302],[0.78437,-0.0708851,0.61623]],[[0.252408,0.943955,-0.212695],[-0.793858,0.327696,0.512254],[0.553244,0.0395526,0.83208]],[[0.252408,0.943955,-0.212695],[-0.918644,0.302818,0.25376],[0.303946,0.13134,0.943592]]],"btipPosition":[-79.3705,194.131,14.4482],"carpPosition":[14.7482,189.903,111.544],"dipPosition":[-74.8307,196.093,28.5419],"direction":[-0.553244,-0.0395526,-0.83208],"extended":true,"handId":89,"id":891,"length":51.4095,"mcpPosition":[-33.6817,194.266,69.2677],"pipPosition":[-63.1408,196.928,46.1235],"stabilizedTipPosition":[-78.4924,198.03,17.868],"timeVisible":14.3608,"tipPosition":[-78.2049,193.353,17.462],"tipVelocity":[3.16857,-4.87194,9.42724],"tool":false,"touchDistance":-0.0954978,"touchZone":"touching","type":1,"width":17.3328},{"bases":[[[0.461163,0.855892,-0.234046],[-0.535215,0.478697,0.695984],[0.707724,-0.195697,0.678844]],[[0.448011,0.859361,-0.246545],[-0.451298,0.455438,0.767402],[0.771762,-0.232539,0.591869]],[[0.448011,0.859361,-0.246545],[-0.659281,0.503827,0.558129],[0.60385,-0.0875052,0.79228]],[[0.448011,0.859361,-0.246545],[-0.803276,0.507986,0.310963],[0.392471,0.058729,0.917887]]],"btipPosition":[-80.9617,223.452,8.92138],"carpPosition":[16.2617,200.485,110.116],"dipPosition":[-74.5142,224.417,24.0004],"direction":[-0.60385,0.0875052,-0.79228],"extended":true,"handId":89,"id":892,"length":58.577,"mcpPosition":[-26.9835,212.443,68.6352],"pipPosition":[-59.503,222.241,43.6958],"stabilizedTipPosition":[-78.7511,225.089,18.2089],"timeVisible":14.3608,"tipPosition":[-79.5609,222.874,12.39],"tipVelocity":[1.27236,-5.3798,9.89196],"tool":false,"touchDistance":-0.125143,"touchZone":"touching","type":2,"width":17.0231},{"bases":[[[0.59931,0.779227,-0.183393],[-0.478066,0.532141,0.698769],[0.642091,-0.331105,0.69144]],[[0.5947,0.781576,-0.188335],[-0.398706,0.490151,0.775104],[0.698115,-0.385864,0.603112]],[[0.5947,0.781576,-0.188335],[-0.568417,0.574439,0.589001],[0.568536,-0.243226,0.78588]],[[0.5947,0.781576,-0.188335],[-0.699778,0.618566,0.357333],[0.395781,-0.0807134,0.914791]]],"btipPosition":[-62.4579,250.612,12.207],"carpPosition":[20.2687,210.167,107.671],"dipPosition":[-55.9934,249.293,27.1487],"direction":[-0.568536,0.243226,-0.78588],"extended":true,"handId":89,"id":893,"length":56.3233,"mcpPosition":[-14.9575,228.332,69.7373],"pipPosition":[-42.2251,243.403,46.1805],"stabilizedTipPosition":[-62.6834,253.613,20.1266],"timeVisible":14.3608,"tipPosition":[-60.3293,249.416,14.7947],"tipVelocity":[-1.52,-4.2822,10.9691],"tool":false,"touchDistance":-0.117262,"touchZone":"touching","type":3,"width":16.1985},{"bases":[[[0.740294,0.63696,-0.215053],[-0.320414,0.615505,0.720062],[0.591016,-0.464151,0.659745]],[[0.788589,0.594476,-0.157247],[-0.316751,0.611886,0.724751],[0.527064,-0.521723,0.670827]],[[0.788589,0.594476,-0.157247],[-0.460306,0.740238,0.490067],[0.407733,-0.314079,0.857384]],[[0.788589,0.594476,-0.157247],[-0.545854,0.794489,0.266142],[0.283146,-0.124042,0.951021]]],"btipPosition":[-28.3454,263.981,19.117],"carpPosition":[29.1995,217.043,102.348],"dipPosition":[-24.0788,262.112,33.4474],"direction":[-0.407733,0.314079,-0.857384],"extended":true,"handId":89,"id":894,"length":44.1565,"mcpPosition":[-0.815176,240.615,68.8431],"pipPosition":[-17.1073,256.742,48.1072],"stabilizedTipPosition":[-27.6781,264.821,26.3454],"timeVisible":14.3608,"tipPosition":[-25.8808,260.522,20.8513],"tipVelocity":[-0.368484,-5.17655,8.15811],"tool":false,"touchDistance":-0.112828,"touchZone":"touching","type":4,"width":14.3888}],"r":[[-0.0876364,0.770553,0.631323],[-0.706582,0.398652,-0.584653],[-0.702184,-0.497318,0.509522]],"s":1.15721,"t":[-36.246,-55.1106,10.7817],"timestamp":1131357242914},{"currentFrameRate":57.648,"devices":[],"gestures":[],"hands":[{"armBasis":[[0.412632,0.90567,-0.0974509],[-0.493062,0.312028,0.812114],[0.765915,-0.287055,0.575304]],"armWidth":56.7046,"confidence":1,"direction":[-0.777394,0.271994,-0.567166],"elbow":[226.45,128.863,253.903],"grabAngle":0.503834,"grabStrength":0,"id":89,"palmNormal":[0.487191,-0.309978,-0.816431],"palmPosition":[-6.84668,207.641,77.863],"palmVelocity":[8.67217,-2.4182,6.98041],"palmWidth":79.6914,"pinchDistance":64.5949,"pinchStrength":0,"r":[[-0.0881891,0.770327,0.631521],[-0.707134,0.398107,-0.584357],[-0.701558,-0.498104,0.509616]],"s":1.1572,"sphereCenter":[-26.1125,216.643,47.7124],"sphereRadius":47.7899,"stabilizedPalmPosition":[-9.6266,213.317,79.9767],"t":[-36.1563,-55.1633,10.8959],"timeVisible":14.3782,"type":"right","wrist":[45.3316,196.743,117.859]}],"id":64939,"interactionBox":{"center":[0,200,0],"size":[235.247,235.247,147.751]},"pointables":[{"bases":[[[-0.427348,0.696914,0.575921],[-0.234695,-0.700696,0.673753],[0.873093,0.152762,0.463003]],[[-0.749578,0.571755,0.333511],[-0.414095,-0.798142,0.437602],[0.51639,0.189911,0.83503]],[[-0.749578,0.571755,0.333511],[-0.587661,-0.806713,0.0621997],[0.304611,-0.149368,0.940692]],[[-0.749578,0.571755,0.333511],[-0.661117,-0.671453,-0.334777],[0.0325269,-0.471431,0.881303]]],"btipPosition":[-4.58406,181.333,21.1609],"carpPosition":[27.7369,175.538,103.737],"dipPosition":[-3.91858,171.688,39.1918],"direction":[-0.304611,0.149368,-0.940692],"extended":false,"handId":89,"id":890,"length":45.5601,"mcpPosition":[27.7369,175.538,103.737],"pipPosition":[5.16075,167.236,67.2304],"stabilizedTipPosition":[-4.7274,179.588,25.8491],"timeVisible":14.3782,"tipPosition":[-3.90609,180.137,24.9991],"tipVelocity":[6.47691,-2.65028,4.58161],"tool":false,"touchDistance":-0.175172,"touchZone":"touching","type":0,"width":18.1457},{"bases":[[[0.261699,0.943742,-0.20215],[-0.605392,0.323633,0.72716],[0.751674,-0.067917,0.656028]],[[0.251348,0.944586,-0.211143],[-0.566813,0.320475,0.758959],[0.784568,-0.0710844,0.615955]],[[0.251348,0.944586,-0.211143],[-0.793925,0.325983,0.513242],[0.55363,0.0386292,0.831866]],[[0.251348,0.944586,-0.211143],[-0.918876,0.301415,0.254588],[0.304122,0.130024,0.943718]]],"btipPosition":[-79.222,194.119,14.5601],"carpPosition":[14.9185,189.831,111.637],"dipPosition":[-74.6796,196.061,28.6557],"direction":[-0.55363,-0.0386292,-0.831866],"extended":true,"handId":89,"id":891,"length":51.4095,"mcpPosition":[-33.5149,194.207,69.3667],"pipPosition":[-62.9815,196.877,46.2328],"stabilizedTipPosition":[-78.4921,198.027,17.868],"timeVisible":14.3782,"tipPosition":[-78.0358,193.329,17.5585],"tipVelocity":[8.5574,-0.960438,6.45029],"tool":false,"touchDistance":-0.0936244,"touchZone":"touching","type":1,"width":17.3328},{"bases":[[[0.460191,0.856798,-0.232641],[-0.535784,0.476955,0.696742],[0.707926,-0.19599,0.678549]],[[0.447169,0.860238,-0.24501],[-0.451726,0.45362,0.768227],[0.772,-0.23285,0.591437]],[[0.447169,0.860238,-0.24501],[-0.659443,0.502135,0.55946],[0.604297,-0.088603,0.791817]],[[0.447169,0.860238,-0.24501],[-0.803588,0.50667,0.312301],[0.392792,0.0572362,0.917844]]],"btipPosition":[-80.8421,223.467,9.08055],"carpPosition":[16.42,200.417,110.226],"dipPosition":[-74.3894,224.407,24.1589],"direction":[-0.604297,0.088603,-0.791817],"extended":true,"handId":89,"id":892,"length":58.577,"mcpPosition":[-26.8375,212.393,68.7639],"pipPosition":[-59.3671,222.204,43.8427],"stabilizedTipPosition":[-78.7511,225.089,18.2089],"timeVisible":14.3782,"tipPosition":[-79.4249,222.857,12.5341],"tipVelocity":[6.93118,0.519105,9.12422],"tool":false,"touchDistance":-0.122493,"touchZone":"touching","type":2,"width":17.0231},{"bases":[[[0.598424,0.780208,-0.182108],[-0.478696,0.53046,0.699616],[0.642448,-0.331493,0.690922]],[[0.593794,0.782569,-0.187067],[-0.398493,0.487999,0.77657],[0.699008,-0.386578,0.601619]],[[0.593794,0.782569,-0.187067],[-0.568795,0.5727,0.590327],[0.569105,-0.24413,0.785188]],[[0.593794,0.782569,-0.187067],[-0.700774,0.617232,0.357688],[0.395379,-0.0813017,0.914913]]],"btipPosition":[-62.3722,250.633,12.435],"carpPosition":[20.416,210.107,107.797],"dipPosition":[-55.9143,249.305,27.3787],"direction":[-0.569105,0.24413,-0.785188],"extended":true,"handId":89,"id":893,"length":56.3233,"mcpPosition":[-14.8297,228.294,69.8922],"pipPosition":[-42.1322,243.393,46.3937],"stabilizedTipPosition":[-62.6834,253.613,20.1266],"timeVisible":14.3782,"tipPosition":[-60.2261,249.418,14.9853],"tipVelocity":[4.83062,1.08315,13.1097],"tool":false,"touchDistance":-0.113455,"touchZone":"touching","type":3,"width":16.1985},{"bases":[[[0.739572,0.638154,-0.213994],[-0.321139,0.613968,0.721049],[0.591526,-0.464546,0.65901]],[[0.787918,0.595627,-0.156251],[-0.316484,0.609367,0.726987],[0.528227,-0.523355,0.668638]],[[0.787918,0.595627,-0.156251],[-0.46072,0.738573,0.492186],[0.408562,-0.315815,0.856352]],[[0.787918,0.595627,-0.156251],[-0.547303,0.79367,0.265608],[0.282215,-0.123761,0.951335]]],"btipPosition":[-28.2677,264.037,19.3729],"carpPosition":[29.3392,217.003,102.486],"dipPosition":[-24.0152,262.172,33.708],"direction":[-0.408562,0.315815,-0.856352],"extended":true,"handId":89,"id":894,"length":44.1565,"mcpPosition":[-0.701433,240.594,69.0184],"pipPosition":[-17.0294,256.772,48.3502],"stabilizedTipPosition":[-27.6777,264.82,26.3417],"timeVisible":14.3782,"tipPosition":[-25.7941,260.562,21.0643],"tipVelocity":[4.2724,3.22333,14.7479],"tool":false,"touchDistance":-0.108545,"touchZone":"touching","type":4,"width":14.3888}],"r":[[-0.0881891,0.770327,0.631521],[-0.707134,0.398107,-0.584357],[-0.701558,-0.498104,0.509616]],"s":1.1572,"t":[-36.1563,-55.1633,10.8959],"timestamp":1131357260340},{"currentFrameRate":57.6673,"devices":[],"gestures":[],"hands":[{"armBasis":[[0.411214,0.906378,-0.096861],[-0.492901,0.310485,0.812802],[0.76678,-0.286493,0.57443]],"armWidth":56.7046,"confidence":1,"direction":[-0.777738,0.272049,-0.566668],"elbow":[226.874,128.93,253.805],"grabAngle":0.503505,"grabStrength":0,"id":89,"palmNormal":[0.487293,-0.308527,-0.816919],"palmPosition":[-6.64881,207.575,77.9996],"palmVelocity":[11.4531,-3.81634,7.90266],"palmWidth":79.6914,"pinchDistance":64.5816,"pinchStrength":0,"r":[[-0.0887375,0.76997,0.631879],[-0.707666,0.397697,-0.583991],[-0.700952,-0.498981,0.509591]],"s":1.15728,"sphereCenter":[-25.9468,216.651,47.8882],"sphereRadius":47.7972,"stabilizedPalmPosition":[-9.62199,213.308,79.9736],"t":[-36.0125,-55.2226,11.0213],"timeVisible":14.3955,"type":"right","wrist":[45.5514,196.677,117.968]}],"id":64940,"interactionBox":{"center":[0,200,0],"size":[235.247,235.247,147.751]},"pointables":[{"bases":[[[-0.427829,0.695819,0.576887],[-0.233964,-0.701749,0.672911],[0.873054,0.15292,0.463025]],[[-0.750045,0.57066,0.334334],[-0.413197,-0.79902,0.436846],[0.51643,0.189509,0.835097]],[[-0.750045,0.57066,0.334334],[-0.586266,-0.807642,0.0633004],[0.306145,-0.14853,0.940327]],[[-0.750045,0.57066,0.334334],[-0.660424,-0.673472,-0.332078],[0.0356604,-0.469876,0.882012]]],"btipPosition":[-4.46529,181.225,21.2434],"carpPosition":[27.9672,175.469,103.826],"dipPosition":[-3.7357,171.611,39.2888],"direction":[-0.306145,0.14853,-0.940327],"extended":false,"handId":89,"id":890,"length":45.5601,"mcpPosition":[27.9672,175.469,103.826],"pipPosition":[5.38936,167.184,67.3165],"stabilizedTipPosition":[-4.72576,179.586,25.8473],"timeVisible":14.3955,"tipPosition":[-3.70044,180.131,25.1028],"tipVelocity":[7.7281,-5.84954,4.96838],"tool":false,"touchDistance":-0.173741,"touchZone":"touching","type":0,"width":18.1457},{"bases":[[[0.260854,0.94422,-0.201006],[-0.605524,0.322195,0.727689],[0.751861,-0.0681067,0.655794]],[[0.250458,0.94507,-0.210032],[-0.566987,0.319037,0.759434],[0.784727,-0.0711208,0.615748]],[[0.250458,0.94507,-0.210032],[-0.793603,0.324675,0.514569],[0.554495,0.0378045,0.831328]],[[0.250458,0.94507,-0.210032],[-0.918644,0.300468,0.256539],[0.305555,0.128693,0.943437]]],"btipPosition":[-79.06,194.08,14.7082],"carpPosition":[15.1383,189.741,111.747],"dipPosition":[-74.4962,196.002,28.7996],"direction":[-0.554495,-0.0378045,-0.831328],"extended":true,"handId":89,"id":891,"length":51.4095,"mcpPosition":[-33.3073,194.129,69.4915],"pipPosition":[-62.7798,196.801,46.3654],"stabilizedTipPosition":[-78.4915,198.022,17.868],"timeVisible":14.3955,"tipPosition":[-77.838,193.282,17.6916],"tipVelocity":[9.66176,-2.53516,8.51624],"tool":false,"touchDistance":-0.0911722,"touchZone":"touching","type":1,"width":17.3328},{"bases":[[[0.459414,0.857484,-0.231646],[-0.536052,0.475615,0.697452],[0.708228,-0.196245,0.67816]],[[0.446416,0.860922,-0.24398],[-0.452352,0.452374,0.768593],[0.772068,-0.232747,0.591387]],[[0.446416,0.860922,-0.24398],[-0.659398,0.500817,0.560694],[0.604903,-0.0894229,0.791262]],[[0.446416,0.860922,-0.24398],[-0.803473,0.505672,0.314209],[0.393883,0.0557635,0.917467]]],"btipPosition":[-80.686,223.435,9.24911],"carpPosition":[16.6305,200.33,110.349],"dipPosition":[-74.2153,224.351,24.3212],"direction":[-0.604903,0.0894229,-0.791262],"extended":true,"handId":89,"id":892,"length":58.577,"mcpPosition":[-26.6455,212.321,68.9104],"pipPosition":[-59.178,222.128,43.9913],"stabilizedTipPosition":[-78.7511,225.089,18.2089],"timeVisible":14.3955,"tipPosition":[-79.2529,222.813,12.7042],"tipVelocity":[9.27688,-2.12802,9.67445],"tool":false,"touchDistance":-0.119707,"touchZone":"touching","type":2,"width":17.0231},{"bases":[[[0.597722,0.780949,-0.181237],[-0.47901,0.529164,0.700382],[0.642867,-0.33182,0.690375]],[[0.592997,0.783358,-0.18629],[-0.398352,0.48647,0.777601],[0.699764,-0.386906,0.600528]],[[0.592997,0.783358,-0.18629],[-0.569108,0.571419,0.591267],[0.569623,-0.244601,0.784666]],[[0.592997,0.783358,-0.18629],[-0.70143,0.616169,0.358233],[0.395411,-0.081762,0.914858]]],"btipPosition":[-62.2361,250.602,12.6554],"carpPosition":[20.6177,210.027,107.932],"dipPosition":[-55.7777,249.267,27.5983],"direction":[-0.569623,0.244601,-0.784666],"extended":true,"handId":89,"id":893,"length":56.3233,"mcpPosition":[-14.651,228.231,70.0565],"pipPosition":[-41.9831,243.343,46.6006],"stabilizedTipPosition":[-62.6834,253.613,20.1266],"timeVisible":14.3955,"tipPosition":[-60.0773,249.387,15.1867],"tipVelocity":[7.88449,-1.88981,12.747],"tool":false,"touchDistance":-0.109784,"touchZone":"touching","type":3,"width":16.1985},{"bases":[[[0.738985,0.639055,-0.213331],[-0.32152,0.61278,0.72189],[0.592053,-0.464875,0.658304]],[[0.78741,0.596466,-0.155611],[-0.316062,0.607385,0.728827],[0.529236,-0.524703,0.666781]],[[0.78741,0.596466,-0.155611],[-0.460586,0.73706,0.494573],[0.40969,-0.317759,0.855092]],[[0.78741,0.596466,-0.155611],[-0.548168,0.793001,0.265821],[0.281952,-0.124009,0.95138]]],"btipPosition":[-28.1462,264.066,19.6283],"carpPosition":[29.5339,216.936,102.627],"dipPosition":[-23.8976,262.197,33.964],"direction":[-0.40969,0.317759,-0.855092],"extended":true,"handId":89,"id":894,"length":44.1565,"mcpPosition":[-0.533418,240.545,69.1955],"pipPosition":[-16.8926,256.764,48.5847],"stabilizedTipPosition":[-27.6774,264.819,26.3394],"timeVisible":14.3955,"tipPosition":[-25.659,260.565,21.2787],"tipVelocity":[6.97872,1.6351,14.7876],"tool":false,"touchDistance":-0.104287,"touchZone":"touching","type":4,"width":14.3888}],"r":[[-0.0887375,0.76997,0.631879],[-0.707666,0.397697,-0.583991],[-0.700952,-0.498981,0.509591]],"s":1.15728,"t":[-36.0125,-55.2226,11.0213],"timestamp":1131357277617},{"currentFrameRate":57.6388,"devices":[],"gestures":[],"hands":[{"armBasis":[[0.40845,0.907889,-0.0943752],[-0.493418,0.306596,0.813964],[0.767924,-0.285897,0.573198]],"armWidth":56.7046,"confidence":1,"direction":[-0.778314,0.272224,-0.565793],"elbow":[227.36,128.953,253.586],"grabAngle":0.502042,"grabStrength":0,"id":89,"palmNormal":[0.488012,-0.304708,-0.817923],"palmPosition":[-6.46072,207.467,78.1093],"palmVelocity":[10.782,-6.15474,6.29109],"palmWidth":79.6914,"pinchDistance":64.5429,"pinchStrength":0,"r":[[-0.0895226,0.769221,0.63268],[-0.708262,0.397447,-0.583439],[-0.70025,-0.500334,0.50923]],"s":1.1574,"sphereCenter":[-25.8005,216.703,48.069],"sphereRadius":47.8034,"stabilizedPalmPosition":[-9.61544,213.296,79.9698],"t":[-35.8465,-55.3059,11.1388],"timeVisible":14.4129,"type":"right","wrist":[45.7668,196.56,118.041]}],"id":64941,"interactionBox":{"center":[0,200,0],"size":[235.247,235.247,147.751]},"pointables":[{"bases":[[[-0.429394,0.692933,0.579194],[-0.232439,-0.704517,0.670543],[0.872693,0.1533,0.46358]],[[-0.751163,0.567984,0.336376],[-0.411196,-0.801235,0.434674],[0.516404,0.188195,0.83541]],[[-0.751163,0.567984,0.336376],[-0.583805,-0.80944,0.0630748],[0.308101,-0.148998,0.939613]],[[-0.751163,0.567984,0.336376],[-0.658913,-0.6759,-0.33014],[0.039842,-0.469631,0.881963]]],"btipPosition":[-4.35006,181.174,21.2557],"carpPosition":[28.2252,175.352,103.83],"dipPosition":[-3.53491,171.566,39.3002],"direction":[-0.308101,0.148998,-0.939613],"extended":false,"handId":89,"id":890,"length":45.5601,"mcpPosition":[28.2252,175.352,103.83],"pipPosition":[5.64847,167.125,67.3066],"stabilizedTipPosition":[-4.72276,179.583,25.845],"timeVisible":14.4129,"tipPosition":[-3.45734,180.194,25.1243],"tipVelocity":[7.7338,-2.83524,0.694576],"tool":false,"touchDistance":-0.173539,"touchZone":"touching","type":0,"width":18.1457},{"bases":[[[0.258771,0.945464,-0.197827],[-0.606268,0.318413,0.728733],[0.751981,-0.0686393,0.655601]],[[0.248509,0.946311,-0.206734],[-0.567823,0.315234,0.760397],[0.784742,-0.0715774,0.615676]],[[0.248509,0.946311,-0.206734],[-0.793579,0.321287,0.516727],[0.555406,0.0356482,0.830815]],[[0.248509,0.946311,-0.206734],[-0.918581,0.297957,0.259675],[0.307331,0.12537,0.943308]]],"btipPosition":[-78.888,194.054,14.7871],"carpPosition":[15.3643,189.569,111.798],"dipPosition":[-74.2977,195.927,28.8765],"direction":[-0.555406,-0.0356482,-0.830815],"extended":true,"handId":89,"id":891,"length":51.4095,"mcpPosition":[-33.089,193.992,69.5548],"pipPosition":[-62.5621,196.68,46.4314],"stabilizedTipPosition":[-78.4904,198.016,17.8683],"timeVisible":14.4129,"tipPosition":[-77.6161,193.223,17.751],"tipVelocity":[10.2087,-2.11219,4.49271],"tool":false,"touchDistance":-0.089866,"touchZone":"touching","type":1,"width":17.3328},{"bases":[[[0.457525,0.859271,-0.228747],[-0.537135,0.472086,0.699014],[0.70863,-0.196948,0.677536]],[[0.444599,0.862701,-0.240996],[-0.453805,0.448907,0.769768],[0.772265,-0.232873,0.591082]],[[0.444599,0.862701,-0.240996],[-0.659899,0.497398,0.563142],[0.605694,-0.0913389,0.790438]],[[0.444599,0.862701,-0.240996],[-0.803801,0.502984,0.317664],[0.395267,0.0524798,0.917066]]],"btipPosition":[-80.5586,223.421,9.41374],"carpPosition":[16.8331,200.166,110.436],"dipPosition":[-74.0652,224.283,24.4793],"direction":[-0.605694,0.0913389,-0.790438],"extended":true,"handId":89,"id":892,"length":58.577,"mcpPosition":[-26.4675,212.2,69.0351],"pipPosition":[-59.0082,222.012,44.1288],"stabilizedTipPosition":[-78.7511,225.089,18.2089],"timeVisible":14.4129,"tipPosition":[-79.0954,222.765,12.8617],"tipVelocity":[7.60107,-1.53455,9.35042],"tool":false,"touchDistance":-0.116989,"touchZone":"touching","type":2,"width":17.0231},{"bases":[[[0.596,0.782873,-0.178588],[-0.480211,0.525752,0.702127],[0.643569,-0.332707,0.689293]],[[0.591166,0.785342,-0.183743],[-0.398945,0.482713,0.779635],[0.700975,-0.38759,0.598672]],[[0.591166,0.785342,-0.183743],[-0.570171,0.568051,0.593485],[0.570463,-0.246083,0.783591]],[[0.591166,0.785342,-0.183743],[-0.702848,0.61336,0.360271],[0.395636,-0.0838372,0.914573]]],"btipPosition":[-62.1647,250.6,12.9372],"carpPosition":[20.799,209.879,108.051],"dipPosition":[-55.7026,249.231,27.8754],"direction":[-0.570463,0.246083,-0.783591],"extended":true,"handId":89,"id":893,"length":56.3233,"mcpPosition":[-14.5083,228.132,70.2351],"pipPosition":[-41.8876,243.271,46.8517],"stabilizedTipPosition":[-62.6834,253.613,20.1266],"timeVisible":14.4129,"tipPosition":[-59.9807,249.374,15.4367],"tipVelocity":[4.14219,-0.567569,16.0911],"tool":false,"touchDistance":-0.105106,"touchZone":"touching","type":3,"width":16.1985},{"bases":[[[0.737577,0.641401,-0.21115],[-0.322908,0.609644,0.723923],[0.593051,-0.465767,0.656773]],[[0.786013,0.598805,-0.153674],[-0.316827,0.603633,0.731607],[0.530853,-0.526364,0.664181]],[[0.786013,0.598805,-0.153674],[-0.461203,0.733515,0.499248],[0.411674,-0.32154,0.852723]],[[0.786013,0.598805,-0.153674],[-0.549562,0.790646,0.269927],[0.283135,-0.127713,0.950539]]],"btipPosition":[-28.1325,264.173,19.9824],"carpPosition":[29.7001,216.826,102.77],"dipPosition":[-23.8661,262.249,34.3055],"direction":[-0.411674,0.32154,-0.852723],"extended":true,"handId":89,"id":894,"length":44.1565,"mcpPosition":[-0.417964,240.48,69.4161],"pipPosition":[-16.8271,256.751,48.8856],"stabilizedTipPosition":[-27.6772,264.819,26.3382],"timeVisible":14.4129,"tipPosition":[-25.5957,260.625,21.5763],"tipVelocity":[1.02219,5.41258,20.1361],"tool":false,"touchDistance":-0.0984328,"touchZone":"touching","type":4,"width":14.3888}],"r":[[-0.0895226,0.769221,0.63268],[-0.708262,0.397447,-0.583439],[-0.70025,-0.500334,0.50923]],"s":1.1574,"t":[-35.8465,-55.3059,11.1388],"timestamp":1131357295061},{"currentFrameRate":57.5713,"devices":[],"gestures":[],"hands":[{"armBasis":[[0.406462,0.909,-0.0922398],[-0.493237,0.303285,0.815313],[0.769094,-0.285897,0.571626]],"armWidth":56.7046,"confidence":1,"direction":[-0.778396,0.271184,-0.566179],"elbow":[227.778,128.924,253.33],"grabAngle":0.500858,"grabStrength":0,"id":89,"palmNormal":[0.489688,-0.30205,-0.817907],"palmPosition":[-6.31409,207.382,78.2041],"palmVelocity":[8.33418,-4.83725,5.38583],"palmWidth":79.6914,"pinchDistance":64.5456,"pinchStrength":0,"r":[[-0.0906847,0.768358,0.633563],[-0.708815,0.39708,-0.583017],[-0.69954,-0.50195,0.508615]],"s":1.15762,"sphereCenter":[-25.7423,216.764,48.2744],"sphereRadius":47.8086,"stabilizedPalmPosition":[-9.60729,213.281,79.9654],"t":[-35.6902,-55.3901,11.245],"timeVisible":14.4305,"type":"right","wrist":[45.9078,196.531,118.156]}],"id":64942,"interactionBox":{"center":[0,200,0],"size":[235.247,235.247,147.751]},"pointables":[{"bases":[[[-0.431811,0.690832,0.579905],[-0.231352,-0.706259,0.669085],[0.871789,0.154756,0.464796]],[[-0.753029,0.565444,0.336482],[-0.408731,-0.802731,0.434237],[0.515641,0.189463,0.835595]],[[-0.753029,0.565444,0.336482],[-0.580766,-0.811547,0.0640474],[0.309286,-0.147187,0.93951]],[[-0.753029,0.565444,0.336482],[-0.65656,-0.679379,-0.327678],[0.0433149,-0.467672,0.88284]]],"btipPosition":[-4.22178,180.985,21.3107],"carpPosition":[28.4265,175.313,103.908],"dipPosition":[-3.33559,171.417,39.3731],"direction":[-0.309286,0.147187,-0.93951],"extended":false,"handId":89,"id":890,"length":45.5601,"mcpPosition":[28.4265,175.313,103.908],"pipPosition":[5.8831,167.03,67.3764],"stabilizedTipPosition":[-4.71771,179.577,25.8423],"timeVisible":14.4305,"tipPosition":[-3.1954,180.185,25.1803],"tipVelocity":[8.21961,-10.22,3.3577],"tool":false,"touchDistance":-0.172555,"touchZone":"touching","type":0,"width":18.1457},{"bases":[[[0.256547,0.946465,-0.195929],[-0.607882,0.315602,0.728611],[0.751441,-0.0678215,0.656306]],[[0.246432,0.94729,-0.204726],[-0.568672,0.312388,0.760937],[0.784782,-0.0710969,0.61568]],[[0.246432,0.94729,-0.204726],[-0.793729,0.318482,0.51823],[0.556116,0.0347888,0.830376]],[[0.246432,0.94729,-0.204726],[-0.918783,0.295569,0.261681],[0.308399,0.123612,0.943192]]],"btipPosition":[-78.7297,193.941,14.8405],"carpPosition":[15.5203,189.483,111.886],"dipPosition":[-74.1234,195.788,28.9283],"direction":[-0.556116,-0.0347888,-0.830376],"extended":true,"handId":89,"id":891,"length":51.4095,"mcpPosition":[-32.8982,193.853,69.5974],"pipPosition":[-62.3728,196.523,46.4739],"stabilizedTipPosition":[-78.4882,198.006,17.8689],"timeVisible":14.4305,"tipPosition":[-77.3689,193.068,17.7462],"tipVelocity":[9.20833,-6.74799,3.01709],"tool":false,"touchDistance":-0.0889813,"touchZone":"touching","type":1,"width":17.3328},{"bases":[[[0.455556,0.860837,-0.226779],[-0.539113,0.469504,0.69923],[0.708397,-0.196279,0.677974]],[[0.442674,0.864245,-0.238999],[-0.455764,0.446402,0.770068],[0.772217,-0.231961,0.591502]],[[0.442674,0.864245,-0.238999],[-0.661329,0.494671,0.563866],[0.605544,-0.0915513,0.790528]],[[0.442674,0.864245,-0.238999],[-0.805127,0.500428,0.318344],[0.394729,0.0515023,0.917353]]],"btipPosition":[-80.3997,223.283,9.47001],"carpPosition":[16.9632,200.085,110.543],"dipPosition":[-73.9151,224.129,24.5402],"direction":[-0.605544,0.0915513,-0.790528],"extended":true,"handId":89,"id":892,"length":58.577,"mcpPosition":[-26.3231,212.079,69.1161],"pipPosition":[-58.8618,221.853,44.1921],"stabilizedTipPosition":[-78.7511,225.089,18.2089],"timeVisible":14.4305,"tipPosition":[-78.9168,222.606,12.9032],"tipVelocity":[8.91972,-8.06736,3.26012],"tool":false,"touchDistance":-0.116033,"touchZone":"touching","type":2,"width":17.0231},{"bases":[[[0.594173,0.784711,-0.176599],[-0.482331,0.523311,0.702497],[0.643673,-0.332225,0.689428]],[[0.589259,0.787215,-0.181838],[-0.400122,0.47986,0.780792],[0.701909,-0.387332,0.597744]],[[0.589259,0.787215,-0.181838],[-0.571943,0.565399,0.59431],[0.570661,-0.246202,0.783409]],[[0.589259,0.787215,-0.181838],[-0.705183,0.610961,0.359783],[0.394323,-0.0837765,0.915145]]],"btipPosition":[-62.0826,250.499,13.0897],"carpPosition":[20.9066,209.813,108.18],"dipPosition":[-55.6419,249.131,28.0372],"direction":[-0.570661,0.246202,-0.783409],"extended":true,"handId":89,"id":893,"length":56.3233,"mcpPosition":[-14.4064,228.04,70.3563],"pipPosition":[-41.8222,243.169,47.0091],"stabilizedTipPosition":[-62.6834,253.613,20.1266],"timeVisible":14.4305,"tipPosition":[-59.8764,249.262,15.5482],"tipVelocity":[4.38709,-5.71083,8.79078],"tool":false,"touchDistance":-0.102528,"touchZone":"touching","type":3,"width":16.1985},{"bases":[[[0.73615,0.64366,-0.209247],[-0.325269,0.607571,0.724608],[0.593534,-0.465359,0.656626]],[[0.784584,0.60114,-0.151853],[-0.318586,0.600975,0.733029],[0.531913,-0.526745,0.66303]],[[0.784584,0.60114,-0.151853],[-0.462541,0.730577,0.502307],[0.412897,-0.323864,0.851251]],[[0.784584,0.60114,-0.151853],[-0.551326,0.788459,0.272712],[0.283668,-0.130244,0.950036]]],"btipPosition":[-28.1232,264.208,20.2085],"carpPosition":[29.7956,216.792,102.921],"dipPosition":[-23.8488,262.245,34.524],"direction":[-0.412897,0.323864,-0.851251],"extended":true,"handId":89,"id":894,"length":44.1565,"mcpPosition":[-0.347036,240.426,69.5739],"pipPosition":[-16.789,256.708,49.079],"stabilizedTipPosition":[-27.6771,264.818,26.3377],"timeVisible":14.4305,"tipPosition":[-25.5355,260.609,21.753],"tipVelocity":[0.628585,1.47914,12.7493],"tool":false,"touchDistance":-0.0946942,"touchZone":"touching","type":4,"width":14.3888}],"r":[[-0.0906847,0.768358,0.633563],[-0.708815,0.39708,-0.583017],[-0.69954,-0.50195,0.508615]],"s":1.15762,"t":[-35.6902,-55.3901,11.245],"timestamp":1131357312655},{"currentFrameRate":57.6532