{"frames":73,"data":[{"currentFrameRate":57.6204,"devices":[],"gestures":[],"hands":[{"armBasis":[[0.950883,0.0127124,-0.30929],[0.173133,0.806423,0.565426],[0.256606,-0.591202,0.764613]],"armWidth":53.0314,"confidence":1,"direction":[0.211614,0.81734,-0.535887],"elbow":[66.5955,23.3754,273.241],"grabAngle":2.72769,"grabStrength":0.295312,"id":165,"palmNormal":[-0.097886,-0.527823,-0.843695],"palmPosition":[9.9373,210.904,55.9181],"palmVelocity":[-3.35271,-0.724867,-2.79141],"palmWidth":77.8763,"pinchDistance":62.3562,"pinchStrength":0.0794789,"r":[[0.896186,0.443235,-0.0198141],[-0.44193,0.895726,0.0487055],[0.039336,-0.0348928,0.998617]],"s":1.11193,"sphereCenter":[3.35738,207.121,16.6291],"sphereRadius":39.2646,"stabilizedPalmPosition":[10.8761,212.469,64.7229],"t":[-99.4442,105.215,-8.04503],"timeVisible":20.6915,"type":"right","wrist":[7.29708,159.994,96.5491]}],"id":133944,"interactionBox":{"center":[0,200,0],"size":[235.247,235.247,147.751]},"pointables":[{"bases":[[[0.520152,0.538638,0.662806],[-0.821422,0.102973,0.560947],[0.233896,-0.836221,0.49601]],[[0.338669,0.879443,0.334491],[-0.834851,0.116902,0.53792],[0.433967,-0.461426,0.773795]],[[0.338669,0.879443,0.334491],[-0.882298,0.173322,0.437619],[0.326886,-0.443328,0.834629]],[[0.338669,0.879443,0.334491],[-0.908267,0.212745,0.360264],[0.24567,-0.425817,0.870819]]],"btipPosition":[-50.4059,211.658,4.99222],"carpPosition":[-18.3882,171.937,77.0093],"dipPosition":[-45.8195,203.708,21.2497],"direction":[-0.326886,0.443328,-0.834629],"extended":true,"handId":165,"id":1650,"length":41.5735,"mcpPosition":[-18.3882,171.937,77.0093],"pipPosition":[-36.9287,191.65,43.9502],"stabilizedTipPosition":[-52.5597,211.92,19.4158],"timeVisible":20.6915,"tipPosition":[-48.5172,208.162,7.67658],"tipVelocity":[-3.15725,2.81368,-2.80792],"tool":false,"touchDistance":-0.0900742,"touchZone":"touching","type":0,"width":16.6432},{"bases":[[[0.994165,-0.0904809,-0.058738],[0.103528,0.64726,0.755206],[-0.030313,-0.75688,0.65285]],[[0.994274,-0.0875693,-0.0612484],[0.106839,0.802254,0.587345],[-0.00229664,-0.590526,0.807015]],[[0.994274,-0.0875693,-0.0612484],[0.090784,0.994521,0.0518325],[0.0563739,-0.0570961,0.996776]],[[0.994274,-0.0875693,-0.0612484],[0.0610097,0.935718,-0.347434],[0.0877357,0.341707,0.935702]]],"btipPosition":[-8.39463,251.001,-14.2972],"carpPosition":[-8.09933,186.661,86.4397],"dipPosition":[-7.19886,255.658,-1.54427],"direction":[-0.0563739,0.0570961,-0.996776],"extended":true,"handId":165,"id":1651,"length":46.9111,"mcpPosition":[-6.19063,234.319,45.332],"pipPosition":[-6.11192,254.557,17.6744],"stabilizedTipPosition":[-8.91063,251.968,-10.9402],"timeVisible":20.6915,"tipPosition":[-7.34009,257.256,-10.2747],"tipVelocity":[-2.19303,4.11671,-0.523178],"tool":false,"touchDistance":-0.293783,"touchZone":"touching","type":1,"width":15.8976},{"bases":[[[0.948616,-0.300914,-0.0978734],[0.269422,0.605871,0.748554],[-0.165951,-0.736459,0.655811]],[[0.953305,-0.277932,-0.118162],[0.235874,0.929538,-0.283414],[0.188606,0.242309,0.95169]],[[0.953305,-0.277932,-0.118162],[-0.167398,-0.160624,-0.972717],[0.25137,0.947076,-0.199649]],[[0.953305,-0.277932,-0.118162],[-0.277206,-0.649988,-0.707582],[0.119856,0.707297,-0.696682]]],"btipPosition":[-2.40992,189.616,25.8183],"carpPosition":[2.43125,187.042,86.5985],"dipPosition":[-0.613218,200.218,15.3747],"direction":[-0.25137,-0.947076,0.199649],"extended":false,"handId":165,"id":1652,"length":53.4514,"mcpPosition":[12.3407,231.018,47.4381],"pipPosition":[5.08883,221.702,10.8459],"stabilizedTipPosition":[-2.4162,192.877,32.868],"timeVisible":20.6915,"tipPosition":[-2.18431,193.273,21.356],"tipVelocity":[-4.29529,1.41109,-1.60018],"tool":false,"touchDistance":0.333333,"touchZone":"none","type":2,"width":15.6135},{"bases":[[[0.890828,-0.450821,-0.0564474],[0.331081,0.559038,0.760172],[-0.311146,-0.695871,0.647265]],[[0.900918,-0.426835,-0.0784813],[0.384434,0.868803,-0.312078],[0.201391,0.250986,0.946809]],[[0.900918,-0.426835,-0.0784813],[-0.156506,-0.150865,-0.976087],[0.404788,0.891657,-0.202719]],[[0.900918,-0.426835,-0.0784813],[-0.35805,-0.628828,-0.690199],[0.24525,0.649913,-0.719351]]],"btipPosition":[9.58375,183.849,32.4453],"carpPosition":[12.6807,184.878,85.6908],"dipPosition":[13.239,193.536,21.7238],"direction":[-0.404788,-0.891657,0.202719],"extended":false,"handId":165,"id":1653,"length":51.395,"mcpPosition":[29.3619,222.185,50.9895],"pipPosition":[22.1841,213.24,17.2441],"stabilizedTipPosition":[11.1952,187.564,39.7266],"timeVisible":20.6915,"tipPosition":[11.3906,188.975,26.5309],"tipVelocity":[-4.41178,0.346074,-1.87697],"tool":false,"touchDistance":0.333333,"touchZone":"none","type":3,"width":14.8573},{"bases":[[[0.781797,-0.614461,-0.105976],[0.436808,0.418424,0.796317],[-0.444963,-0.668849,0.595524]],[[0.778344,-0.619598,-0.101382],[0.578506,0.770517,-0.267647],[0.24395,0.149671,0.958168]],[[0.778344,-0.619598,-0.101382],[-0.150053,-0.026784,-0.988315],[0.609643,0.784462,-0.11382]],[[0.778344,-0.619598,-0.101382],[-0.483317,-0.488248,-0.726649],[0.40073,0.614582,-0.679488]]],"btipPosition":[21.7014,185.798,36.2265],"carpPosition":[21.5214,177.515,81.6889],"dipPosition":[27.2114,194.248,26.8836],"direction":[-0.609643,-0.784462,0.11382],"extended":false,"handId":165,"id":1654,"length":40.2927,"mcpPosition":[43.6041,210.709,52.1341],"pipPosition":[36.7232,206.488,25.1078],"stabilizedTipPosition":[24.8407,189.608,43.8649],"timeVisible":20.6915,"tipPosition":[24.8094,190.559,29.7625],"tipVelocity":[-4.27788,-0.703593,-2.42463],"tool":false,"touchDistance":0.333333,"touchZone":"none","type":4,"width":13.1974}],"r":[[0.896186,0.443235,-0.0198141],[-0.44193,0.895726,0.0487055],[0.039336,-0.0348928,0.998617]],"s":1.11193,"t":[-99.4442,105.215,-8.04503],"timestamp":1132429113936},{"currentFrameRate":57.6842,"devices":[],"gestures":[],"hands":[{"armBasis":[[0.951074,0.0128524,-0.308695],[0.172654,0.806463,0.565516],[0.256219,-0.591145,0.764787]],"armWidth":53.0314,"confidence":1,"direction":[0.211831,0.816406,-0.537223],"elbow":[66.426,23.4676,273.302],"grabAngle":2.72837,"grabStrength":0.294908,"id":165,"palmNormal":[-0.097567,-0.529285,-0.842815],"palmPosition":[9.87456,210.923,55.8625],"palmVelocity":[-3.66358,1.0914,-3.24845],"palmWidth":77.8763,"pinchDistance":62.3766,"pinchStrength":0.0791873,"r":[[0.896398,0.442801,-0.0199583],[-0.4415,0.89595,0.0484863],[0.0393514,-0.0346515,0.998624]],"s":1.112,"sphereCenter":[3.30269,207.08,16.5854],"sphereRadius":39.2664,"stabilizedPalmPosition":[10.874,212.465,64.7048],"t":[-99.4872,105.224,-8.09769],"timeVisible":20.7086,"type":"right","wrist":[7.21713,160.073,96.5698]}],"id":133945,"interactionBox":{"center":[0,200,0],"size":[235.247,235.247,147.751]},"pointables":[{"bases":[[[0.519902,0.539781,0.662071],[-0.821638,0.103956,0.56045],[0.233694,-0.835362,0.497551]],[[0.338554,0.880014,0.3331],[-0.834979,0.117763,0.537533],[0.43381,-0.460116,0.774663]],[[0.338554,0.880014,0.3331],[-0.882519,0.174168,0.436837],[0.326407,-0.44186,0.835594]],[[0.338554,0.880014,0.3331],[-0.908485,0.213525,0.359251],[0.245021,-0.424243,0.87177]]],"btipPosition":[-50.4454,211.588,4.91218],"carpPosition":[-18.4596,171.993,77.0103],"dipPosition":[-45.8711,203.668,21.1874],"direction":[-0.326407,0.44186,-0.835594],"extended":true,"handId":165,"id":1650,"length":41.5735,"mcpPosition":[-18.4596,171.993,77.0103],"pipPosition":[-36.9934,191.65,43.9141],"stabilizedTipPosition":[-52.5597,211.92,19.4158],"timeVisible":20.7086,"tipPosition":[-48.5614,208.098,7.60338],"tipVelocity":[-2.47013,-3.66895,-4.43565],"tool":false,"touchDistance":-0.0913401,"touchZone":"touching","type":0,"width":16.6432},{"bases":[[[0.994186,-0.0905947,-0.0581969],[0.103245,0.648569,0.754122],[-0.0305747,-0.755746,0.654151]],[[0.994294,-0.0877607,-0.060649],[0.106643,0.803146,0.58616],[-0.0027318,-0.589283,0.807922]],[[0.994294,-0.0877607,-0.060649],[0.0908713,0.994577,0.0505865],[0.0558806,-0.0558091,0.996876]],[[0.994294,-0.0877607,-0.060649],[0.0613434,0.935487,-0.347996],[0.0872767,0.342289,0.935532]]],"btipPosition":[-8.4223,250.926,-14.4304],"carpPosition":[-8.17416,186.733,86.4191],"dipPosition":[-7.23278,255.591,-1.67975],"direction":[-0.0558806,0.0558091,-0.996876],"extended":true,"handId":165,"id":1651,"length":46.9111,"mcpPosition":[-6.24898,234.32,45.2295],"pipPosition":[-6.15535,254.515,17.5409],"stabilizedTipPosition":[-8.8971,251.968,-10.9501],"timeVisible":20.7086,"tipPosition":[-7.37801,257.151,-10.4192],"tipVelocity":[-1.69979,-4.26476,-7.80773],"tool":false,"touchDistance":-0.294744,"touchZone":"touching","type":1,"width":15.8976},{"bases":[[[0.94865,-0.301095,-0.0969846],[0.269141,0.607166,0.747605],[-0.166214,-0.735318,0.657024]],[[0.953298,-0.278416,-0.117076],[0.236157,0.928755,-0.285734],[0.188288,0.244742,0.95113]],[[0.953298,-0.278416,-0.117076],[-0.167121,-0.163359,-0.972309],[0.251581,0.946466,-0.202259]],[[0.953298,-0.278416,-0.117076],[-0.27711,-0.652073,-0.705699],[0.120136,0.705184,-0.698772]]],"btipPosition":[-2.46589,189.571,25.8408],"carpPosition":[2.35636,187.114,86.5813],"dipPosition":[-0.664996,200.142,15.3658],"direction":[-0.251581,-0.946466,0.202259],"extended":false,"handId":165,"id":1652,"length":53.4514,"mcpPosition":[12.2815,231.022,47.3485],"pipPosition":[5.04184,221.612,10.7778],"stabilizedTipPosition":[-2.41477,192.873,32.8311],"timeVisible":20.7086,"tipPosition":[-2.23338,193.228,21.3327],"tipVelocity":[-3.21215,-3.00224,0.892446],"tool":false,"touchDistance":0.333333,"touchZone":"none","type":2,"width":15.6135},{"bases":[[[0.890844,-0.450929,-0.0553208],[0.330794,0.560353,0.759329],[-0.311404,-0.694743,0.648351]],[[0.900836,-0.42725,-0.0771478],[0.384756,0.867948,-0.314053],[0.20114,0.253227,0.946266]],[[0.900836,-0.42725,-0.0771478],[-0.15647,-0.153738,-0.975644],[0.404984,0.890967,-0.205345]],[[0.900836,-0.42725,-0.0771478],[-0.358182,-0.630941,-0.6882],[0.245358,0.647589,-0.721407]]],"btipPosition":[9.52607,183.829,32.4856],"carpPosition":[12.6061,184.948,85.6813],"dipPosition":[13.183,193.481,21.7335],"direction":[-0.404984,-0.890967,0.205345],"extended":false,"handId":165,"id":1653,"length":51.395,"mcpPosition":[29.3012,222.195,50.9218],"pipPosition":[22.1323,213.17,17.1958],"stabilizedTipPosition":[11.1926,187.56,39.6964],"timeVisible":20.7086,"tipPosition":[11.336,188.934,26.5246],"tipVelocity":[-3.34639,-1.64033,1.94388],"tool":false,"touchDistance":0.333333,"touchZone":"none","type":3,"width":14.8573},{"bases":[[[0.78183,-0.614654,-0.104607],[0.436506,0.4198,0.795758],[-0.445202,-0.667809,0.596512]],[[0.778396,-0.619752,-0.100034],[0.578467,0.769998,-0.269218],[0.243874,0.151692,0.95787]],[[0.778396,-0.619752,-0.100034],[-0.150334,-0.0293107,-0.988201],[0.609507,0.78425,-0.115985]],[[0.778396,-0.619752,-0.100034],[-0.48351,-0.490228,-0.725186],[0.400396,0.61285,-0.681248]]],"btipPosition":[21.649,185.78,36.2506],"carpPosition":[21.4483,177.579,81.6957],"dipPosition":[27.1544,194.206,26.8836],"direction":[-0.609507,-0.78425,0.115985],"extended":false,"handId":165,"id":1654,"length":40.2927,"mcpPosition":[43.5428,210.721,52.0919],"pipPosition":[36.6641,206.442,25.0739],"stabilizedTipPosition":[24.8358,189.603,43.8401],"timeVisible":20.7086,"tipPosition":[24.753,190.527,29.7565],"tipVelocity":[-3.12254,-1.38017,1.08346],"tool":false,"touchDistance":0.333333,"touchZone":"none","type":4,"width":13.1974}],"r":[[0.896398,0.442801,-0.0199583],[-0.4415,0.89595,0.0484863],[0.0393514,-0.0346515,0.998624]],"s":1.112,"t":[-99.4872,105.224,-8.09769],"timestamp":1132429131060},{"currentFrameRate":57.6932,"devices":[],"gestures":[],"hands":[{"armBasis":[[0.951391,0.0134071,-0.307694],[0.171561,0.806627,0.565614],[0.255777,-0.590908,0.765118]],"armWidth":53.0314,"confidence":1,"direction":[0.21161,0.815837,-0.538174],"elbow":[66.2738,23.592,273.404],"grabAngle":2.72914,"grabStrength":0.293565,"id":165,"palmNormal":[-0.0966926,-0.530466,-0.842173],"palmPosition":[9.8188,210.948,55.8297],"palmVelocity":[-3.22251,1.43524,-1.89596],"palmWidth":77.8763,"pinchDistance":62.418,"pinchStrength":0.0781845,"r":[[0.89651,0.442569,-0.0200809],[-0.441282,0.896083,0.0480195],[0.0392461,-0.0341886,0.998645]],"s":1.11228,"sphereCenter":[3.2526,207.061,16.564],"sphereRadius":39.2719,"stabilizedPalmPosition":[10.8714,212.462,64.6823],"t":[-99.5365,105.24,-8.14042],"timeVisible":20.7259,"type":"right","wrist":[7.16704,160.143,96.595]}],"id":133946,"interactionBox":{"center":[0,200,0],"size":[235.247,235.247,147.751]},"pointables":[{"bases":[[[0.519132,0.541008,0.661674],[-0.822052,0.104143,0.559808],[0.233952,-0.834544,0.498801]],[[0.33785,0.880588,0.332298],[-0.835197,0.117716,0.537205],[0.433939,-0.459029,0.775235]],[[0.33785,0.880588,0.332298],[-0.882808,0.174063,0.436293],[0.326353,-0.440757,0.836198]],[[0.33785,0.880588,0.332298],[-0.90881,0.213392,0.358509],[0.244789,-0.423118,0.872382]]],"btipPosition":[-50.4876,211.525,4.86125],"carpPosition":[-18.502,172.026,77.0117],"dipPosition":[-45.9176,203.625,21.1479],"direction":[-0.326353,0.440757,-0.836198],"extended":true,"handId":165,"id":1650,"length":41.5735,"mcpPosition":[-18.502,172.026,77.0117],"pipPosition":[-37.0414,191.637,43.891],"stabilizedTipPosition":[-52.5597,211.92,19.4158],"timeVisible":20.7259,"tipPosition":[-48.5875,208.023,7.54082],"tipVelocity":[-2.49685,-3.40383,-2.79155],"tool":false,"touchDistance":-0.0921452,"touchZone":"touching","type":0,"width":16.6432},{"bases":[[[0.994282,-0.0900003,-0.0574675],[0.102344,0.649636,0.753325],[-0.0304666,-0.754899,0.655133]],[[0.994386,-0.0872581,-0.0598464],[0.105768,0.803877,0.585316],[-0.00296442,-0.588361,0.808593]],[[0.994386,-0.0872581,-0.0598464],[0.0903087,0.994642,0.0503162],[0.0551353,-0.0554384,0.996939]],[[0.994386,-0.0872581,-0.0598464],[0.0612042,0.935727,-0.347374],[0.0863111,0.341761,0.935815]]],"btipPosition":[-8.4518,250.894,-14.5321],"carpPosition":[-8.23236,186.786,86.4073],"dipPosition":[-7.27544,255.552,-1.77763],"direction":[-0.0551353,0.0554384,-0.996939],"extended":true,"handId":165,"id":1651,"length":46.9111,"mcpPosition":[-6.31398,234.319,45.1558],"pipPosition":[-6.21239,254.483,17.4442],"stabilizedTipPosition":[-8.88971,251.968,-10.9568],"timeVisible":20.7259,"tipPosition":[-7.42648,257.062,-10.5269],"tipVelocity":[-1.87987,-1.92953,-5.82817],"tool":false,"touchDistance":-0.295115,"touchZone":"touching","type":1,"width":15.8976},{"bases":[[[0.948912,-0.300582,-0.0960042],[0.268272,0.608337,0.746965],[-0.166121,-0.734559,0.657896]],[[0.953494,-0.278273,-0.115819],[0.235833,0.928055,-0.288266],[0.187703,0.247546,0.95052]],[[0.953494,-0.278273,-0.115819],[-0.166528,-0.166073,-0.971951],[0.251233,0.946036,-0.20469]],[[0.953494,-0.278273,-0.115819],[-0.276454,-0.654295,-0.703897],[0.120096,0.70318,-0.700796]]],"btipPosition":[-2.49897,189.519,25.8917],"carpPosition":[2.29781,187.175,86.5754],"dipPosition":[-0.698679,200.06,15.3865],"direction":[-0.251233,-0.946036,0.20469],"extended":false,"handId":165,"id":1652,"length":53.4514,"mcpPosition":[12.2174,231.037,47.2906],"pipPosition":[5.00026,221.519,10.7433],"stabilizedTipPosition":[-2.41347,192.87,32.7942],"timeVisible":20.7259,"tipPosition":[-2.25522,193.194,21.3258],"tipVelocity":[-1.92013,-3.45446,2.543],"tool":false,"touchDistance":0.333333,"touchZone":"none","type":2,"width":15.6135},{"bases":[[[0.891181,-0.4504,-0.0541775],[0.32995,0.561581,0.758789],[-0.311334,-0.694094,0.64908]],[[0.901029,-0.427101,-0.0757036],[0.384598,0.867353,-0.315884],[0.200576,0.255505,0.945773]],[[0.901029,-0.427101,-0.0757036],[-0.156172,-0.156605,-0.975236],[0.404669,0.890539,-0.207807]],[[0.901029,-0.427101,-0.0757036],[-0.357849,-0.633304,-0.6862],[0.245133,0.645377,-0.723463]]],"btipPosition":[9.49613,183.822,32.5524],"carpPosition":[12.5496,185.014,85.6846],"dipPosition":[13.1497,193.441,21.7697],"direction":[-0.404669,-0.890539,0.207807],"extended":false,"handId":165,"id":1653,"length":51.395,"mcpPosition":[29.2408,222.226,50.886],"pipPosition":[22.0921,213.12,17.1775],"stabilizedTipPosition":[11.1909,187.556,39.6766],"timeVisible":20.7259,"tipPosition":[11.3091,188.909,26.536],"tipVelocity":[-1.77476,-0.863964,3.45316],"tool":false,"touchDistance":0.333333,"touchZone":"none","type":3,"width":14.8573},{"bases":[[[0.782308,-0.614264,-0.103314],[0.435734,0.421148,0.795469],[-0.445117,-0.667319,0.597123]],[[0.778928,-0.619281,-0.0988056],[0.577875,0.770002,-0.270475],[0.24358,0.153583,0.957643]],[[0.778928,-0.619281,-0.0988056],[-0.150502,-0.0316498,-0.988103],[0.608786,0.784531,-0.117856]],[[0.778928,-0.619281,-0.0988056],[-0.483339,-0.492463,-0.723784],[0.399568,0.611532,-0.682916]]],"btipPosition":[21.6266,185.783,36.2973],"carpPosition":[21.3991,177.646,81.7141],"dipPosition":[27.1206,194.191,26.9072],"direction":[-0.608786,-0.784531,0.117856],"extended":false,"handId":165,"id":1654,"length":40.2927,"mcpPosition":[43.4895,210.763,52.08],"pipPosition":[36.619,206.431,25.0684],"stabilizedTipPosition":[24.8324,189.6,43.8231],"timeVisible":20.7259,"tipPosition":[24.7226,190.521,29.7703],"tipVelocity":[-1.44553,-0.0697878,2.3896],"tool":false,"touchDistance":0.333333,"touchZone":"none","type":4,"width":13.1974}],"r":[[0.89651,0.442569,-0.0200809],[-0.441282,0.896083,0.0480195],[0.0392461,-0.0341886,0.998645]],"s":1.11228,"t":[-99.5365,105.24,-8.14042],"timestamp":1132429148363},{"currentFrameRate":57.6543,"devices":[],"gestures":[],"hands":[{"armBasis":[[0.951574,0.0134113,-0.307128],[0.171047,0.80703,0.565195],[0.255442,-0.590358,0.765654]],"armWidth":53.0314,"confidence":1,"direction":[0.211083,0.816547,-0.537303],"elbow":[66.1489,23.6067,273.42],"grabAngle":2.72963,"grabStrength":0.291565,"id":165,"palmNormal":[-0.0960954,-0.52969,-0.84273],"palmPosition":[9.74637,210.868,55.7626],"palmVelocity":[-4.14538,-4.53623,-3.84268],"palmWidth":77.8763,"pinchDistance":62.4894,"pinchStrength":0.0769534,"r":[[0.89653,0.442528,-0.020051],[-0.441251,0.896109,0.0478083],[0.0391244,-0.034014,0.998655]],"s":1.11272,"sphereCenter":[3.16057,207.034,16.5023],"sphereRadius":39.2791,"stabilizedPalmPosition":[10.8682,212.457,64.657],"t":[-99.5974,105.209,-8.19535],"timeVisible":20.7434,"type":"right","wrist":[7.11974,160.031,96.487]}],"id":133947,"interactionBox":{"center":[0,200,0],"size":[235.247,235.247,147.751]},"pointables":[{"bases":[[[0.518565,0.540747,0.662332],[-0.822253,0.102931,0.559737],[0.234502,-0.834864,0.498007]],[[0.337067,0.880537,0.333228],[-0.835259,0.116361,0.537404],[0.43443,-0.459472,0.774697]],[[0.337067,0.880537,0.333228],[-0.882848,0.172662,0.436769],[0.327055,-0.44141,0.835579]],[[0.337067,0.880537,0.333228],[-0.908931,0.212086,0.358976],[0.245419,-0.42388,0.871834]]],"btipPosition":[-50.5858,211.453,4.79868],"carpPosition":[-18.5484,171.903,76.8991],"dipPosition":[-46.004,203.539,21.0751],"direction":[-0.327055,0.44141,-0.835579],"extended":true,"handId":165,"id":1650,"length":41.5735,"mcpPosition":[-18.5484,171.903,76.8991],"pipPosition":[-37.1087,191.534,43.8014],"stabilizedTipPosition":[-52.5597,211.92,19.4158],"timeVisible":20.7434,"tipPosition":[-48.6495,207.951,7.46095],"tipVelocity":[-5.46231,-4.30728,-3.71505],"tool":false,"touchDistance":-0.0932271,"touchZone":"touching","type":0,"width":16.6432},{"bases":[[[0.994365,-0.0891604,-0.0573453],[0.101672,0.648954,0.754003],[-0.0300128,-0.755585,0.654362]],[[0.994463,-0.0865453,-0.0596091],[0.105049,0.803275,0.586271],[-0.00285647,-0.589287,0.807919]],[[0.994463,-0.0865453,-0.0596091],[0.0897127,0.994573,0.0526805],[0.0547264,-0.0577365,0.996831]],[[0.994463,-0.0865453,-0.0596091],[0.060904,0.936912,-0.344219],[0.0856391,0.338682,0.936995]]],"btipPosition":[-8.52699,250.931,-14.57],"carpPosition":[-8.29232,186.662,86.3118],"dipPosition":[-7.35979,255.547,-1.79941],"direction":[-0.0547264,0.0577365,-0.996831],"extended":true,"handId":165,"id":1651,"length":46.9111,"mcpPosition":[-6.40251,234.238,45.1088],"pipPosition":[-6.30462,254.434,17.4204],"stabilizedTipPosition":[-8.88157,251.969,-10.9655],"timeVisible":20.7434,"tipPosition":[-7.52366,257.018,-10.555],"tipVelocity":[-4.42349,1.55539,-1.9553],"tool":false,"touchDistance":-0.29445,"touchZone":"touching","type":1,"width":15.8976},{"bases":[[[0.949168,-0.299739,-0.0961046],[0.267634,0.607792,0.747637],[-0.165684,-0.735354,0.657117]],[[0.953683,-0.277697,-0.115639],[0.23524,0.928082,-0.288663],[0.187484,0.24809,0.950422]],[[0.953683,-0.277697,-0.115639],[-0.166268,-0.16626,-0.971963],[0.250685,0.946172,-0.204732]],[[0.953683,-0.277697,-0.115639],[-0.275958,-0.654644,-0.703767],[0.119731,0.703082,-0.700956]]],"btipPosition":[-2.55908,189.427,25.8526],"carpPosition":[2.2375,187.059,86.4826],"dipPosition":[-0.764243,199.967,15.3449],"direction":[-0.250685,-0.946172,0.204732],"extended":false,"handId":165,"id":1652,"length":53.4514,"mcpPosition":[12.131,230.969,47.2443],"pipPosition":[4.92227,221.43,10.7008],"stabilizedTipPosition":[-2.41223,192.865,32.7508],"timeVisible":20.7434,"tipPosition":[-2.30566,193.134,21.2471],"tipVelocity":[-3.51143,-5.24399,-2.27327],"tool":false,"touchDistance":0.333333,"touchZone":"none","type":2,"width":15.6135},{"bases":[[[0.891547,-0.449644,-0.0544417],[0.329346,0.561072,0.759427],[-0.310926,-0.694995,0.648311]],[[0.901243,-0.426663,-0.0756256],[0.384185,0.867516,-0.31594],[0.200406,0.255685,0.94576]],[[0.901243,-0.426663,-0.0756256],[-0.156164,-0.157019,-0.975171],[0.404195,0.890676,-0.208142]],[[0.901243,-0.426663,-0.0756256],[-0.357657,-0.633939,-0.685713],[0.244627,0.645043,-0.723932]]],"btipPosition":[9.43995,183.758,32.5157],"carpPosition":[12.4912,184.907,85.5918],"dipPosition":[13.0859,193.372,21.7259],"direction":[-0.404195,-0.890676,0.208142],"extended":false,"handId":165,"id":1653,"length":51.395,"mcpPosition":[29.1606,222.167,50.8344],"pipPosition":[22.0179,213.054,17.1264],"stabilizedTipPosition":[11.1884,187.552,39.6505],"timeVisible":20.7434,"tipPosition":[11.2566,188.85,26.4603],"tipVelocity":[-3.31459,-3.69618,-2.19432],"tool":false,"touchDistance":0.333333,"touchZone":"none","type":3,"width":14.8573},{"bases":[[[0.782813,-0.613544,-0.103767],[0.435233,0.420686,0.795987],[-0.44472,-0.668272,0.596353]],[[0.779342,-0.618707,-0.0991399],[0.577265,0.770474,-0.270435],[0.243705,0.153532,0.95762]],[[0.779342,-0.618707,-0.0991399],[-0.15086,-0.0317062,-0.988047],[0.608168,0.784982,-0.118048]],[[0.779342,-0.618707,-0.0991399],[-0.483398,-0.49299,-0.723386],[0.398688,0.611689,-0.68329]]],"btipPosition":[21.5733,185.726,36.246],"carpPosition":[21.3474,177.549,81.6158],"dipPosition":[27.0553,194.136,26.8508],"direction":[-0.608168,-0.784982,0.118048],"extended":false,"handId":165,"id":1654,"length":40.2927,"mcpPosition":[43.418,210.714,52.0199],"pipPosition":[36.544,206.384,25.009],"stabilizedTipPosition":[24.8283,189.596,43.803],"timeVisible":20.7434,"tipPosition":[24.6672,190.472,29.6966],"tipVelocity":[-3.20805,-3.21822,-3.00421],"tool":false,"touchDistance":0.333333,"touchZone":"none","type":4,"width":13.1974}],"r":[[0.89653,0.442528,-0.020051],[-0.441251,0.896109,0.0478083],[0.0391244,-0.034014,0.998655]],"s":1.11272,"t":[-99.5974,105.209,-8.19535],"timestamp":1132429165837},{"currentFrameRate":57.6506,"devices":[],"gestures":[],"hands":[{"armBasis":[[0.951866,0.0144121,-0.306177],[0.169606,0.807272,0.565283],[0.255315,-0.590003,0.76597]],"armWidth":53.0314,"confidence":1,"direction":[0.210831,0.816567,-0.537371],"elbow":[66.0444,23.6238,273.448],"grabAngle":2.73012,"grabStrength":0.288104,"id":165,"palmNormal":[-0.0946769,-0.530086,-0.842642],"palmPosition":[9.66218,210.793,55.7047],"palmVelocity":[-4.85019,-4.33841,-3.33667],"palmWidth":77.8763,"pinchDistance":62.6189,"pinchStrength":0.0749989,"r":[[0.896462,0.442674,-0.0198698],[-0.441416,0.896045,0.0474825],[0.0388235,-0.0337955,0.998674]],"s":1.11348,"sphereCenter":[3.07232,206.971,16.4573],"sphereRadius":39.2929,"stabilizedPalmPosition":[10.8643,212.452,64.6279],"t":[-99.6699,105.156,-8.25178],"timeVisible":20.7607,"type":"right","wrist":[7.04443,159.966,96.4427]}],"id":133948,"interactionBox":{"center":[0,200,0],"size":[235.247,235.247,147.751]},"pointables":[{"bases":[[[0.517325,0.541501,0.662685],[-0.822945,0.102305,0.558834],[0.234813,-0.834452,0.498551]],[[0.335878,0.880948,0.333343],[-0.835698,0.115462,0.536915],[0.434505,-0.458912,0.774987]],[[0.335878,0.880948,0.333343],[-0.883202,0.171576,0.436482],[0.327324,-0.441014,0.835683]],[[0.335878,0.880948,0.333343],[-0.909314,0.21098,0.358659],[0.245631,-0.423579,0.871921]]],"btipPosition":[-50.6677,211.316,4.708],"carpPosition":[-18.6158,171.807,76.8252],"dipPosition":[-46.0819,203.408,20.9861],"direction":[-0.327324,0.441014,-0.835683],"extended":true,"handId":165,"id":1650,"length":41.5735,"mcpPosition":[-18.6158,171.807,76.8252],"pipPosition":[-37.1793,191.413,43.7152],"stabilizedTipPosition":[-52.5597,211.92,19.4158],"timeVisible":20.7607,"tipPosition":[-48.6834,207.807,7.34691],"tipVelocity":[-4.66527,-7.78764,-5.20263],"tool":false,"touchDistance":-0.0947322,"touchZone":"touching","type":0,"width":16.6432},{"bases":[[[0.994514,-0.0881842,-0.0562663],[0.100228,0.649323,0.753879],[-0.0299453,-0.755383,0.654599]],[[0.994603,-0.0858002,-0.0583315],[0.103692,0.803063,0.586802],[-0.00350384,-0.589684,0.807626]],[[0.994603,-0.0858002,-0.0583315],[0.0890368,0.994489,0.0553556],[0.0532606,-0.0602505,0.996761]],[[0.994603,-0.0858002,-0.0583315],[0.0609816,0.93831,-0.340377],[0.0839374,0.334983,0.938478]]],"btipPosition":[-8.54971,250.948,-14.6621],"carpPosition":[-8.38442,186.579,86.2435],"dipPosition":[-7.4057,255.514,-1.87128],"direction":[-0.0532605,0.0602505,-0.996761],"extended":true,"handId":165,"id":1651,"length":46.9111,"mcpPosition":[-6.49887,234.143,45.0256],"pipPosition":[-6.37879,254.352,17.3471],"stabilizedTipPosition":[-8.87753,251.969,-10.9706],"timeVisible":20.7607,"tipPosition":[-7.59005,256.861,-10.6564],"tipVelocity":[-1.61605,0.325033,-5.03697],"tool":false,"touchDistance":-0.294649,"touchZone":"touching","type":1,"width":15.8976},{"bases":[[[0.949569,-0.298821,-0.0949982],[0.266238,0.608325,0.747702],[-0.16564,-0.735287,0.657204]],[[0.953983,-0.277318,-0.114065],[0.234845,0.927502,-0.290839],[0.186451,0.250668,0.949948]],[[0.953983,-0.277318,-0.114065],[-0.16527,-0.168866,-0.971684],[0.250204,0.945822,-0.206928]],[[0.953983,-0.277318,-0.114065],[-0.274894,-0.656849,-0.702127],[0.119789,0.701173,-0.702856]]],"btipPosition":[-2.60465,189.289,25.8865],"carpPosition":[2.14481,186.987,86.4252],"dipPosition":[-0.80895,199.8,15.3503],"direction":[-0.250204,-0.945822,0.206928],"extended":false,"handId":165,"id":1652,"length":53.4514,"mcpPosition":[12.0356,230.893,47.1817],"pipPosition":[4.86665,221.255,10.6564],"stabilizedTipPosition":[-2.41101,192.859,32.6994],"timeVisible":20.7607,"tipPosition":[-2.33472,193.026,21.1985],"tipVelocity":[-2.61382,-8.3587,1.57805],"tool":false,"touchDistance":0.333333,"touchZone":"none","type":2,"width":15.6135},{"bases":[[[0.892054,-0.44877,-0.0533427],[0.327984,0.561672,0.759573],[-0.310913,-0.695076,0.648231]],[[0.901585,-0.4262,-0.0741484],[0.38383,0.867165,-0.317331],[0.199545,0.257641,0.945412]],[[0.901585,-0.4262,-0.0741484],[-0.155529,-0.159399,-0.974886],[0.403677,0.890475,-0.209998]],[[0.901585,-0.4262,-0.0741484],[-0.356885,-0.635907,-0.684292],[0.244493,0.64341,-0.725429]]],"btipPosition":[9.39374,183.66,32.5499],"carpPosition":[12.4015,184.845,85.546],"dipPosition":[13.0378,193.249,21.7379],"direction":[-0.403677,-0.890475,0.209998],"extended":false,"handId":165,"id":1653,"length":51.395,"mcpPosition":[29.0702,222.11,50.7929],"pipPosition":[21.9582,212.927,17.0973],"stabilizedTipPosition":[11.185,187.546,39.6163],"timeVisible":20.7607,"tipPosition":[11.22,188.75,26.4316],"tipVelocity":[-2.68858,-5.99981,1.67868],"tool":false,"touchDistance":0.333333,"touchZone":"none","type":3,"width":14.8573},{"bases":[[[0.783536,-0.612796,-0.102724],[0.433972,0.421404,0.796296],[-0.444678,-0.668506,0.596122]],[[0.780138,-0.617853,-0.0981951],[0.576379,0.77087,-0.271194],[0.243254,0.154971,0.957503]],[[0.780138,-0.617853,-0.0981951],[-0.150799,-0.0333849,-0.988001],[0.607161,0.785584,-0.119216]],[[0.780138,-0.617853,-0.0981951],[-0.482836,-0.494829,-0.722505],[0.397812,0.611066,-0.684357]]],"btipPosition":[21.5337,185.641,36.2598],"carpPosition":[21.2693,177.495,81.5819],"dipPosition":[27.0036,194.044,26.8499],"direction":[-0.607161,-0.785584,0.119216],"extended":false,"handId":165,"id":1654,"length":40.2927,"mcpPosition":[43.3379,210.672,51.9975],"pipPosition":[36.4766,206.3,24.9899],"stabilizedTipPosition":[24.8221,189.59,43.7733],"timeVisible":20.7607,"tipPosition":[24.6249,190.394,29.6762],"tipVelocity":[-2.44439,-4.97159,0.601146],"tool":false,"touchDistance":0.333333,"touchZone":"none","type":4,"width":13.1974}],"r":[[0.896462,0.442674,-0.0198698],[-0.441416,0.896045,0.0474825],[0.0388235,-0.0337955,0.998674]],"s":1.11348,"t":[-99.6699,105.156,-8.25178],"timestamp":1132429183195},{"currentFrameRate":57.6735,"devices":[],"gestures":[],"hands":[{"armBasis":[[0.952168,0.0157811,-0.305167],[0.167756,0.807722,0.565192],[0.25541,-0.589352,0.76644]],"armWidth":53.0314,"confidence":1,"direction":[0.210483,0.816562,-0.537517],"elbow":[66.0042,23.6963,273.502],"grabAngle":2.73028,"grabStrength":0.285653,"id":165,"palmNormal":[-0.0928364,-0.530654,-0.842489],"palmPosition":[9.58484,210.698,55.6276],"palmVelocity":[-4.48019,-5.49695,-4.46317],"palmWidth":77.8763,"pinchDistance":62.7451,"pinchStrength":0.0730957,"r":[[0.896296,0.443025,-0.0195288],[-0.441797,0.895883,0.0470076],[0.0383211,-0.033505,0.998704]],"s":1.11434,"sphereCenter":[2.99269,206.879,16.3845],"sphereRadius":39.3067,"stabilizedPalmPosition":[10.86,212.446,64.5977],"t":[-99.7449,105.082,-8.31852],"timeVisible":20.778,"type":"right","wrist":[6.98231,159.888,96.3874]}],"id":133949,"interactionBox":{"center":[0,200,0],"size":[235.247,235.247,147.751]},"pointables":[{"bases":[[[0.515712,0.542532,0.663099],[-0.823835,0.101515,0.557665],[0.235237,-0.833879,0.499309]],[[0.334224,0.881606,0.333264],[-0.836269,0.114316,0.536271],[0.434682,-0.457933,0.775467]],[[0.334224,0.881606,0.333264],[-0.883665,0.17015,0.436102],[0.327765,-0.44025,0.835913]],[[0.334224,0.881606,0.333264],[-0.909831,0.209516,0.358205],[0.245971,-0.422935,0.872138]]],"btipPosition":[-50.7481,211.12,4.58247],"carpPosition":[-18.6703,171.686,76.7305],"dipPosition":[-46.156,203.225,20.8646],"direction":[-0.327765,0.44025,-0.835913],"extended":true,"handId":165,"id":1650,"length":41.5735,"mcpPosition":[-18.6703,171.686,76.7305],"pipPosition":[-37.2414,191.251,43.6],"stabilizedTipPosition":[-52.5597,211.92,19.4158],"timeVisible":20.778,"tipPosition":[-48.6962,207.618,7.19812],"tipVelocity":[-4.57483,-11.1715,-7.21816],"tool":false,"touchDistance":-0.096809,"touchZone":"touching","type":0,"width":16.6432},{"bases":[[[0.994704,-0.0869025,-0.0548727],[0.0983505,0.649852,0.753671],[-0.0298367,-0.755076,0.654958]],[[0.994788,-0.0846714,-0.0568074],[0.10188,0.803087,0.587088],[-0.00408834,-0.589816,0.807528]],[[0.994788,-0.0846714,-0.0568074],[0.0879076,0.99449,0.0571149],[0.0516583,-0.061811,0.99675]],[[0.994788,-0.0846714,-0.0568074],[0.0606726,0.939332,-0.337601],[0.0819461,0.332395,0.939574]]],"btipPosition":[-8.56526,250.896,-14.7847],"carpPosition":[-8.4712,186.477,86.1548],"dipPosition":[-7.44839,255.427,-1.97895],"direction":[-0.0516583,0.061811,-0.99675],"extended":true,"handId":165,"id":1651,"length":46.9111,"mcpPosition":[-6.59249,234.021,44.9143],"pipPosition":[-6.45237,254.235,17.2393],"stabilizedTipPosition":[-8.87504,251.969,-10.9744],"timeVisible":20.778,"tipPosition":[-7.64241,256.678,-10.7878],"tipVelocity":[-1.26237,-3.48122,-6.9027],"tool":false,"touchDistance":-0.295305,"touchZone":"touching","type":1,"width":15.8976},{"bases":[[[0.95009,-0.297619,-0.0935542],[0.264422,0.609069,0.74774],[-0.165561,-0.735158,0.657368]],[[0.954415,-0.276585,-0.112217],[0.234382,0.927256,-0.291996],[0.184816,0.252384,0.949813]],[[0.954415,-0.276585,-0.112217],[-0.163784,-0.170983,-0.971566],[0.249533,0.945656,-0.208489]],[[0.954415,-0.276585,-0.112217],[-0.273316,-0.658731,-0.700979],[0.119959,0.699696,-0.704298]]],"btipPosition":[-2.6214,189.152,25.8643],"carpPosition":[2.05723,186.898,86.3505],"dipPosition":[-0.82316,199.641,15.3065],"direction":[-0.249533,-0.945656,0.208489],"extended":false,"handId":165,"id":1652,"length":53.4514,"mcpPosition":[11.9433,230.796,47.0972],"pipPosition":[4.83721,221.092,10.5772],"stabilizedTipPosition":[-2.40974,192.851,32.6414],"timeVisible":20.778,"tipPosition":[-2.34136,192.892,21.1236],"tipVelocity":[-0.936711,-8.19349,-1.57628],"tool":false,"touchDistance":0.333333,"touchZone":"none","type":2,"width":15.6135},{"bases":[[[0.892716,-0.447622,-0.0518973],[0.326214,0.562504,0.75972],[-0.310875,-0.695144,0.648176]],[[0.90205,-0.42554,-0.0722548],[0.383563,0.867055,-0.317955],[0.197951,0.259097,0.945349]],[[0.90205,-0.42554,-0.0722548],[-0.154194,-0.161343,-0.974778],[0.403149,0.89044,-0.211156]],[[0.90205,-0.42554,-0.0722548],[-0.35552,-0.637578,-0.683447],[0.244766,0.642192,-0.726416]]],"btipPosition":[9.37251,183.555,32.5357],"carpPosition":[12.318,184.77,85.4863],"dipPosition":[13.0206,193.126,21.709],"direction":[-0.403149,-0.89044,0.211156],"extended":false,"handId":165,"id":1653,"length":51.395,"mcpPosition":[28.9846,222.038,50.7362],"pipPosition":[21.9294,212.803,17.0428],"stabilizedTipPosition":[11.1807,187.538,39.5736],"timeVisible":20.778,"tipPosition":[11.2083,188.633,26.3798],"tipVelocity":[-1.176,-6.31795,-1.01956],"tool":false,"touchDistance":0.333333,"touchZone":"none","type":3,"width":14.8573},{"bases":[[[0.784482,-0.611816,-0.101339],[0.432337,0.422395,0.79666],[-0.444604,-0.668777,0.595872]],[[0.781082,-0.616879,-0.0968091],[0.575636,0.771422,-0.271203],[0.24198,0.156105,0.957641]],[[0.781082,-0.616879,-0.0968091],[-0.149956,-0.0348083,-0.98808],[0.606156,0.786288,-0.119693]],[[0.781082,-0.616879,-0.0968091],[-0.481619,-0.496483,-0.722182],[0.397435,0.610708,-0.684895]]],"btipPosition":[21.5183,185.551,36.2393],"carpPosition":[21.2008,177.429,81.5382],"dipPosition":[26.983,193.948,26.8221],"direction":[-0.606156,-0.786288,0.119693],"extended":false,"handId":165,"id":1654,"length":40.2927,"mcpPosition":[43.2657,210.619,51.9661],"pipPosition":[36.4403,206.216,24.9546],"stabilizedTipPosition":[24.8142,189.581,43.736],"timeVisible":20.778,"tipPosition":[24.6066,190.3,29.6376],"tipVelocity":[-0.961646,-5.30683,-1.28359],"tool":false,"touchDistance":0.333333,"touchZone":"none","type":4,"width":13.1974}],"r":[[0.896296,0.443025,-0.0195288],[-0.441797,0.895883,0.0470076],[0.0383211,-0.033505,0.998704]],"s":1.11434,"t":[-99.7449,105.082,-8.31852],"timestamp":1132429200458},{"currentFrameRate":57.6893,"devices":[],"gestures":[],"hands":[{"armBasis":[[0.952263,0.0163116,-0.304843],[0.166968,0.808151,0.564813],[0.255573,-0.588749,0.766849]],"armWidth":53.0314,"confidence":1,"direction":[0.210314,0.817003,-0.536912],"elbow":[66.0015,23.807,273.531],"grabAngle":2.73055,"grabStrength":0.284082,"id":165,"palmNormal":[-0.0918553,-0.530252,-0.842849],"palmPosition":[9.53627,210.688,55.5859],"palmVelocity":[-2.80999,-0.618781,-2.41154],"palmWidth":77.8763,"pinchDistance":62.8917,"pinchStrength":0.0703498,"r":[[0.896105,0.443431,-0.0190762],[-0.442231,0.895687,0.0466618],[0.0377776,-0.0333778,0.998729]],"s":1.11527,"sphereCenter":[2.91362,206.913,16.3401],"sphereRadius":39.324,"stabilizedPalmPosition":[10.8559,212.44,64.5703],"t":[-99.8066,105.039,-8.37273],"timeVisible":20.7953,"type":"right","wrist":[6.94203,159.859,96.3227]}],"id":133950,"interactionBox":{"center":[0,200,0],"size":[235.247,235.247,147.751]},"pointables":[{"bases":[[[0.514854,0.54252,0.663775],[-0.824312,0.10064,0.557118],[0.235446,-0.833993,0.499021]],[[0.333231,0.881795,0.333758],[-0.836254,0.112923,0.536589],[0.435473,-0.457914,0.775034]],[[0.333231,0.881795,0.333758],[-0.883631,0.168608,0.43677],[0.328867,-0.440464,0.835367]],[[0.333231,0.881795,0.333758],[-0.909902,0.20801,0.3589],[0.247052,-0.423284,0.871663]]],"btipPosition":[-50.8692,211.09,4.54078],"carpPosition":[-18.7074,171.644,76.6466],"dipPosition":[-46.2569,203.188,20.814],"direction":[-0.328867,0.440464,-0.835367],"extended":true,"handId":165,"id":1650,"length":41.5735,"mcpPosition":[-18.7074,171.644,76.6466],"pipPosition":[-37.3123,191.208,43.5345],"stabilizedTipPosition":[-52.5597,211.92,19.4158],"timeVisible":20.7953,"tipPosition":[-48.7154,207.606,7.12082],"tipVelocity":[-6.73664,-1.83683,-2.53031],"tool":false,"touchDistance":-0.0975378,"touchZone":"touching","type":0,"width":16.6432},{"bases":[[[0.994804,-0.086188,-0.0541931],[0.0973523,0.649503,0.754101],[-0.0297959,-0.755458,0.654519]],[[0.994876,-0.084267,-0.0558571],[0.100989,0.802631,0.587865],[-0.00470504,-0.590494,0.807028]],[[0.994876,-0.084267,-0.0558571],[0.0875391,0.994414,0.0589784],[0.0505751,-0.0635659,0.996695]],[[0.994876,-0.084267,-0.0558571],[0.0609032,0.940544,-0.334168],[0.0806954,0.329054,0.940857]]],"btipPosition":[-8.56296,250.983,-14.8246],"carpPosition":[-8.5254,186.437,86.0865],"dipPosition":[-7.46314,255.468,-2.00142],"direction":[-0.0505751,0.0635659,-0.996695],"extended":true,"handId":165,"id":1651,"length":46.9111,"mcpPosition":[-6.64926,234.005,44.8737],"pipPosition":[-6.48801,254.242,17.2157],"stabilizedTipPosition":[-8.87152,251.969,-10.98],"timeVisible":20.7953,"tipPosition":[-7.6769,256.671,-10.8214],"tipVelocity":[-0.0940182,4.41078,-2.07935],"tool":false,"touchDistance":-0.294647,"touchZone":"touching","type":1,"width":15.8976},{"bases":[[[0.950362,-0.296914,-0.0930234],[0.263456,0.608838,0.748269],[-0.165535,-0.735635,0.656841]],[[0.954642,-0.276109,-0.111458],[0.234151,0.927371,-0.291814],[0.183936,0.25248,0.949959]],[[0.954642,-0.276109,-0.111458],[-0.163227,-0.172206,-0.971443],[0.24903,0.945573,-0.209464]],[[0.954642,-0.276109,-0.111458],[-0.272596,-0.659833,-0.700222],[0.119794,0.698845,-0.705171]]],"btipPosition":[-2.62985,189.159,25.865],"carpPosition":[2.00259,186.865,86.2902],"dipPosition":[-0.834083,199.635,15.2942],"direction":[-0.24903,-0.945573,0.209464],"extended":false,"handId":165,"id":1652,"length":53.4514,"mcpPosition":[11.8872,230.792,47.0684],"pipPosition":[4.81489,221.084,10.5427],"stabilizedTipPosition":[-2.40844,192.842,32.5796],"timeVisible":20.7953,"tipPosition":[-2.35191,192.887,21.0726],"tipVelocity":[-0.521786,0.210591,-0.130255],"tool":false,"touchDistance":0.333333,"touchZone":"none","type":2,"width":15.6135},{"bases":[[[0.893061,-0.446979,-0.0514913],[0.325271,0.562308,0.760268],[-0.31087,-0.695715,0.647565]],[[0.902306,-0.425104,-0.0716259],[0.383415,0.867307,-0.317445],[0.197069,0.25897,0.945568]],[[0.902306,-0.425104,-0.0716259],[-0.153763,-0.16214,-0.974714],[0.402741,0.890504,-0.211665]],[[0.902306,-0.425104,-0.0716259],[-0.354928,-0.638255,-0.683123],[0.244683,0.641808,-0.726782]]],"btipPosition":[9.36144,183.569,32.5234],"carpPosition":[12.2654,184.744,85.4323],"dipPosition":[13.0083,193.135,21.6912],"direction":[-0.402741,-0.890504,0.211665],"extended":false,"handId":165,"id":1653,"length":51.395,"mcpPosition":[28.9318,222.043,50.715],"pipPosition":[21.9081,212.813,17.0138],"stabilizedTipPosition":[11.1768,187.531,39.5361],"timeVisible":20.7953,"tipPosition":[11.1935,188.631,26.3376],"tipVelocity":[-0.656975,0.744653,-0.785574],"tool":false,"touchDistance":0.333333,"touchZone":"none","type":3,"width":14.8573},{"bases":[[[0.784977,-0.61122,-0.101102],[0.431464,0.422253,0.797209],[-0.444579,-0.669412,0.595178]],[[0.781689,-0.616122,-0.096727],[0.575101,0.772098,-0.270413],[0.24129,0.155751,0.957873]],[[0.781689,-0.616122,-0.096727],[-0.149892,-0.035049,-0.988081],[0.605388,0.786871,-0.119749]],[[0.781689,-0.616122,-0.096727],[-0.48112,-0.49704,-0.722132],[0.396844,0.61102,-0.684959]]],"btipPosition":[21.512,185.562,36.2175],"carpPosition":[21.1561,177.412,81.4866],"dipPosition":[26.9686,193.964,26.7993],"direction":[-0.605388,-0.786871,0.119749],"extended":false,"handId":165,"id":1654,"length":40.2927,"mcpPosition":[43.2198,210.634,51.949],"pipPosition":[36.4139,206.24,24.931],"stabilizedTipPosition":[24.8088,189.576,43.7106],"timeVisible"