{"frames":60,"data":[{"currentFrameRate":57.6708,"devices":[],"gestures":[],"hands":[{"armBasis":[[0.379951,-0.801073,-0.462514],[0.924586,0.313823,0.215998],[-0.0278827,-0.509703,0.859899]],"armWidth":56.7046,"confidence":1,"direction":[0.571208,0.288749,-0.76834],"elbow":[21.651,31.354,291.698],"grabAngle":0.712527,"grabStrength":0.0332359,"id":102,"palmNormal":[-0.746901,-0.205336,-0.632436],"palmPosition":[56.0953,178.916,34.1526],"palmVelocity":[13.2244,6.11365,-6.19031],"palmWidth":79.6914,"pinchDistance":74.1751,"pinchStrength":0,"r":[[0.375426,-0.842701,0.38589],[0.80408,0.503203,0.316611],[-0.460989,0.191422,0.866514]],"s":1.81795,"sphereCenter":[63.7661,166.382,-7.76316],"sphereRadius":53.5958,"stabilizedPalmPosition":[54.8582,180.892,36.1627],"t":[17.66,32.4184,-35.8931],"timeVisible":17.0658,"type":"right","wrist":[28.2445,151.885,88.3552]}],"id":74553,"interactionBox":{"center":[0,200,0],"size":[235.247,235.247,147.751]},"pointables":[{"bases":[[[0.916479,-0.13629,0.376153],[-0.162835,0.731725,0.661864],[-0.365446,-0.667835,0.648417]],[[0.978284,0.206928,0.0119134],[-0.188912,0.86651,0.462031],[0.085284,-0.454248,0.886784]],[[0.978284,0.206928,0.0119134],[-0.199808,0.92622,0.319677],[0.0551157,-0.315115,0.947452]],[[0.978284,0.206928,0.0119134],[-0.204882,0.95671,0.206711],[0.0313766,-0.204663,0.97833]]],"btipPosition":[10.8899,213.774,-16.0217],"carpPosition":[16.9032,180.335,71.0039],"dipPosition":[11.5318,209.586,3.99438],"direction":[-0.0551157,0.315115,-0.947452],"extended":false,"handId":102,"id":1020,"length":45.5601,"mcpPosition":[16.9032,180.335,71.0039],"pipPosition":[13.1746,200.194,32.2345],"stabilizedTipPosition":[9.20462,215.495,-8.71635],"timeVisible":17.0658,"tipPosition":[11.5732,211.044,-11.3622],"tipVelocity":[9.36593,-18.2019,-16.8574],"tool":false,"touchDistance":0.282906,"touchZone":"hovering","type":0,"width":18.1457},{"bases":[[[0.431458,-0.87337,-0.225986],[0.81369,0.26858,0.515532],[-0.389554,-0.406313,0.826533]],[[0.417997,-0.886648,-0.197823],[0.70659,0.180451,0.684228],[-0.570972,-0.425785,0.701924]],[[0.417997,-0.886648,-0.197823],[0.877986,0.338367,0.338598],[-0.23328,-0.315219,0.919901]],[[0.417997,-0.886648,-0.197823],[0.906768,0.420452,0.0315092],[0.0552377,-0.192551,0.979731]]],"btipPosition":[88.1008,231.66,-39.7514],"carpPosition":[37.4517,179.951,73.9389],"dipPosition":[88.9259,228.784,-25.118],"direction":[0.23328,0.315219,-0.919901],"extended":true,"handId":102,"id":1021,"length":51.4095,"mcpPosition":[62.5523,206.132,20.682],"pipPosition":[83.9967,222.123,-5.68069],"stabilizedTipPosition":[86.5103,232.565,-34.723],"timeVisible":17.0658,"tipPosition":[84.4961,227.911,-37.369],"tipVelocity":[-0.0662789,-1.07304,-17.9103],"tool":false,"touchDistance":0.29994,"touchZone":"hovering","type":1,"width":17.3328},{"bases":[[[0.229782,-0.953138,-0.196793],[0.866169,0.108074,0.487925],[-0.443792,-0.282573,0.850412]],[[0.205194,-0.967152,-0.15004],[0.74476,0.0548335,0.665075],[-0.635002,-0.248213,0.731548]],[[0.205194,-0.967152,-0.15004],[0.939422,0.151621,0.307405],[-0.274558,-0.204028,0.939676]],[[0.205194,-0.967152,-0.15004],[0.9749,0.215511,-0.0559087],[0.0864074,-0.134801,0.987098]]],"btipPosition":[102.749,206.256,-50.4944],"carpPosition":[43.4688,171.244,71.8702],"dipPosition":[104.169,204.041,-34.2784],"direction":[0.274558,0.204028,-0.939676],"extended":true,"handId":102,"id":1022,"length":58.577,"mcpPosition":[70.5865,188.511,19.9061],"pipPosition":[97.3434,198.97,-10.919],"stabilizedTipPosition":[102.071,206.715,-45.3559],"timeVisible":17.0658,"tipPosition":[97.948,202.841,-47.8706],"tipVelocity":[4.34343,-1.09409,-12.4895],"tool":false,"touchDistance":-0.299306,"touchZone":"touching","type":2,"width":17.0231},{"bases":[[[0.0960162,-0.989749,-0.105721],[0.865784,0.0306377,0.499479],[-0.49112,-0.13949,0.859851]],[[0.0636957,-0.996752,-0.0492683],[0.818801,0.0239727,0.573577],[-0.570533,-0.0768753,0.817669]],[[0.0636957,-0.996752,-0.0492683],[0.990706,0.0572095,0.123404],[-0.120185,-0.0566707,0.991133]],[[0.0636957,-0.996752,-0.0492683],[0.962617,0.074388,-0.26045],[0.263269,-0.030837,0.964229]]],"btipPosition":[94.7694,173.859,-49.3248],"carpPosition":[46.9309,161.327,69.5369],"dipPosition":[99.0695,173.355,-33.5755],"direction":[0.120185,0.0566707,-0.991133],"extended":true,"handId":102,"id":1023,"length":56.3233,"mcpPosition":[73.8746,168.98,22.364],"pipPosition":[96.159,171.983,-9.57321],"stabilizedTipPosition":[93.6393,175.65,-44.2002],"timeVisible":17.0658,"tipPosition":[87.2282,172.036,-45.4912],"tipVelocity":[11.6379,-3.53741,-4.7281],"tool":false,"touchDistance":0.297695,"touchZone":"hovering","type":3,"width":16.1985},{"bases":[[[-0.105852,-0.990607,-0.0865579],[0.823365,-0.136122,0.550946],[-0.557553,-0.0129499,0.83004]],[[-0.223293,-0.970209,0.0939923],[0.883091,-0.160531,0.440885],[-0.412662,0.18145,0.892629]],[[-0.223293,-0.970209,0.0939923],[0.973627,-0.226626,-0.0262858],[0.0468038,0.085644,0.995226]],[[-0.223293,-0.970209,0.0939923],[0.896498,-0.242265,-0.370943],[0.382663,0.00143497,0.923887]]],"btipPosition":[78.9186,143.222,-34.7364],"carpPosition":[44.4139,149.659,65.9473],"dipPosition":[84.6847,143.243,-20.8149],"direction":[-0.0468038,-0.085644,-0.995226],"extended":true,"handId":102,"id":1024,"length":44.1565,"mcpPosition":[72.7292,150.316,23.7938],"pipPosition":[85.485,144.708,-3.79825],"stabilizedTipPosition":[78.0819,144.899,-30.14],"timeVisible":17.0658,"tipPosition":[68.532,145.607,-28.7665],"tipVelocity":[25.7117,-2.85997,3.06305],"tool":false,"touchDistance":-0.290038,"touchZone":"touching","type":4,"width":14.3888}],"r":[[0.375426,-0.842701,0.38589],[0.80408,0.503203,0.316611],[-0.460989,0.191422,0.866514]],"s":1.81795,"t":[17.66,32.4184,-35.8931],"timestamp":1131510068747},{"currentFrameRate":57.6519,"devices":[],"gestures":[],"hands":[{"armBasis":[[0.391086,-0.796996,-0.460271],[0.919982,0.324321,0.22011],[-0.0261514,-0.509523,0.86006]],"armWidth":56.7046,"confidence":1,"direction":[0.56932,0.290651,-0.769023],"elbow":[22.4363,31.6579,291.765],"grabAngle":0.715346,"grabStrength":0.0336577,"id":102,"palmNormal":[-0.743572,-0.216962,-0.632478],"palmPosition":[56.289,179.218,34.1052],"palmVelocity":[11.1236,17.3268,-2.72076],"palmWidth":79.6914,"pinchDistance":74.0948,"pinchStrength":0,"r":[[0.377859,-0.840516,0.388273],[0.802483,0.506477,0.31544],[-0.461783,0.19239,0.865877]],"s":1.81755,"sphereCenter":[64.0652,166.785,-7.69545],"sphereRadius":53.5005,"stabilizedPalmPosition":[54.867,180.881,36.1501],"t":[17.8451,32.5856,-35.9756],"timeVisible":17.0833,"type":"right","wrist":[28.6204,152.146,88.3846]}],"id":74554,"interactionBox":{"center":[0,200,0],"size":[235.247,235.247,147.751]},"pointables":[{"bases":[[[0.917276,-0.124225,0.378383],[-0.171874,0.73359,0.657499],[-0.359256,-0.668142,0.651554]],[[0.975951,0.217644,0.012288],[-0.199164,0.867333,0.456143],[0.0886189,-0.447621,0.889821]],[[0.975951,0.217644,0.012288],[-0.210515,0.926351,0.312342],[0.0565963,-0.307417,0.94989]],[[0.975951,0.217644,0.012288],[-0.215726,0.956172,0.197983],[0.0313402,-0.195872,0.980128]]],"btipPosition":[10.8198,213.156,-16.3829],"carpPosition":[17.0223,180.416,70.8849],"dipPosition":[11.461,209.148,3.66996],"direction":[-0.0565963,0.307417,-0.94989],"extended":false,"handId":102,"id":1020,"length":45.5601,"mcpPosition":[17.0223,180.416,70.8849],"pipPosition":[13.148,199.985,31.9827],"stabilizedTipPosition":[9.21166,215.482,-8.72854],"timeVisible":17.0833,"tipPosition":[11.4917,210.621,-11.6611],"tipVelocity":[-4.03458,-33.12,-20.2641],"tool":false,"touchDistance":0.277027,"touchZone":"hovering","type":0,"width":18.1457},{"bases":[[[0.441291,-0.869876,-0.220405],[0.809865,0.280275,0.515329],[-0.386499,-0.405908,0.828165]],[[0.428763,-0.882357,-0.193928],[0.704935,0.192514,0.682645],[-0.565003,-0.429399,0.704548]],[[0.428763,-0.882357,-0.193928],[0.874099,0.350935,0.33585],[-0.228283,-0.313512,0.921736]],[[0.428763,-0.882357,-0.193928],[0.901423,0.432099,0.0269692],[0.0599997,-0.186375,0.980645]]],"btipPosition":[87.6202,231.962,-40.0913],"carpPosition":[37.5689,180.272,73.8551],"dipPosition":[88.5164,229.178,-25.4442],"direction":[0.228283,0.313512,-0.921736],"extended":true,"handId":102,"id":1021,"length":51.4095,"mcpPosition":[62.4726,206.427,20.493],"pipPosition":[83.6928,222.554,-5.96817],"stabilizedTipPosition":[86.5123,232.563,-34.7262],"timeVisible":17.0833,"tipPosition":[84.3281,228.166,-37.6299],"tipVelocity":[-26.6699,18.5724,-19.3453],"tool":false,"touchDistance":0.294328,"touchZone":"hovering","type":1,"width":17.3328},{"bases":[[[0.240445,-0.951667,-0.19109],[0.864129,0.120198,0.488705],[-0.442116,-0.282633,0.851265]],[[0.216406,-0.965446,-0.145196],[0.743316,0.0665099,0.665626],[-0.632969,-0.251971,0.732025]],[[0.216406,-0.965446,-0.145196],[0.937248,0.163795,0.307793],[-0.273375,-0.202693,0.940309]],[[0.216406,-0.965446,-0.145196],[0.972376,0.226465,-0.0565623],[0.0874897,-0.128944,0.987785]]],"btipPosition":[102.729,206.664,-50.619],"carpPosition":[43.6835,171.619,71.8448],"dipPosition":[104.166,204.546,-34.3917],"direction":[0.273375,0.202693,-0.940309],"extended":true,"handId":102,"id":1022,"length":58.577,"mcpPosition":[70.6989,188.89,19.8286],"pipPosition":[97.3701,199.507,-11.0165],"stabilizedTipPosition":[102.078,206.711,-45.3669],"timeVisible":17.0833,"tipPosition":[98.0455,203.156,-47.9767],"tipVelocity":[-0.940452,24.7035,-7.00808],"tool":false,"touchDistance":-0.299538,"touchZone":"touching","type":2,"width":17.0231},{"bases":[[[0.106932,-0.989222,-0.10003],[0.864566,0.0428274,0.500691],[-0.491011,-0.140023,0.859827]],[[0.0748224,-0.996226,-0.0439854],[0.817853,0.0360691,0.574296],[-0.570542,-0.0789438,0.817465]],[[0.0748224,-0.996226,-0.0439854],[0.989905,0.0688787,0.123866],[-0.120369,-0.0528094,0.991324]],[[0.0748224,-0.996226,-0.0439854],[0.961291,0.0837879,-0.262488],[0.265183,-0.0226428,0.963932]]],"btipPosition":[95.063,174.142,-49.2796],"carpPosition":[47.257,161.728,69.5726],"dipPosition":[99.3944,173.772,-33.5352],"direction":[0.120369,0.0528094,-0.991324],"extended":true,"handId":102,"id":1023,"length":56.3233,"mcpPosition":[74.1947,169.41,22.401],"pipPosition":[96.4794,172.493,-9.52827],"stabilizedTipPosition":[93.6592,175.636,-44.2122],"timeVisible":17.0833,"tipPosition":[87.6746,172.242,-45.4499],"tipVelocity":[17.2833,18.0414,2.53077],"tool":false,"touchDistance":0.298429,"touchZone":"hovering","type":3,"width":16.1985},{"bases":[[[-0.0949466,-0.992166,-0.0811867],[0.823874,-0.124094,0.553021],[-0.558764,-0.0143801,0.829202]],[[-0.212204,-0.972303,0.0979574],[0.883863,-0.148206,0.443646],[-0.41684,0.180725,0.890833]],[[-0.212204,-0.972303,0.0979574],[0.976226,-0.215452,-0.0237361],[0.0441838,0.0905916,0.994908]],[[-0.212204,-0.972303,0.0979574],[0.898804,-0.233537,-0.370962],[0.383564,0.00932473,0.923467]]],"btipPosition":[79.5994,143.467,-34.5296],"carpPosition":[44.8728,150.013,66.0443],"dipPosition":[85.3791,143.608,-20.6145],"direction":[-0.0441838,-0.0905916,-0.994907],"extended":true,"handId":102,"id":1024,"length":44.1565,"mcpPosition":[73.2496,150.743,23.9333],"pipPosition":[86.1345,145.157,-3.60324],"stabilizedTipPosition":[78.1923,144.845,-30.1861],"timeVisible":17.0833,"tipPosition":[69.2491,145.685,-28.6199],"tipVelocity":[39.2881,15.6855,11.795],"tool":false,"touchDistance":-0.286288,"touchZone":"touching","type":4,"width":14.3888}],"r":[[0.377859,-0.840516,0.388273],[0.802483,0.506477,0.31544],[-0.461783,0.19239,0.865877]],"s":1.81755,"t":[17.8451,32.5856,-35.9756],"timestamp":1131510086155},{"currentFrameRate":57.6515,"devices":[],"gestures":[],"hands":[{"armBasis":[[0.416742,-0.786412,-0.455941],[0.908761,0.34833,0.229827],[-0.0219209,-0.51012,0.859824]],"armWidth":56.7046,"confidence":1,"direction":[0.563911,0.2983,-0.770079],"elbow":[23.9662,31.8974,291.772],"grabAngle":0.720077,"grabStrength":0.0323727,"id":102,"palmNormal":[-0.735821,-0.241859,-0.632512],"palmPosition":[56.3311,179.885,34.0561],"palmVelocity":[2.4269,38.4839,-2.83267],"palmWidth":79.6914,"pinchDistance":74.0429,"pinchStrength":0,"r":[[0.383916,-0.836067,0.391918],[0.798376,0.513804,0.314009],[-0.463902,0.192345,0.864754]],"s":1.8174,"sphereCenter":[64.8745,168.211,-7.20936],"sphereRadius":53.0925,"stabilizedPalmPosition":[54.8894,180.866,36.118],"t":[17.9586,33.0029,-36.0414],"timeVisible":17.1006,"type":"right","wrist":[29.1499,152.527,88.447]}],"id":74555,"interactionBox":{"center":[0,200,0],"size":[235.247,235.247,147.751]},"pointables":[{"bases":[[[0.919046,-0.0970086,0.382026],[-0.192746,0.73483,0.650288],[-0.343808,-0.671278,0.656644]],[[0.969779,0.243687,0.0120748],[-0.223378,0.86687,0.445689],[0.0981413,-0.434916,0.895107]],[[0.969779,0.243687,0.0120748],[-0.236019,0.924417,0.29958],[0.0618416,-0.293376,0.953995]],[[0.969779,0.243687,0.0120748],[-0.241758,0.953074,0.182219],[0.0328961,-0.179631,0.983184]]],"btipPosition":[10.1299,211.834,-16.9687],"carpPosition":[16.9368,180.4,70.7151],"dipPosition":[10.8029,208.159,3.14669],"direction":[-0.0618416,0.293376,-0.953995],"extended":false,"handId":102,"id":1020,"length":45.5601,"mcpPosition":[16.9368,180.4,70.7151],"pipPosition":[12.6462,199.414,31.5818],"stabilizedTipPosition":[9.22414,215.429,-8.77059],"timeVisible":17.1006,"tipPosition":[10.8612,209.73,-12.1234],"tipVelocity":[-39.3523,-71.7872,-32.9398],"tool":false,"touchDistance":0.267503,"touchZone":"hovering","type":0,"width":18.1457},{"bases":[[[0.464288,-0.860128,-0.211226],[0.800805,0.305802,0.514972],[-0.378349,-0.408246,0.830775]],[[0.453941,-0.8708,-0.188798],[0.699682,0.217167,0.680649],[-0.551708,-0.441073,0.707864]],[[0.453941,-0.8708,-0.188798],[0.864331,0.378857,0.330757],[-0.216496,-0.313328,0.924638]],[[0.453941,-0.8708,-0.188798],[0.888139,0.459252,0.0171926],[0.0717348,-0.175484,0.981865]]],"btipPosition":[86.0738,232.928,-40.5757],"carpPosition":[37.4713,180.815,73.743],"dipPosition":[87.1452,230.307,-25.9104],"direction":[0.216496,0.313328,-0.924638],"extended":true,"handId":102,"id":1021,"length":51.4095,"mcpPosition":[61.8498,207.12,20.2127],"pipPosition":[82.5707,223.686,-6.37303],"stabilizedTipPosition":[86.5106,232.561,-34.7485],"timeVisible":17.1006,"tipPosition":[83.3966,228.989,-38.0217],"tipVelocity":[-86.8215,57.8328,-27.6826],"tool":false,"touchDistance":0.286351,"touchZone":"hovering","type":1,"width":17.3328},{"bases":[[[0.265537,-0.94682,-0.181718],[0.859269,0.146947,0.489963],[-0.437204,-0.286248,0.852593]],[[0.242567,-0.960359,-0.137373],[0.73723,0.0904323,0.669562],[-0.630597,-0.263689,0.729942]],[[0.242567,-0.960359,-0.137373],[0.930131,0.189977,0.31427],[-0.275714,-0.204007,0.939342]],[[0.242567,-0.960359,-0.137373],[0.966458,0.251529,-0.051884],[0.0843807,-0.12018,0.98916]]],"btipPosition":[102.568,207.954,-50.627],"carpPosition":[43.8135,172.306,71.8287],"dipPosition":[103.954,205.979,-34.3772],"direction":[0.275714,0.204007,-0.939342],"extended":true,"handId":102,"id":1022,"length":58.577,"mcpPosition":[70.5287,189.797,19.7314],"pipPosition":[97.1,200.908,-11.026],"stabilizedTipPosition":[102.106,206.738,-45.4192],"timeVisible":17.1006,"tipPosition":[97.8209,204.229,-48.0972],"tipVelocity":[-9.95176,76.2629,-0.162563],"tool":false,"touchDistance":-0.29796,"touchZone":"touching","type":2,"width":17.0231},{"bases":[[[0.132769,-0.98699,-0.0906862],[0.861669,0.0697259,0.502657],[-0.489794,-0.144879,0.859716]],[[0.100959,-0.994269,-0.0351478],[0.813117,0.062105,0.578777],[-0.573278,-0.0870123,0.814728]],[[0.100959,-0.994269,-0.0351478],[0.987206,0.0957348,0.127508],[-0.123412,-0.0475712,0.991215]],[[0.100959,-0.994269,-0.0351478],[0.958723,0.106667,-0.263578],[0.265816,-0.00708633,0.963998]]],"btipPosition":[95.5578,175.105,-49.0808],"carpPosition":[47.6483,162.49,69.6569],"dipPosition":[99.8995,174.989,-33.3353],"direction":[0.123412,0.0475712,-0.991215],"extended":true,"handId":102,"id":1023,"length":56.3233,"mcpPosition":[74.5193,170.438,22.4914],"pipPosition":[96.9109,173.837,-9.33098],"stabilizedTipPosition":[93.7106,175.627,-44.2343],"timeVisible":17.1006,"tipPosition":[88.2014,173.022,-45.3463],"tipVelocity":[28.6588,58.8653,11.4775],"tool":false,"touchDistance":0.301747,"touchZone":"hovering","type":3,"width":16.1985},{"bases":[[[-0.0690219,-0.994987,-0.0723725],[0.82515,-0.0977113,0.556399],[-0.560681,-0.0213144,0.827758]],[[-0.185998,-0.977002,0.104264],[0.886428,-0.121079,0.446751],[-0.423852,0.175517,0.888562]],[[-0.185998,-0.977002,0.104264],[0.981529,-0.189593,-0.0256081],[0.0447869,0.0975749,0.99422]],[[-0.185998,-0.977002,0.104264],[0.901835,-0.211875,-0.376567],[0.389998,0.023988,0.920503]]],"btipPosition":[80.5118,144.313,-34.1447],"carpPosition":[45.5783,150.686,66.2293],"dipPosition":[86.3884,144.674,-20.2741],"direction":[-0.0447869,-0.0975749,-0.99422],"extended":true,"handId":102,"id":1024,"length":44.1565,"mcpPosition":[74.0525,151.768,24.1917],"pipPosition":[87.1542,146.343,-3.27469],"stabilizedTipPosition":[78.5156,144.805,-30.2538],"timeVisible":17.1006,"tipPosition":[70.552,146.1,-28.372],"tipVelocity":[53.8811,51.6737,21.6001],"tool":false,"touchDistance":-0.280043,"touchZone":"touching","type":4,"width":14.3888}],"r":[[0.383916,-0.836067,0.391918],[0.798376,0.513804,0.314009],[-0.463902,0.192345,0.864754]],"s":1.8174,"t":[17.9586,33.0029,-36.0414],"timestamp":1131510103502},{"currentFrameRate":57.6279,"devices":[],"gestures":[],"hands":[{"armBasis":[[0.449775,-0.771997,-0.449135],[0.893032,0.380826,0.23972],[-0.014021,-0.508912,0.860704]],"armWidth":56.7046,"confidence":1,"direction":[0.553279,0.309687,-0.773289],"elbow":[26.3959,32.8483,292.076],"grabAngle":0.726501,"grabStrength":0.0287932,"id":102,"palmNormal":[-0.726406,-0.27498,-0.629858],"palmPosition":[56.0166,180.968,33.9201],"palmVelocity":[-18.0375,62.0894,-7.80265],"palmWidth":79.6914,"pinchDistance":74.1953,"pinchStrength":0,"r":[[0.394652,-0.828789,0.396684],[0.791305,0.525997,0.31171],[-0.466997,0.190881,0.863411]],"s":1.81802,"sphereCenter":[65.9836,170.843,-6.30743],"sphereRadius":52.3567,"stabilizedPalmPosition":[54.9392,180.871,36.021],"t":[17.8582,33.7528,-36.1423],"timeVisible":17.118,"type":"right","wrist":[29.7115,153.192,88.5431]}],"id":74556,"interactionBox":{"center":[0,200,0],"size":[235.247,235.247,147.751]},"pointables":[{"bases":[[[0.921736,-0.0598865,0.383166],[-0.219179,0.734646,0.642072],[-0.319943,-0.675803,0.664023]],[[0.960038,0.279764,0.00761985],[-0.255419,0.864714,0.43247],[0.114401,-0.417134,0.901616]],[[0.960038,0.279764,0.00761985],[-0.270312,0.91986,0.284235],[0.0725095,-0.274936,0.958724]],[[0.960038,0.279764,0.00761985],[-0.277234,0.946923,0.162719],[0.0383075,-0.158329,0.986643]]],"btipPosition":[8.66467,210.153,-17.6127],"carpPosition":[16.6112,180.482,70.5674],"dipPosition":[9.44842,206.914,2.57343],"direction":[-0.0725095,0.274936,-0.958724],"extended":false,"handId":102,"id":1020,"length":45.5601,"mcpPosition":[16.6112,180.482,70.5674],"pipPosition":[11.6097,198.719,31.1495],"stabilizedTipPosition":[9.2118,215.233,-8.90728],"timeVisible":17.118,"tipPosition":[9.51017,208.681,-12.6046],"tipVelocity":[-82.5955,-90.6912,-36.0138],"tool":false,"touchDistance":0.258357,"touchZone":"hovering","type":0,"width":18.1457},{"bases":[[[0.494806,-0.84529,-0.201621],[0.789123,0.339895,0.511621],[-0.363939,-0.412257,0.83522]],[[0.487035,-0.853782,-0.183992],[0.690127,0.247094,0.680198],[-0.535278,-0.458258,0.709562]],[[0.487035,-0.853782,-0.183992],[0.849427,0.414043,0.327173],[-0.203154,-0.315632,0.926879]],[[0.487035,-0.853782,-0.183992],[0.869105,0.494597,0.00547107],[0.0863307,-0.162573,0.982913]]],"btipPosition":[83.6732,234.536,-41.1395],"carpPosition":[37.1162,181.664,73.5925],"dipPosition":[84.9627,232.108,-26.4585],"direction":[0.203154,0.315632,-0.926879],"extended":true,"handId":102,"id":1021,"length":51.4095,"mcpPosition":[60.5663,208.227,19.7758],"pipPosition":[80.6701,225.438,-6.87375],"stabilizedTipPosition":[86.4182,232.612,-34.8581],"timeVisible":17.118,"tipPosition":[81.4159,230.303,-38.6714],"tipVelocity":[-134.842,94.7948,-32.1337],"tool":false,"touchDistance":0.280489,"touchZone":"hovering","type":1,"width":17.3328},{"bases":[[[0.299263,-0.938692,-0.171171],[0.853234,0.182961,0.488382],[-0.427123,-0.292203,0.855677]],[[0.277549,-0.952119,-0.128205],[0.726927,0.12088,0.675992],[-0.628127,-0.280816,0.725671]],[[0.277549,-0.952119,-0.128205],[0.919116,0.224315,0.323895],[-0.279628,-0.207732,0.937366]],[[0.277549,-0.952119,-0.128205],[0.957508,0.285038,-0.0439559],[0.0783944,-0.110557,0.990773]]],"btipPosition":[101.989,210.033,-50.6683],"carpPosition":[43.7592,173.365,71.7734],"dipPosition":[103.277,208.217,-34.3919],"direction":[0.279628,0.207732,-0.937366],"extended":true,"handId":102,"id":1022,"length":58.577,"mcpPosition":[69.8584,191.22,19.4876],"pipPosition":[96.3256,203.053,-11.0899],"stabilizedTipPosition":[102.128,207.099,-45.608],"timeVisible":17.118,"tipPosition":[96.9555,206.067,-48.4097],"tipVelocity":[-34.502,121.392,-2.01849],"tool":false,"touchDistance":-0.297025,"touchZone":"touching","type":2,"width":17.0231},{"bases":[[[0.167969,-0.982564,-0.0797112],[0.858384,0.106021,0.501933],[-0.484731,-0.152732,0.861225]],[[0.135837,-0.990462,-0.0230931],[0.807159,0.0971218,0.58229],[-0.574493,-0.0977365,0.812653]],[[0.135837,-0.990462,-0.0230931],[0.983517,0.132004,0.123569],[-0.119342,-0.0394977,0.992067]],[[0.135837,-0.990462,-0.0230931],[0.952246,0.136959,-0.272891],[0.273451,0.0150784,0.961768]]],"btipPosition":[95.3989,176.576,-49.0127],"carpPosition":[47.9431,163.669,69.711],"dipPosition":[99.8654,176.822,-33.3036],"direction":[0.119342,0.0394977,-0.992067],"extended":true,"handId":102,"id":1023,"length":56.3233,"mcpPosition":[74.5362,172.048,22.4627],"pipPosition":[96.9753,175.866,-9.27866],"stabilizedTipPosition":[93.8105,175.664,-44.2772],"timeVisible":17.118,"tipPosition":[88.2375,174.39,-45.3982],"tipVelocity":[-7.46829,89.1908,3.42576],"tool":false,"touchDistance":0.302742,"touchZone":"hovering","type":3,"width":16.1985},{"bases":[[[-0.0334167,-0.997558,-0.0613289],[0.82784,-0.0620076,0.557527],[-0.559969,-0.0321398,0.82789]],[[-0.150374,-0.982027,0.114061],[0.892303,-0.0851418,0.443335],[-0.425656,0.168443,0.889069]],[[-0.150374,-0.982027,0.114061],[0.986851,-0.156018,-0.0422377],[0.0592742,0.10621,0.992575]],[[-0.150374,-0.982027,0.114061],[0.901058,-0.183612,-0.392913],[0.406795,0.0436919,0.912474]]],"btipPosition":[80.7498,145.712,-33.8328],"carpPosition":[46.2976,151.761,66.4144],"dipPosition":[86.8795,146.371,-20.0833],"direction":[-0.0592742,-0.10621,-0.992575],"extended":true,"handId":102,"id":1024,"length":44.1565,"mcpPosition":[74.7355,153.393,24.3701],"pipPosition":[87.893,148.187,-3.11194],"stabilizedTipPosition":[79.0778,144.969,-30.3181],"timeVisible":17.118,"tipPosition":[71.9425,146.97,-28.2412],"tipVelocity":[16.9932,84.2028,16.2943],"tool":false,"touchDistance":-0.275309,"touchZone":"touching","type":4,"width":14.3888}],"r":[[0.394652,-0.828789,0.396684],[0.791305,0.525997,0.31171],[-0.466997,0.190881,0.863411]],"s":1.81802,"t":[17.8582,33.7528,-36.1423],"timestamp":1131510120933},{"currentFrameRate":57.6519,"devices":[],"gestures":[],"hands":[{"armBasis":[[0.495269,-0.748946,-0.440213],[0.868734,0.425241,0.253911],[-0.00296864,-0.508182,0.861244]],"armWidth":56.7046,"confidence":1,"direction":[0.537892,0.323175,-0.778608],"elbow":[29.7263,34.0691,292.143],"grabAngle":0.739375,"grabStrength":0.030293,"id":102,"palmNormal":[-0.711396,-0.321543,-0.624921],"palmPosition":[55.4953,182.457,33.4867],"palmVelocity":[-30.1946,86.249,-25.1013],"palmWidth":79.6914,"pinchDistance":74.5439,"pinchStrength":0,"r":[[0.411277,-0.81741,0.403351],[0.780174,0.544506,0.307963],[-0.47136,0.188026,0.861665]],"s":1.81934,"sphereCenter":[66.6983,173.739,-5.80171],"sphereRadius":51.762,"stabilizedPalmPosition":[54.9957,181.032,35.7634],"t":[17.5474,34.8723,-36.4095],"timeVisible":17.1353,"type":"right","wrist":[30.4283,154.24,88.4823]}],"id":74557,"interactionBox":{"center":[0,200,0],"size":[235.247,235.247,147.751]},"pointables":[{"bases":[[[0.923262,-0.00749066,0.384098],[-0.255794,0.733972,0.62917],[-0.28663,-0.679139,0.675732]],[[0.944289,0.329116,-0.0000291358],[-0.299282,0.858728,0.415953],[0.136922,-0.392772,0.909386]],[[0.944289,0.329116,-0.0000291358],[-0.317133,0.909932,0.267302],[0.088,-0.252402,0.963613]],[[0.944289,0.329116,-0.0000291358],[-0.325746,0.934633,0.142657],[0.0469778,-0.1347,0.989772]]],"btipPosition":[6.56253,208.11,-18.5903],"carpPosition":[16.1327,180.66,70.1392],"dipPosition":[7.52367,205.354,1.6599],"direction":[-0.088,0.252402,-0.963613],"extended":false,"handId":102,"id":1020,"length":45.5601,"mcpPosition":[16.1327,180.66,70.1392],"pipPosition":[10.1466,197.831,30.3817],"stabilizedTipPosition":[9.038,214.678,-9.26698],"timeVisible":17.1353,"tipPosition":[7.69158,207.028,-13.5207],"tipVelocity":[-119.387,-111.863,-55.7644],"tool":false,"touchDistance":0.247208,"touchZone":"hovering","type":0,"width":18.1457},{"bases":[[[0.536206,-0.823141,-0.186872],[0.770918,0.387412,0.505566],[-0.343756,-0.415151,0.842307]],[[0.530567,-0.829759,-0.173202],[0.673535,0.288634,0.680471],[-0.514635,-0.477694,0.712011]],[[0.530567,-0.829759,-0.173202],[0.826476,0.461025,0.323101],[-0.188245,-0.314574,0.93038]],[[0.530567,-0.829759,-0.173202],[0.841527,0.540128,-0.00975042],[0.101642,-0.140581,0.984838]]],"btipPosition":[80.4892,236.345,-42.2413],"carpPosition":[36.5517,182.908,73.142],"dipPosition":[82.0074,234.246,-27.5316],"direction":[0.188245,0.314574,-0.93038],"extended":true,"handId":102,"id":1021,"length":51.4095,"mcpPosition":[58.7013,209.658,18.8686],"pipPosition":[78.0298,227.599,-7.87286],"stabilizedTipPosition":[85.915,232.905,-35.2188],"timeVisible":17.1353,"tipPosition":[78.5441,231.83,-39.926],"tipVelocity":[-181.362,109.175,-63.433],"tool":false,"touchDistance":0.269484,"touchZone":"hovering","type":1,"width":17.3328},{"bases":[[[0.345502,-0.925565,-0.154785],[0.842737,0.233465,0.485065],[-0.412822,-0.298034,0.86067]],[[0.32431,-0.939378,-0.111318],[0.712586,0.165211,0.681855],[-0.622129,-0.300456,0.722968]],[[0.32431,-0.939378,-0.111318],[0.903826,0.272989,0.329507],[-0.279144,-0.207474,0.937568]],[[0.32431,-0.939378,-0.111318],[0.942834,0.33054,-0.0425075],[0.0767256,-0.0911686,0.992875]]],"btipPosition":[100.717,212.445,-51.2048],"carpPosition":[43.5988,174.918,71.4676],"dipPosition":[101.978,210.947,-34.8939],"direction":[0.279144,0.207474,-0.937568],"extended":true,"handId":102,"id":1022,"length":58.577,"mcpPosition":[68.8241,193.129,18.8767],"pipPosition":[95.0386,205.789,-11.5869],"stabilizedTipPosition":[101.811,208.516,-46.1308],"timeVisible":17.1353,"tipPosition":[95.4968,208.313,-49.1803],"tipVelocity":[-74.0145,143.908,-30.6139],"tool":false,"touchDistance":-0.303585,"touchZone":"touching","type":2,"width":17.0231},{"bases":[[[0.216467,-0.974283,-0.0625663],[0.851679,0.157121,0.499956],[-0.477268,-0.161511,0.863788]],[[0.183438,-0.983025,-0.00355336],[0.79866,0.146925,0.583571],[-0.573143,-0.109887,0.812054]],[[0.183438,-0.983025,-0.00355336],[0.977147,0.181944,0.109912],[-0.1074,-0.0236342,0.993935]],[[0.183438,-0.983025,-0.00355336],[0.939077,0.176304,-0.295044],[0.290662,0.0507854,0.955477]]],"btipPosition":[94.6826,178.302,-49.2089],"carpPosition":[48.2592,165.406,69.5744],"dipPosition":[99.4302,179.132,-33.6026],"direction":[0.1074,0.0236342,-0.993935],"extended":true,"handId":102,"id":1023,"length":56.3233,"mcpPosition":[74.4429,174.267,22.1855],"pipPosition":[96.8292,178.559,-9.53241],"stabilizedTipPosition":[93.9424,175.853,-44.3673],"timeVisible":17.1353,"tipPosition":[88.2958,176.173,-45.7041],"tipVelocity":[-37.7436,107.728,-12.7336],"tool":false,"touchDistance":0.299538,"touchZone":"hovering","type":3,"width":16.1985},{"bases":[[[0.0160563,-0.998906,-0.0439131],[0.829446,-0.0112188,0.558475],[-0.558356,-0.0453906,0.828359]],[[-0.10143,-0.986202,0.130833],[0.899539,-0.0347479,0.435455],[-0.424901,0.161857,0.890652]],[[-0.10143,-0.986202,0.130833],[0.991188,-0.111441,-0.0715988],[0.0851911,0.122417,0.988816]],[[-0.10143,-0.986202,0.130833],[0.89673,-0.147581,-0.417247],[0.430799,0.0750001,0.899326]]],"btipPosition":[80.75,147.455,-33.5713],"carpPosition":[47.2078,153.376,66.4862],"dipPosition":[87.2414,148.585,-20.0199],"direction":[-0.0851911,-0.122417,-0.988816],"extended":true,"handId":102,"id":1024,"length":44.1565,"mcpPosition":[75.5639,155.681,24.4181],"pipPosition":[88.6981,150.678,-3.11285],"stabilizedTipPosition":[79.88,145.665,-30.3526],"timeVisible":17.1353,"tipPosition":[73.7995,148.175,-28.2468],"tipVelocity":[4.83149,107.188,12.5057],"tool":false,"touchDistance":-0.271787,"touchZone":"touching","type":4,"width":14.3888}],"r":[[0.411277,-0.81741,0.403351],[0.780174,0.544506,0.307963],[-0.47136,0.188026,0.861665]],"s":1.81934,"t":[17.5474,34.8723,-36.4095],"timestamp":1131510138199},{"currentFrameRate":57.6705,"devices":[],"gestures":[],"hands":[{"armBasis":[[0.543656,-0.719982,-0.431353],[0.839242,0.472791,0.268592],[0.0105582,-0.508031,0.861274]],"armWidth":56.7046,"confidence":1,"direction":[0.525785,0.33992,-0.779746],"elbow":[33.4064,35.6264,291.705],"grabAngle":0.761121,"grabStrength":0.0379802,"id":102,"palmNormal":[-0.688079,-0.368975,-0.624824],"palmPosition":[54.9171,184.583,32.8724],"palmVelocity":[-33.4641,123.028,-35.5534],"palmWidth":79.6914,"pinchDistance":74.9501,"pinchStrength":0,"r":[[0.432508,-0.802127,0.411738],[0.764459,0.568366,0.30424],[-0.478057,0.183171,0.859017]],"s":1.8209,"sphereCenter":[66.932,177.211,-5.78245],"sphereRadius":51.3429,"stabilizedPalmPosition":[54.9788,181.797,35.1405],"t":[17.1028,36.4948,-36.8502],"timeVisible":17.1526,"type":"right","wrist":[30.9097,155.762,88.0367]}],"id":74558,"interactionBox":{"center":[0,200,0],"size":[235.247,235.247,147.751]},"pointables":[{"bases":[[[0.919272,0.0482565,0.390653],[-0.299952,0.728539,0.615841],[-0.254888,-0.683303,0.6842]],[[0.924101,0.382144,-0.00198315],[-0.349214,0.846554,0.401742],[0.155202,-0.370558,0.915751]],[[0.924101,0.382144,-0.00198315],[-0.369264,0.894266,0.25285],[0.0983985,-0.232926,0.967504]],[[0.924101,0.382144,-0.00198315],[-0.378876,0.91685,0.125851],[0.0499115,-0.115548,0.992047]]],"btipPosition":[4.68233,206.724,-19.8996],"carpPosition":[15.4217,181.217,69.2707],"dipPosition":[5.70349,204.36,0.39711],"direction":[-0.0983985,0.232926,-0.967504],"extended":false,"handId":102,"id":1020,"length":45.5601,"mcpPosition":[15.4217,181.217,69.2707],"pipPosition":[8.63639,197.417,29.2349],"stabilizedTipPosition":[8.67215,213.924,-9.79651],"timeVisible":17.1526,"tipPosition":[6.1957,205.827,-14.857],"tipVelocity":[-108.021,-75.0153,-75.1606],"tool":false,"touchDistance":0.226418,"touchZone":"hovering","type":0,"width":18.1457},{"bases":[[[0.581278,-0.795696,-0.170245],[0.744899,0.436146,0.504879],[-0.327478,-0.42029,0.846235]],[[0.577572,-0.800356,-0.160752],[0.649285,0.331024,0.684728],[-0.494814,-0.499854,0.710849]],[[0.577572,-0.800356,-0.160752],[0.797261,0.510705,0.3218],[-0.175457,-0.314024,0.933062]],[[0.577572,-0.800356,-0.160752],[0.808547,0.588001,-0.0224978],[0.112529,-0.116982,0.986738]]],"btipPosition":[77.3769,238.848,-43.2962],"carpPosition":[35.6654,184.611,72.3816],"dipPosition":[79.0576,237.1,-28.558],"direction":[0.175457,0.314024,-0.933061],"extended":true,"handId":102,"id":1021,"length":51.4095,"mcpPosition":[56.7662,211.692,17.8552],"pipPosition":[75.3503,230.465,-8.84267],"stabilizedTipPosition":[84.5482,233.834,-36.0048],"timeVisible":17.1526,"tipPosition":[75.8927,234.118,-41.1068],"tipVelocity":[-177.969,149.519,-60.6738],"tool":false,"touchDistance":0.262127,"touchZone":"hovering","type":1,"width":17.3328},{"bases":[[[0.396129,-0.907779,-0.137909],[0.825076,0.286012,0.487285],[-0.402903,-0.306813,0.862285]],[[0.374991,-0.922291,-0.0936007],[0.692301,0.211461,0.68993],[-0.616523,-0.323518,0.717799]],[[0.374991,-0.922291,-0.0936007],[0.884305,0.325583,0.334664],[-0.278183,-0.208268,0.937677]],[[0.374991,-0.922291,-0.0936007],[0.923754,0.380236,-0.0458213],[0.0778509,-0.0692815,0.994555]]],"btipPosition":[99.3802,215.684,-51.7021],"carpPosition":[43.1462,176.989,70.8815],"dipPosition":[100.659,214.546,-35.3636],"direction":[0.278183,0.208268,-0.937677],"extended":true,"handId":102,"id":1022,"length":58.577,"mcpPosition":[67.7654,195.737,18.192],"pipPosition":[93.7437,209.369,-12.0538],"stabilizedTipPosition":[100.666,212.218,-47.1028],"timeVisible":17.1526,"tipPosition":[94.2508,211.405,-49.8561],"tipVelocity":[-77.1517,192.275,-28.4102],"tool":false,"touchDistance":-0.308923,"touchZone":"touching","type":2,"width":17.0231},{"bases":[[[0.269188,-0.961995,-0.0458521],[0.838005,0.210498,0.503426],[-0.474642,-0.173941,0.862821]],[[0.234998,-0.971877,0.0151939],[0.783728,0.198703,0.588462],[-0.574932,-0.126379,0.808382]],[[0.234998,-0.971877,0.0151939],[0.966928,0.235338,0.0983136],[-0.0991244,-0.00841206,0.995039]],[[0.234998,-0.971877,0.0151939],[0.922785,0.218162,-0.317606],[0.305359,0.0886573,0.948101]]],"btipPosition":[94.2363,180.95,-49.3235],"carpPosition":[48.3275,167.716,69.1696],"dipPosition":[99.2239,182.398,-33.8376],"direction":[0.0991244,0.00841206,-0.995039],"extended":true,"handId":102,"id":1023,"length":56.3233,"mcpPosition":[74.3672,177.258,21.8338],"pipPosition":[96.8234,182.195,-9.74069],"stabilizedTipPosition":[94.1315,176.566,-44.5503],"timeVisible":17.1526,"tipPosition":[88.9259,178.984,-45.9687],"tipVelocity":[-22.6346,161.502,-8.23374],"tool":false,"touchDistance":0.299441,"touchZone":"hovering","type":3,"width":16.1985},{"bases":[[[0.0702566,-0.997129,-0.0282278],[0.824425,0.0421103,0.564403],[-0.561594,-0.0629247,0.825017]],[[-0.0485629,-0.988287,0.144672],[0.901238,0.0190862,0.432905],[-0.430595,0.151407,0.889755]],[[-0.0485629,-0.988287,0.144672],[0.992556,-0.063946,-0.103653],[0.11169,0.138562,0.984036]],[[-0.0485629,-0.988287,0.144672],[0.887564,-0.109132,-0.447572],[0.458118,0.106671,0.882468]]],"btipPosition":[80.9688,150.139,-33.2624],"carpPosition":[47.951,155.6,66.262],"dipPosition":[87.8719,151.747,-19.965],"direction":[-0.11169,-0.138562,-0.984036],"extended":true,"handId":102,"id":1024,"length":44.1565,"mcpPosition":[76.4715,158.796,24.3636],"pipPosition":[89.7816,154.116,-3.13965],"stabilizedTipPosition":[81.1407,147.946,-30.2826],"timeVisible":17.1526,"tipPosition":[76.1627,150.416,-28.3708],"tipVelocity":[18.1443,161.738,14.5004],"tool":false,"touchDistance":-0.268588,"touchZone":"touching","type":4,"width":14.3888}],"r":[[0.432508,-0.802127,0.411738],[0.764459,0.568366,0.30424],[-0.478057,0.183171,0.859017]],"s":1.8209,"t":[17.1028,36.4948,-36.8502],"timestamp":1131510155477},{"currentFrameRate":57.665,"devices":[],"gestures":[],"hands":[{"armBasis":[[0.612927,-0.670408,-0.418179],[0.789703,0.537351,0.296011],[0.026261,-0.51167,0.85878]],"armWidth":56.7046,"confidence":1,"direction":[0.508675,0.388975,-0.768081],"elbow":[37.8335,35.8316,290.009],"grabAngle":0.78513,"grabStrength":0.046464,"id":102,"palmNormal":[-0.643892,-0.420349,-0.639304],"palmPosition":[54.1797,187.976,32.4095],"palmVelocity":[-42.4747,195.461,-26.6614],"palmWidth":79.6914,"pinchDistance":75.4336,"pinchStrength":0,"r":[[0.460908,-0.782382,0.418859],[0.740419,0.599211,0.304509],[-0.489227,0.169781,0.855471]],"s":1.8231,"sphereCenter":[67.9743,183.379,-5.37737],"sphereRadius":50.9545,"stabilizedPalmPosition":[54.5858,184.836,33.7972],"t":[16.5119,39.0027,-37.302],"timeVisible":17.1699,"type":"right","wrist":[31.6235,156.828,86.9304]}],"id":74559,"interactionBox":{"center":[0,200,0],"size":[235.247,235.247,147.751]},"pointables":[{"bases":[[[0.905158,0.122005,0.407191],[-0.370529,0.69592,0.615146],[-0.208321,-0.70768,0.675123]],[[0.887716,0.460176,0.0141085],[-0.425814,0.809006,0.405207],[0.175052,-0.365716,0.914116]],[[0.887716,0.460176,0.0141085],[-0.448288,0.85699,0.254179],[0.104876,-0.231963,0.967054]],[[0.887716,0.460176,0.0141085],[-0.458194,0.880072,0.124624],[0.0449326,-0.117095,0.992104]]],"btipPosition":[2.79046,206.321,-21.0071],"carpPosition":[14.4889,181.023,68.0795],"dipPosition":[3.70975,203.926,-0.709246],"direction":[-0.104876,0.231963,-0.967054],"extended":false,"handId":102,"id":1020,"length":45.5601,"mcpPosition":[14.4889,181.023,68.0795],"pipPosition":[6.83573,197.012,28.1151],"stabilizedTipPosition":[8.11374,213.121,-10.4408],"timeVisible":17.1699,"tipPosition":[4.62879,205.45,-16.0447],"tipVelocity":[-110.329,-23.6103,-63.7815],"tool":false,"touchDistance":0.207964,"touchZone":"hovering","type":0,"width":18.1457},{"bases":[[[0.648829,-0.742812,-0.165079],[0.696919,0.492998,0.520823],[-0.30549,-0.452972,0.837551]],[[0.646767,-0.745831,-0.159461],[0.602865,0.37187,0.70588],[-0.467169,-0.552673,0.690149]],[[0.646767,-0.745831,-0.159461],[0.744652,0.572318,0.343432],[-0.16488,-0.340864,0.925541]],[[0.646767,-0.745831,-0.159461],[0.754302,0.656438,-0.010874],[0.112786,-0.113249,0.987144]]],"btipPosition":[73.3492,244.914,-42.6173],"carpPosition":[34.3201,186.076,71.5707],"dipPosition":[75.0338,243.223,-27.8731],"direction":[0.16488,0.340864,-0.925541],"extended":true,"handId":102,"id":1021,"length":51.4095,"mcpPosition":[54.0041,215.263,17.6038],"pipPosition":[71.5499,236.02,-8.31659],"stabilizedTipPosition":[79.9346,238.396,-37.3794],"timeVisible":17.1699,"tipPosition":[72.242,239.851,-40.8056],"tipVelocity":[-231.959,350.197,39.1881],"tool":false,"touchDistance":0.292517,"touchZone":"hovering","type":1,"width":17.3328},{"bases":[[[0.473213,-0.870268,-0.136758],[0.789702,0.350255,0.503679],[-0.390435,-0.346346,0.852998]],[[0.451864,-0.887395,-0.0913746],[0.653025,0.259251,0.711581],[-0.607765,-0.381208,0.696637]],[[0.451864,-0.887395,-0.0913746],[0.84634,0.394057,0.358367],[-0.282007,-0.239267,0.929098]],[[0.451864,-0.887395,-0.0913746],[0.889522,0.455956,-0.0292261],[0.0675979,-0.0680736,0.995388]]],"btipPosition":[97.8053,223.413,-50.7708],"carpPosition":[42.4387,179.12,70.154],"dipPosition":[98.9157,222.295,-34.4187],"direction":[0.282007,0.239267,-0.929098],"extended":true,"handId":102,"id":1022,"length":58.577,"mcpPosition":[66.2961,200.284,18.0319],"pipPosition":[91.9053,216.347,-11.3221],"stabilizedTipPosition":[98.3931,221.76,-47.0217],"timeVisible":17.1699,"tipPosition":[92.7589,218.841,-49.3343],"tipVelocity":[-92.9516,445.463,53.8228],"tool":false,"touchDistance":-0.292348,"touchZone":"touching","type":2,"width":17.0231},{"bases":[[[0.349713,-0.935661,-0.0473195],[0.808644,0.275964,0.519556],[-0.47307,-0.21996,0.853125]],[[0.312827,-0.949649,0.0175208],[0.749425,0.258119,0.609702],[-0.583525,-0.1776,0.792437]],[[0.312827,-0.949649,0.0175208],[0.944132,0.312918,0.103427],[-0.103702,-0.0158128,0.994483]],[[0.312827,-0.949649,0.0175208],[0.897187,0.289389,-0.333632],[0.311763,0.120088,0.942541]]],"btipPosition":[94.573,187.753,-48.7601],"carpPosition":[48.4085,170.328,68.474],"dipPosition":[99.6652,189.715,-33.3651],"direction":[0.103702,0.0158128,-0.994483],"extended":true,"handId":102,"id":1023,"length":56.3233,"mcpPosition":[74.362,182.395,21.6701],"pipPosition":[97.1538,189.332,-9.2816],"stabilizedTipPosition":[94.9189,182.249,-44.8769],"timeVisible":17.1699,"tipPosition":[90.1438,185.978,-45.8229],"tipVelocity":[20.7782,398.695,31.25],"tool":false,"touchDistance":0.315889,"touchZone":"hovering","type":3,"width":16.1985},{"bases":[[[0.154159,-0.98748,-0.0334524],[0.808201,0.10655,0.579188],[-0.568372,-0.116323,0.814507]],[[0.0329451,-0.990136,0.136179],[0.890729,0.0908896,0.445356],[-0.45334,0.106626,0.884937]],[[0.0329451,-0.990136,0.136179],[0.992459,0.0163141,-0.121483],[0.118064,0.139154,0.983208]],[[0.0329451,-0.990136,0.136179],[0.877817,-0.0364797,-0.477605],[0.477862,0.135275,0.867957]]],"btipPosition":[82.7584,156.441,-33.1274],"carpPosition":[49.0998,158.247,65.4815],"dipPosition":[89.959,158.479,-20.0486],"direction":[-0.118064,-0.139154,-0.983208],"extended":true,"handId":102,"id":1024,"length":44.1565,"mcpPosition":[77.9645,164.155,24.1168],"pipPosition":[91.9777,160.859,-3.23747],"stabilizedTipPosition":[84.356,156.75,-30.1222],"timeVisible":17.1699,"tipPosition":[79.6723,156.254,-28.7834],"tipVelocity":[107.031,368.705,