{"frames":120,"data":[{"currentFrameRate":113.171,"devices":[],"gestures":[],"hands":[{"armBasis":[[0.881841,-0.164226,-0.442026],[0.381289,0.799869,0.463495],[0.277445,-0.577268,0.767975]],"armWidth":53.0314,"confidence":1,"direction":[0.311074,0.688821,-0.654796],"elbow":[99.3109,13.7111,273.74],"grabAngle":2.76517,"grabStrength":0,"id":165,"palmNormal":[-0.287358,-0.588561,-0.755659],"palmPosition":[42.9277,191.819,49.5029],"palmVelocity":[-1.23359,1.2909,-1.10168],"palmWidth":77.8763,"pinchDistance":62.0058,"pinchStrength":0,"r":[[0.961292,0.233442,-0.146362],[-0.24118,0.969763,-0.0373148],[0.133225,0.07117,0.988527]],"s":1.25632,"sphereCenter":[39.977,182.417,12.4199],"sphereRadius":41.3114,"stabilizedPalmPosition":[43.7155,192.158,48.9821],"t":[-66.454,86.1255,-14.4928],"timeVisible":36.8645,"type":"right","wrist":[35.1969,147.11,96.2714]}],"id":135323,"interactionBox":{"center":[0,200,0],"size":[235.247,235.247,147.751]},"pointables":[{"bases":[[[0.682254,0.490531,0.542134],[-0.721955,0.335001,0.605438],[0.115371,-0.804459,0.582697]],[[0.575503,0.776497,0.256608],[-0.754207,0.382634,0.533632],[0.316177,-0.500643,0.805847]],[[0.575503,0.776497,0.256608],[-0.786639,0.439826,0.433305],[0.223597,-0.451226,0.863944]],[[0.575503,0.776497,0.256608],[-0.802405,0.475556,0.360545],[0.157931,-0.413399,0.896749]]],"btipPosition":[-12.6854,203.646,3.09032],"carpPosition":[9.85259,162.267,77.7582],"dipPosition":[-9.73698,195.928,19.8319],"direction":[-0.223597,0.451226,-0.863944],"extended":true,"handId":165,"id":1650,"length":41.5735,"mcpPosition":[9.85259,162.267,77.7582],"pipPosition":[-3.65553,183.656,43.3297],"stabilizedTipPosition":[-11.343,204.36,6.48735],"timeVisible":36.8645,"tipPosition":[-13.4076,202.38,7.94632],"tipVelocity":[-2.91982,-2.54364,-2.94133],"tool":false,"touchDistance":-0.255727,"touchZone":"touching","type":0,"width":16.6432},{"bases":[[[0.945271,-0.301564,-0.124582],[0.307105,0.69332,0.651915],[-0.110219,-0.654497,0.747988]],[[0.926028,-0.375665,-0.0367107],[0.328719,0.754839,0.567593],[-0.185514,-0.537674,0.822491]],[[0.926028,-0.375665,-0.0367107],[0.367413,0.874835,0.315708],[-0.0864845,-0.305843,0.948146]],[[0.926028,-0.375665,-0.0367107],[0.377346,0.923702,0.0662187],[0.00903375,-0.0751731,0.99713]]],"btipPosition":[38.6062,242.063,-22.8524],"carpPosition":[23.7639,175.503,84.305],"dipPosition":[38.7293,241.039,-9.26219],"direction":[0.0864845,0.305843,-0.948146],"extended":true,"handId":165,"id":1651,"length":46.9111,"mcpPosition":[30.704,216.715,37.2068],"pipPosition":[37.0618,235.142,9.01889],"stabilizedTipPosition":[39.0398,242.441,-19.3026],"timeVisible":36.8645,"tipPosition":[38.8563,243.126,-18.4706],"tipVelocity":[-2.81402,2.26651,-1.83961],"tool":false,"touchDistance":0.317216,"touchZone":"hovering","type":1,"width":15.8976},{"bases":[[[0.855393,-0.500963,-0.131679],[0.459999,0.617818,0.637731],[-0.238126,-0.606083,0.75892]],[[0.868133,-0.463718,-0.17695],[0.262613,0.731674,-0.629037],[0.421166,0.499618,0.756968]],[[0.868133,-0.463718,-0.17695],[-0.386469,-0.407854,-0.827222],[0.311428,0.786524,-0.533284]],[[0.868133,-0.463718,-0.17695],[-0.49608,-0.799313,-0.33912],[0.0158178,0.382183,-0.923951]]],"btipPosition":[24.8456,167.11,35.1038],"carpPosition":[34.1217,173.7,83.5789],"dipPosition":[25.0827,172.839,21.2533],"direction":[-0.311428,-0.786524,0.533284],"extended":false,"handId":165,"id":1652,"length":53.4514,"mcpPosition":[48.3408,209.891,38.2616],"pipPosition":[32.1471,190.68,9.15637],"stabilizedTipPosition":[26.7755,169.551,31.9018],"timeVisible":36.8645,"tipPosition":[24.8482,169.58,30.6351],"tipVelocity":[0.0513144,-0.311752,0.136533],"tool":false,"touchDistance":0.333333,"touchZone":"none","type":2,"width":15.6135},{"bases":[[[0.7739,-0.629832,-0.0662603],[0.512112,0.560812,0.650562],[-0.372585,-0.537403,0.756557]],[[0.794849,-0.596473,-0.111507],[0.397734,0.650898,-0.646638],[0.458282,0.469629,0.754603]],[[0.794849,-0.596473,-0.111507],[-0.392535,-0.365287,-0.844086],[0.462743,0.714692,-0.524485]],[[0.794849,-0.596473,-0.111507],[-0.591287,-0.720036,-0.36322],[0.136362,0.354638,-0.925007]]],"btipPosition":[34.9765,160.354,40.0808],"carpPosition":[43.5932,169.36,82.1597],"dipPosition":[37.0089,165.64,26.2941],"direction":[-0.462743,-0.714692,0.524485],"extended":false,"handId":165,"id":1653,"length":51.395,"mcpPosition":[63.5683,198.171,41.599],"pipPosition":[47.2346,181.433,14.704],"stabilizedTipPosition":[36.9132,161.87,36.4166],"timeVisible":36.8645,"tipPosition":[36.2208,162.917,35.5118],"tipVelocity":[0.195927,0.689887,-0.257199],"tool":false,"touchDistance":0.333333,"touchZone":"none","type":3,"width":14.8573},{"bases":[[[0.630251,-0.771744,-0.0848264],[0.591305,0.406327,0.696603],[-0.503132,-0.489193,0.712424]],[[0.64293,-0.758962,-0.103044],[0.560462,0.55788,-0.612088],[0.522038,0.335777,0.784047]],[[0.64293,-0.758962,-0.103044],[-0.396628,-0.214817,-0.892491],[0.655231,0.614679,-0.439137]],[[0.64293,-0.758962,-0.103044],[-0.708434,-0.538126,-0.456663],[0.29114,0.366602,-0.883652]]],"btipPosition":[46.3646,160.087,40.016],"carpPosition":[50.346,159.911,78.4857],"dipPosition":[50.3678,165.127,27.8659],"direction":[-0.655231,-0.614679,0.439137],"extended":false,"handId":165,"id":1654,"length":40.2927,"mcpPosition":[75.3155,184.189,43.1294],"pipPosition":[60.5908,174.718,21.0144],"stabilizedTipPosition":[47.9017,161.826,36.7531],"timeVisible":36.8645,"tipPosition":[47.6372,162.303,36.6809],"tipVelocity":[-1.4478,3.56907,0.483214],"tool":false,"touchDistance":0.333333,"touchZone":"none","type":4,"width":13.1974}],"r":[[0.961292,0.233442,-0.146362],[-0.24118,0.969763,-0.0373148],[0.133225,0.07117,0.988527]],"s":1.25632,"t":[-66.454,86.1255,-14.4928],"timestamp":1132445286953},{"currentFrameRate":113.23,"devices":[],"gestures":[],"hands":[{"armBasis":[[0.881765,-0.164127,-0.442214],[0.381293,0.799922,0.463401],[0.27768,-0.577224,0.767923]],"armWidth":53.0314,"confidence":1,"direction":[0.311243,0.688738,-0.654803],"elbow":[99.347,13.7351,273.727],"grabAngle":2.7652,"grabStrength":0,"id":165,"palmNormal":[-0.287276,-0.588604,-0.755657],"palmPosition":[42.9173,191.828,49.4992],"palmVelocity":[-1.18429,1.12133,-0.43056],"palmWidth":77.8763,"pinchDistance":62.0159,"pinchStrength":0,"r":[[0.96124,0.233598,-0.146456],[-0.241416,0.969683,-0.037845],[0.133176,0.0717351,0.988493]],"s":1.25641,"sphereCenter":[39.9299,182.458,12.4277],"sphereRadius":41.3011,"stabilizedPalmPosition":[43.7143,192.157,48.9828],"t":[-66.4707,86.1316,-14.5033],"timeVisible":36.8732,"type":"right","wrist":[35.1789,147.124,96.2696]}],"id":135324,"interactionBox":{"center":[0,200,0],"size":[235.247,235.247,147.751]},"pointables":[{"bases":[[[0.682201,0.490522,0.542208],[-0.722032,0.335113,0.605285],[0.115205,-0.804417,0.582787]],[[0.575441,0.776586,0.256478],[-0.754266,0.382708,0.533495],[0.316148,-0.500448,0.805979]],[[0.575441,0.776586,0.256478],[-0.78663,0.439747,0.433401],[0.223788,-0.45115,0.863934]],[[0.575441,0.776586,0.256478],[-0.802395,0.475427,0.360738],[0.158207,-0.41338,0.896709]]],"btipPosition":[-12.7122,203.651,3.07884],"carpPosition":[9.83499,162.282,77.7513],"dipPosition":[-9.75856,195.933,19.8197],"direction":[-0.223788,0.45115,-0.863934],"extended":true,"handId":165,"id":1650,"length":41.5735,"mcpPosition":[9.83499,162.282,77.7513],"pipPosition":[-3.67193,183.663,43.3172],"stabilizedTipPosition":[-11.3477,204.343,6.49037],"timeVisible":36.8732,"tipPosition":[-13.4077,202.39,7.93036],"tipVelocity":[-2.92869,0.494001,-1.33473],"tool":false,"touchDistance":-0.255921,"touchZone":"touching","type":0,"width":16.6432},{"bases":[[[0.945268,-0.301653,-0.124394],[0.30705,0.693352,0.651907],[-0.110401,-0.654422,0.748026]],[[0.926086,-0.375514,-0.0368021],[0.328656,0.754904,0.567544],[-0.185339,-0.537689,0.82252]],[[0.926086,-0.375514,-0.0368021],[0.367279,0.874816,0.315916],[-0.0864359,-0.306082,0.948073]],[[0.926086,-0.375514,-0.0368021],[0.377207,0.92372,0.0667489],[0.00892971,-0.0756973,0.997091]]],"btipPosition":[38.5945,242.085,-22.8595],"carpPosition":[23.7463,175.518,84.2994],"dipPosition":[38.7162,241.053,-9.26983],"direction":[0.0864359,0.306082,-0.948073],"extended":true,"handId":165,"id":1651,"length":46.9111,"mcpPosition":[30.6978,216.725,37.1987],"pipPosition":[37.0496,235.152,9.00984],"stabilizedTipPosition":[39.0384,242.439,-19.3041],"timeVisible":36.8732,"tipPosition":[38.8614,243.128,-18.4816],"tipVelocity":[-1.37904,2.33119,-0.829289],"tool":false,"touchDistance":0.317096,"touchZone":"hovering","type":1,"width":15.8976},{"bases":[[[0.855374,-0.501045,-0.131489],[0.45994,0.617836,0.637756],[-0.238306,-0.605997,0.758932]],[[0.868125,-0.463805,-0.176761],[0.262619,0.731406,-0.629345],[0.421177,0.49993,0.756756]],[[0.868125,-0.463805,-0.176761],[-0.386458,-0.40814,-0.827087],[0.311464,0.786325,-0.533557]],[[0.868125,-0.463805,-0.176761],[-0.496092,-0.799393,-0.338916],[0.0158896,0.381911,-0.924063]]],"btipPosition":[24.8363,167.115,35.1154],"carpPosition":[34.104,173.713,83.5752],"dipPosition":[25.0745,172.84,21.2633],"direction":[-0.311464,-0.786325,0.533557],"extended":false,"handId":165,"id":1652,"length":53.4514,"mcpPosition":[48.3339,209.899,38.2572],"pipPosition":[32.1397,190.677,9.16011],"stabilizedTipPosition":[26.7725,169.549,31.9019],"timeVisible":36.8732,"tipPosition":[24.8393,169.588,30.6317],"tipVelocity":[-1.03233,0.463946,1.28592],"tool":false,"touchDistance":0.333333,"touchZone":"none","type":2,"width":15.6135},{"bases":[[[0.77386,-0.629901,-0.0660725],[0.512047,0.560827,0.6506],[-0.372758,-0.537306,0.75654]],[[0.79482,-0.596548,-0.111319],[0.397813,0.650721,-0.646767],[0.458265,0.469779,0.75452]],[[0.79482,-0.596548,-0.111319],[-0.392502,-0.365455,-0.844029],[0.462822,0.714544,-0.524617]],[[0.79482,-0.596548,-0.111319],[-0.591308,-0.720084,-0.363089],[0.136441,0.354414,-0.925081]]],"btipPosition":[34.9657,160.363,40.087],"carpPosition":[43.5755,169.372,82.158],"dipPosition":[36.9993,165.645,26.2992],"direction":[-0.462822,-0.714544,0.524617],"extended":false,"handId":165,"id":1653,"length":51.395,"mcpPosition":[63.5598,198.178,41.5982],"pipPosition":[47.2267,181.435,14.7062],"stabilizedTipPosition":[36.9104,161.87,36.4175],"timeVisible":36.8732,"tipPosition":[36.21,162.925,35.5102],"tipVelocity":[-1.20545,0.908127,0.681032],"tool":false,"touchDistance":0.333333,"touchZone":"none","type":3,"width":14.8573},{"bases":[[[0.630202,-0.771803,-0.0846508],[0.591219,0.40634,0.696669],[-0.503294,-0.48909,0.712381]],[[0.64232,-0.759613,-0.102044],[0.561287,0.556866,-0.612256],[0.521903,0.335989,0.784047]],[[0.64232,-0.759613,-0.102044],[-0.396418,-0.215316,-0.892464],[0.655956,0.613699,-0.439426]],[[0.64232,-0.759613,-0.102044],[-0.708683,-0.537928,-0.45651],[0.291879,0.365542,-0.883847]]],"btipPosition":[46.3371,160.117,40.0257],"carpPosition":[50.3281,159.923,78.4861],"dipPosition":[50.3504,165.143,27.8728],"direction":[-0.655956,-0.613699,0.439426],"extended":false,"handId":165,"id":1654,"length":40.2927,"mcpPosition":[75.3056,184.195,43.1319],"pipPosition":[60.5847,174.718,21.0168],"stabilizedTipPosition":[47.9001,161.825,36.7542],"timeVisible":36.8732,"tipPosition":[47.626,162.31,36.6814],"tipVelocity":[-2.88594,3.10785,1.03638],"tool":false,"touchDistance":0.333333,"touchZone":"none","type":4,"width":13.1974}],"r":[[0.96124,0.233598,-0.146456],[-0.241416,0.969683,-0.037845],[0.133176,0.0717351,0.988493]],"s":1.25641,"t":[-66.4707,86.1316,-14.5033],"timestamp":1132445295682},{"currentFrameRate":113.335,"devices":[],"gestures":[],"hands":[{"armBasis":[[0.88156,-0.164316,-0.442553],[0.381613,0.799901,0.463173],[0.277892,-0.577199,0.767866]],"armWidth":53.0314,"confidence":1,"direction":[0.311448,0.688651,-0.654797],"elbow":[99.3797,13.7713,273.692],"grabAngle":2.76525,"grabStrength":0,"id":165,"palmNormal":[-0.287487,-0.588495,-0.755662],"palmPosition":[42.9106,191.857,49.478],"palmVelocity":[-0.783175,3.28846,-2.44229],"palmWidth":77.8763,"pinchDistance":62.0286,"pinchStrength":0,"r":[[0.961212,0.233662,-0.146536],[-0.241543,0.969636,-0.0382639],[0.133146,0.0721744,0.988465]],"s":1.2565,"sphereCenter":[39.8819,182.52,12.4173],"sphereRadius":41.292,"stabilizedPalmPosition":[43.7131,192.157,48.9836],"t":[-66.4824,86.1488,-14.519],"timeVisible":36.8819,"type":"right","wrist":[35.1626,147.154,96.2483]}],"id":135325,"interactionBox":{"center":[0,200,0],"size":[235.247,235.247,147.751]},"pointables":[{"bases":[[[0.682374,0.490291,0.5422],[-0.721907,0.335334,0.605311],[0.11496,-0.804466,0.582768]],[[0.57562,0.776505,0.256324],[-0.754128,0.38291,0.533545],[0.316152,-0.500421,0.805995]],[[0.57562,0.776505,0.256324],[-0.786432,0.439821,0.433684],[0.224021,-0.451219,0.863838]],[[0.57562,0.776505,0.256324],[-0.802204,0.475471,0.361103],[0.158524,-0.413483,0.896606]]],"btipPosition":[-12.7401,203.692,3.0619],"carpPosition":[9.81942,162.32,77.7305],"dipPosition":[-9.78062,195.972,19.8008],"direction":[-0.224021,0.451219,-0.863838],"extended":true,"handId":165,"id":1650,"length":41.5735,"mcpPosition":[9.81942,162.32,77.7305],"pipPosition":[-3.68763,183.7,43.2957],"stabilizedTipPosition":[-11.3526,204.326,6.49325],"timeVisible":36.8819,"tipPosition":[-13.4101,202.437,7.90946],"tipVelocity":[-3.07922,4.71186,-2.01172],"tool":false,"touchDistance":-0.256211,"touchZone":"touching","type":0,"width":16.6432},{"bases":[[[0.945167,-0.301956,-0.124426],[0.307292,0.693239,0.651913],[-0.110593,-0.654402,0.748016]],[[0.926019,-0.375656,-0.0370277],[0.328887,0.754787,0.567565],[-0.185261,-0.537754,0.822496]],[[0.926019,-0.375656,-0.0370277],[0.367448,0.874609,0.316293],[-0.0864325,-0.306499,0.947939]],[[0.926019,-0.375656,-0.0370277],[0.377372,0.92361,0.0673426],[0.00890148,-0.0763337,0.997043]]],"btipPosition":[38.5931,242.137,-22.8756],"carpPosition":[23.7352,175.552,84.2785],"dipPosition":[38.7144,241.096,-9.28667],"direction":[0.0864325,0.306499,-0.947939],"extended":true,"handId":165,"id":1651,"length":46.9111,"mcpPosition":[30.6988,216.757,37.1785],"pipPosition":[37.0479,235.187,8.99042],"stabilizedTipPosition":[39.037,242.437,-19.3056],"timeVisible":36.8819,"tipPosition":[38.8691,243.157,-18.5032],"tipVelocity":[-0.169284,5.73218,-1.88927],"tool":false,"touchDistance":0.316824,"touchZone":"hovering","type":1,"width":15.8976},{"bases":[[[0.855209,-0.501319,-0.131522],[0.460158,0.617674,0.637757],[-0.238482,-0.605936,0.758926]],[[0.86797,-0.464082,-0.176794],[0.26267,0.731133,-0.629642],[0.421465,0.500072,0.756502]],[[0.86797,-0.464082,-0.176794],[-0.386701,-0.408222,-0.826932],[0.311594,0.786119,-0.533786]],[[0.86797,-0.464082,-0.176794],[-0.496364,-0.799344,-0.338632],[0.015834,0.381676,-0.924161]]],"btipPosition":[24.8219,167.144,35.111],"carpPosition":[34.0923,173.744,83.5539],"dipPosition":[25.0593,172.866,21.2573],"direction":[-0.311594,-0.786119,0.533786],"extended":false,"handId":165,"id":1652,"length":53.4514,"mcpPosition":[48.3327,209.926,38.2363],"pipPosition":[32.1275,190.698,9.14901],"stabilizedTipPosition":[26.7692,169.547,31.9019],"timeVisible":36.8819,"tipPosition":[24.8249,169.621,30.6121],"tipVelocity":[-1.68838,3.3342,-0.555272],"tool":false,"touchDistance":0.333333,"touchZone":"none","type":2,"width":15.6135},{"bases":[[[0.773654,-0.63015,-0.0661063],[0.512246,0.560648,0.650598],[-0.372912,-0.537201,0.756539]],[[0.794624,-0.596803,-0.111352],[0.397907,0.650504,-0.646927],[0.458523,0.469755,0.754378]],[[0.794624,-0.596803,-0.111352],[-0.392719,-0.365428,-0.84394],[0.462975,0.714345,-0.524754]],[[0.794624,-0.596803,-0.111352],[-0.591583,-0.719968,-0.36287],[0.136392,0.354219,-0.925163]]],"btipPosition":[34.9489,160.393,40.0747],"carpPosition":[43.5623,169.4,82.1364],"dipPosition":[36.9818,165.672,26.2858],"direction":[-0.462975,-0.714345,0.524754],"extended":false,"handId":165,"id":1653,"length":51.395,"mcpPosition":[63.5549,198.2,41.5767],"pipPosition":[47.2126,181.458,14.6898],"stabilizedTipPosition":[36.9075,161.869,36.4184],"timeVisible":36.8819,"tipPosition":[36.1931,162.955,35.4895],"tipVelocity":[-1.95935,3.39848,-1.44877],"tool":false,"touchDistance":0.333333,"touchZone":"none","type":3,"width":14.8573},{"bases":[[[0.62995,-0.772005,-0.0846836],[0.591369,0.406134,0.696662],[-0.503433,-0.488941,0.712384]],[[0.64136,-0.760557,-0.101043],[0.562278,0.555536,-0.612554],[0.522016,0.336054,0.783943]],[[0.64136,-0.760557,-0.101043],[-0.396362,-0.215684,-0.8924],[0.656928,0.6124,-0.439787]],[[0.64136,-0.760557,-0.101043],[-0.709218,-0.537454,-0.456238],[0.292689,0.364274,-0.884103]]],"btipPosition":[46.2982,160.171,40.0156],"carpPosition":[50.3117,159.948,78.4641],"dipPosition":[50.3226,165.18,27.8593],"direction":[-0.656928,-0.6124,0.439787],"extended":false,"handId":165,"id":1654,"length":40.2927,"mcpPosition":[75.2962,184.213,43.1097],"pipPosition":[60.5721,174.734,20.9976],"stabilizedTipPosition":[47.8983,161.824,36.7555],"timeVisible":36.8819,"tipPosition":[47.6086,162.335,36.6608],"tipVelocity":[-4.20485,5.77705,-1.2601],"tool":false,"touchDistance":0.333333,"touchZone":"none","type":4,"width":13.1974}],"r":[[0.961212,0.233662,-0.146536],[-0.241543,0.969636,-0.0382639],[0.133146,0.0721744,0.988465]],"s":1.2565,"t":[-66.4824,86.1488,-14.519],"timestamp":1132445304324},{"currentFrameRate":113.277,"devices":[],"gestures":[],"hands":[{"armBasis":[[0.881624,-0.164007,-0.44254],[0.381336,0.800015,0.463206],[0.278069,-0.577129,0.767854]],"armWidth":53.0314,"confidence":1,"direction":[0.31145,0.68851,-0.654945],"elbow":[99.41,13.8056,273.689],"grabAngle":2.76528,"grabStrength":0,"id":165,"palmNormal":[-0.287233,-0.588776,-0.75554],"palmPosition":[42.8986,191.865,49.4677],"palmVelocity":[-1.33978,0.882087,-1.15555],"palmWidth":77.8763,"pinchDistance":62.0427,"pinchStrength":0,"r":[[0.961188,0.233739,-0.146577],[-0.241678,0.969586,-0.0386668],[0.133081,0.0725903,0.988443]],"s":1.25663,"sphereCenter":[39.8398,182.551,12.4208],"sphereRadius":41.2839,"stabilizedPalmPosition":[43.7119,192.156,48.9843],"t":[-66.4942,86.1614,-14.5321],"timeVisible":36.8908,"type":"right","wrist":[35.1518,147.173,96.2479]}],"id":135326,"interactionBox":{"center":[0,200,0],"size":[235.247,235.247,147.751]},"pointables":[{"bases":[[[0.682179,0.490579,0.542184],[-0.722086,0.335385,0.60507],[0.114994,-0.80427,0.583032]],[[0.575398,0.77673,0.256141],[-0.754256,0.382848,0.533409],[0.316251,-0.500118,0.806143]],[[0.575398,0.77673,0.256141],[-0.786497,0.439574,0.433817],[0.224366,-0.451072,0.863825]],[[0.575398,0.77673,0.256141],[-0.802281,0.475172,0.361328],[0.158943,-0.413404,0.896568]]],"btipPosition":[-12.7736,203.684,3.04877],"carpPosition":[9.80737,162.331,77.7227],"dipPosition":[-9.80629,195.966,19.787],"direction":[-0.224366,0.451072,-0.863825],"extended":true,"handId":165,"id":1650,"length":41.5735,"mcpPosition":[9.80737,162.331,77.7227],"pipPosition":[-3.70393,183.697,43.2815],"stabilizedTipPosition":[-11.3578,204.309,6.49608],"timeVisible":36.8908,"tipPosition":[-13.4134,202.421,7.8831],"tipVelocity":[-3.54921,-0.86008,-1.48887],"tool":false,"touchDistance":-0.256432,"touchZone":"touching","type":0,"width":16.6432},{"bases":[[[0.945246,-0.301821,-0.124151],[0.307039,0.693492,0.651764],[-0.110618,-0.654196,0.748192]],[[0.926128,-0.375405,-0.0368496],[0.328593,0.754933,0.56754],[-0.185238,-0.537724,0.822521]],[[0.926128,-0.375405,-0.0368496],[0.367123,0.874614,0.316656],[-0.0866451,-0.306793,0.947824]],[[0.926128,-0.375405,-0.0368496],[0.377112,0.923678,0.0678685],[0.00855897,-0.0767513,0.997014]]],"btipPosition":[38.587,242.149,-22.8941],"carpPosition":[23.7194,175.567,84.2693],"dipPosition":[38.7036,241.103,-9.30551],"direction":[0.0866451,0.306793,-0.947824],"extended":true,"handId":165,"id":1651,"length":46.9111,"mcpPosition":[30.6847,216.759,37.1583],"pipPosition":[37.033,235.188,8.96937],"stabilizedTipPosition":[39.0358,242.435,-19.307],"timeVisible":36.8908,"tipPosition":[38.8605,243.142,-18.5319],"tipVelocity":[-0.80758,1.22695,-2.07574],"tool":false,"touchDistance":0.316515,"touchZone":"hovering","type":1,"width":15.8976},{"bases":[[[0.855326,-0.501202,-0.131205],[0.459921,0.617951,0.63766],[-0.238518,-0.60575,0.759062]],[[0.868089,-0.463977,-0.176485],[0.262457,0.730752,-0.630172],[0.421352,0.500726,0.756132]],[[0.868089,-0.463977,-0.176485],[-0.386573,-0.408813,-0.8267],[0.311421,0.785874,-0.534247]],[[0.868089,-0.463977,-0.176485],[-0.496159,-0.799684,-0.338131],[0.0157529,0.381093,-0.924403]]],"btipPosition":[24.8184,167.139,35.1246],"carpPosition":[34.077,173.76,83.5474],"dipPosition":[25.0545,172.852,21.2673],"direction":[-0.311421,-0.785874,0.534247],"extended":false,"handId":165,"id":1652,"length":53.4514,"mcpPosition":[48.3196,209.931,38.2216],"pipPosition":[32.1187,190.679,9.14851],"stabilizedTipPosition":[26.7664,169.546,31.902],"timeVisible":36.8908,"tipPosition":[24.8208,169.619,30.6068],"tipVelocity":[-0.43404,-0.827383,1.42906],"tool":false,"touchDistance":0.333333,"touchZone":"none","type":2,"width":15.6135},{"bases":[[[0.773782,-0.630028,-0.065766],[0.512017,0.560938,0.650529],[-0.372961,-0.537041,0.756629]],[[0.794754,-0.596692,-0.111018],[0.397785,0.65025,-0.647257],[0.458402,0.470249,0.754144]],[[0.794754,-0.596692,-0.111018],[-0.392576,-0.36589,-0.843806],[0.462871,0.714201,-0.52504]],[[0.794754,-0.596692,-0.111018],[-0.591414,-0.720271,-0.362546],[0.136365,0.353792,-0.92533]]],"btipPosition":[34.9443,160.394,40.0837],"carpPosition":[43.5481,169.418,82.133],"dipPosition":[36.9768,165.667,26.2922],"direction":[-0.462871,-0.714201,0.52504],"extended":false,"handId":165,"id":1653,"length":51.395,"mcpPosition":[63.5433,198.21,41.5685],"pipPosition":[47.2053,181.449,14.6899],"stabilizedTipPosition":[36.9052,161.869,36.4192],"timeVisible":36.8908,"tipPosition":[36.1885,162.957,35.4877],"tipVelocity":[-0.524929,-0.0290048,0.937105],"tool":false,"touchDistance":0.333333,"touchZone":"none","type":3,"width":14.8573},{"bases":[[[0.630108,-0.771915,-0.0843284],[0.59116,0.406452,0.696654],[-0.503482,-0.488819,0.712434]],[[0.640728,-0.761288,-0.0995408],[0.563177,0.554141,-0.612992],[0.521823,0.336702,0.783794]],[[0.640728,-0.761288,-0.0995408],[-0.39597,-0.216585,-0.892356],[0.657781,0.611172,-0.440219]],[[0.640728,-0.761288,-0.0995408],[-0.709401,-0.537439,-0.455971],[0.293628,0.362767,-0.884411]]],"btipPosition":[46.2681,160.204,40.0291],"carpPosition":[50.3,159.966,78.4648],"dipPosition":[50.3054,165.192,27.8685],"direction":[-0.657781,-0.611172,0.440219],"extended":false,"handId":165,"id":1654,"length":40.2927,"mcpPosition":[75.2869,184.225,43.108],"pipPosition":[60.5682,174.728,21.0001],"stabilizedTipPosition":[47.8964,161.822,36.7568],"timeVisible":36.8908,"tipPosition":[47.6035,162.337,36.6616],"tipVelocity":[-3.03972,3.21408,1.40181],"tool":false,"touchDistance":0.333333,"touchZone":"none","type":4,"width":13.1974}],"r":[[0.961188,0.233739,-0.146577],[-0.241678,0.969586,-0.0386668],[0.133081,0.0725903,0.988443]],"s":1.25663,"t":[-66.4942,86.1614,-14.5321],"timestamp":1132445313253},{"currentFrameRate":113.499,"devices":[],"gestures":[],"hands":[{"armBasis":[[0.881506,-0.164208,-0.4427],[0.381517,0.800107,0.462898],[0.278196,-0.576944,0.767947]],"armWidth":53.0314,"confidence":1,"direction":[0.311456,0.688543,-0.654907],"elbow":[99.4277,13.853,273.694],"grabAngle":2.7655,"grabStrength":0,"id":165,"palmNormal":[-0.287347,-0.588681,-0.75557],"palmPosition":[42.886,191.87,49.4527],"palmVelocity":[-1.49247,0.692399,-1.78586],"palmWidth":77.8763,"pinchDistance":62.05,"pinchStrength":0,"r":[[0.961169,0.233786,-0.146621],[-0.241769,0.969551,-0.0389674],[0.133046,0.0729026,0.988425]],"s":1.25678,"sphereCenter":[39.7983,182.586,12.4151],"sphereRadius":41.279,"stabilizedPalmPosition":[43.7109,192.156,48.9849],"t":[-66.5064,86.1706,-14.5461],"timeVisible":36.8992,"type":"right","wrist":[35.1403,147.177,96.2315]}],"id":135327,"interactionBox":{"center":[0,200,0],"size":[235.247,235.247,147.751]},"pointables":[{"bases":[[[0.682267,0.49047,0.542173],[-0.722006,0.335392,0.60516],[0.114972,-0.804333,0.582949]],[[0.575477,0.77667,0.256145],[-0.754159,0.38283,0.53356],[0.31634,-0.500225,0.806042]],[[0.575477,0.77667,0.256145],[-0.78636,0.439466,0.434175],[0.224644,-0.451279,0.863645]],[[0.575477,0.77667,0.256145],[-0.80216,0.475063,0.361737],[0.159266,-0.41364,0.896402]]],"btipPosition":[-12.8038,203.704,3.04608],"carpPosition":[9.79456,162.337,77.7076],"dipPosition":[-9.83047,195.982,19.7812],"direction":[-0.224644,0.451279,-0.863645],"extended":true,"handId":165,"id":1650,"length":41.5735,"mcpPosition":[9.79456,162.337,77.7076],"pipPosition":[-3.72055,183.708,43.2708],"stabilizedTipPosition":[-11.363,204.293,6.49882],"timeVisible":36.8992,"tipPosition":[-13.4271,202.435,7.87266],"tipVelocity":[-3.41949,2.33624,-0.404167],"tool":false,"touchDistance":-0.256489,"touchZone":"touching","type":0,"width":16.6432},{"bases":[[[0.94521,-0.301892,-0.124257],[0.307153,0.693406,0.651802],[-0.110613,-0.654255,0.748141]],[[0.926112,-0.375428,-0.0370273],[0.328674,0.754788,0.567686],[-0.185178,-0.537911,0.822412]],[[0.926112,-0.375428,-0.0370273],[0.367152,0.874415,0.31717],[-0.0866973,-0.30733,0.947646]],[[0.926112,-0.375428,-0.0370273],[0.377154,0.923614,0.0684933],[0.00848461,-0.0773974,0.996964]]],"btipPosition":[38.5755,242.182,-22.898],"carpPosition":[23.7083,175.571,84.2544],"dipPosition":[38.6911,241.128,-9.31009],"direction":[0.0866973,0.30733,-0.947646],"extended":true,"handId":165,"id":1651,"length":46.9111,"mcpPosition":[30.6732,216.767,37.1465],"pipPosition":[37.0195,235.202,8.96134],"stabilizedTipPosition":[39.0345,242.434,-19.3083],"timeVisible":36.8992,"tipPosition":[38.8465,243.152,-18.5436],"tipVelocity":[-1.39094,3.74681,-0.482525],"tool":false,"touchDistance":0.316447,"touchZone":"hovering","type":1,"width":15.8976},{"bases":[[[0.855271,-0.501264,-0.131321],[0.460027,0.617852,0.637678],[-0.238508,-0.605799,0.759027]],[[0.868034,-0.464036,-0.176599],[0.262232,0.730506,-0.630552],[0.421606,0.501031,0.755789]],[[0.868034,-0.464036,-0.176599],[-0.386819,-0.409061,-0.826463],[0.311269,0.78571,-0.534577]],[[0.868034,-0.464036,-0.176599],[-0.496265,-0.799818,-0.337659],[0.0154385,0.380739,-0.924554]]],"btipPosition":[24.8048,167.143,35.1337],"carpPosition":[34.0657,173.764,83.5314],"dipPosition":[25.0362,172.85,21.2741],"direction":[-0.311269,-0.78571,0.534577],"extended":false,"handId":165,"id":1652,"length":53.4514,"mcpPosition":[48.3077,209.938,38.2078],"pipPosition":[32.097,190.673,9.14786],"stabilizedTipPosition":[26.7636,169.544,31.902],"timeVisible":36.8992,"tipPosition":[24.8048,169.626,30.5935],"tipVelocity":[-1.73482,0.295152,1.01756],"tool":false,"touchDistance":0.333333,"touchZone":"none","type":2,"width":15.6135},{"bases":[[[0.773722,-0.63009,-0.0658878],[0.51212,0.560834,0.650537],[-0.372945,-0.537078,0.756611]],[[0.794693,-0.596751,-0.111139],[0.397587,0.650069,-0.647561],[0.45868,0.470425,0.753865]],[[0.794693,-0.596751,-0.111139],[-0.392842,-0.366032,-0.843621],[0.462751,0.714079,-0.525312]],[[0.794693,-0.596751,-0.111139],[-0.591572,-0.720354,-0.362123],[0.136038,0.353523,-0.925481]]],"btipPosition":[34.9293,160.399,40.0857],"carpPosition":[43.5363,169.42,82.1158],"dipPosition":[36.9569,165.668,26.292],"direction":[-0.462751,-0.714079,0.525312],"extended":false,"handId":165,"id":1653,"length":51.395,"mcpPosition":[63.5307,198.214,41.5523],"pipPosition":[47.1827,181.448,14.6836],"stabilizedTipPosition":[36.9026,161.868,36.42],"timeVisible":36.8992,"tipPosition":[36.1713,162.963,35.4724],"tipVelocity":[-1.91809,0.507332,0.177995],"tool":false,"touchDistance":0.333333,"touchZone":"none","type":3,"width":14.8573},{"bases":[[[0.630033,-0.771962,-0.0844514],[0.591253,0.406337,0.696642],[-0.503466,-0.48884,0.712431]],[[0.640029,-0.761977,-0.0987589],[0.563747,0.553034,-0.613468],[0.522066,0.336962,0.78352]],[[0.640029,-0.761977,-0.0987589],[-0.39606,-0.217036,-0.892206],[0.658406,0.610152,-0.440699]],[[0.640029,-0.761977,-0.0987589],[-0.709852,-0.537203,-0.455548],[0.294064,0.361668,-0.884716]]],"btipPosition":[46.2317,160.232,40.03],"carpPosition":[50.287,159.968,78.4463],"dipPosition":[50.2751,165.205,27.8653],"direction":[-0.658406,-0.610152,0.440699],"extended":false,"handId":165,"id":1654,"length":40.2927,"mcpPosition":[75.2731,184.229,43.0896],"pipPosition":[60.5476,174.724,20.9894],"stabilizedTipPosition":[47.8943,161.821,36.7581],"timeVisible":36.8992,"tipPosition":[47.5864,162.342,36.6447],"tipVelocity":[-4.15222,2.82533,-0.00111124],"tool":false,"touchDistance":0.333333,"touchZone":"none","type":4,"width":13.1974}],"r":[[0.961169,0.233786,-0.146621],[-0.241769,0.969551,-0.0389674],[0.133046,0.0729026,0.988425]],"s":1.25678,"t":[-66.5064,86.1706,-14.5461],"timestamp":1132445321681},{"currentFrameRate":113.537,"devices":[],"gestures":[],"hands":[{"armBasis":[[0.881371,-0.164507,-0.442857],[0.38177,0.800184,0.462554],[0.278274,-0.576752,0.768063]],"armWidth":53.0314,"confidence":1,"direction":[0.311488,0.68852,-0.654917],"elbow":[99.4376,13.9137,273.701],"grabAngle":2.76574,"grabStrength":0,"id":165,"palmNormal":[-0.287533,-0.588604,-0.75556],"palmPosition":[42.8785,191.885,49.4321],"palmVelocity":[-0.855773,1.67849,-2.35113],"palmWidth":77.8763,"pinchDistance":62.0542,"pinchStrength":0,"r":[[0.961159,0.233794,-0.146677],[-0.241812,0.969531,-0.0391941],[0.133045,0.0731401,0.988408]],"s":1.25693,"sphereCenter":[39.7672,182.622,12.4032],"sphereRadius":41.2753,"stabilizedPalmPosition":[43.7099,192.156,48.9854],"t":[-66.5163,86.1825,-14.5634],"timeVisible":36.908,"type":"right","wrist":[35.132,147.194,96.2121]}],"id":135328,"interactionBox":{"center":[0,200,0],"size":[235.247,235.247,147.751]},"pointables":[{"bases":[[[0.682412,0.490337,0.542111],[-0.721879,0.335484,0.605261],[0.114912,-0.804375,0.582902]],[[0.575622,0.776582,0.256086],[-0.754027,0.382917,0.533683],[0.316389,-0.500296,0.805979]],[[0.575622,0.776582,0.256086],[-0.786209,0.43951,0.434403],[0.224797,-0.451389,0.863547]],[[0.575622,0.776582,0.256086],[-0.802022,0.475112,0.36198],[0.159437,-0.41375,0.896321]]],"btipPosition":[-12.8221,203.731,3.03516],"carpPosition":[9.78571,162.356,77.6899],"dipPosition":[-9.84558,196.007,19.7687],"direction":[-0.224797,0.451389,-0.863547],"extended":true,"handId":165,"id":1650,"length":41.5735,"mcpPosition":[9.78571,162.356,77.6899],"pipPosition":[-3.73148,183.73,43.2557],"stabilizedTipPosition":[-11.3685,204.276,6.50153],"timeVisible":36.908,"tipPosition":[-13.4373,202.46,7.85886],"tipVelocity":[-2.01035,3.02743,-1.28849],"tool":false,"touchDistance":-0.256677,"touchZone":"touching","type":0,"width":16.6432},{"bases":[[[0.945146,-0.30204,-0.124383],[0.307344,0.693329,0.651793],[-0.110629,-0.654268,0.748127]],[[0.926066,-0.375522,-0.0372211],[0.328837,0.754663,0.567758],[-0.185116,-0.538021,0.822353]],[[0.926066,-0.375522,-0.0372211],[0.36726,0.874209,0.317615],[-0.0867324,-0.307802,0.947489]],[[0.926066,-0.375522,-0.0372211],[0.377268,0.92352,0.0691297],[0.00841473,-0.078061,0.996913]]],"btipPosition":[38.5701,242.222,-22.9103],"carpPosition":[23.7024,175.587,84.2355],"dipPosition":[38.6848,241.158,-9.32313],"direction":[0.0867324,0.307802,-0.947489],"extended":true,"handId":165,"id":1651,"length":46.9111,"mcpPosition":[30.6683,216.784,37.1285],"pipPosition":[37.0125,235.223,8.94528],"stabilizedTipPosition":[39.0331,242.432,-19.3099],"timeVisible":36.908,"tipPosition":[38.8388,243.169,-18.5632],"tipVelocity":[-0.644638,4.23413,-1.43013],"tool":false,"touchDistance":0.316239,"touchZone":"hovering","type":1,"width":15.8976},{"bases":[[[0.855174,-0.501397,-0.131445],[0.460204,0.617752,0.637648],[-0.238515,-0.605792,0.75903]],[[0.867938,-0.464169,-0.176723],[0.262054,0.730228,-0.630947],[0.421914,0.501312,0.75543]],[[0.867938,-0.464169,-0.176723],[-0.387138,-0.409352,-0.826169],[0.31114,0.78548,-0.534989]],[[0.867938,-0.464169,-0.176723],[-0.496443,-0.799937,-0.337114],[0.0151107,0.380327,-0.924729]]],"btipPosition":[24.7949,167.158,35.139],"carpPosition":[34.0594,173.778,83.5112],"dipPosition":[25.0214,172.859,21.2768],"direction":[-0.31114,-0.78548,0.534989],"extended":false,"handId":165,"id":1652,"length":53.4514,"mcpPosition":[48.3018,209.952,38.1873],"pipPosition":[32.0793,190.677,9.1412],"stabilizedTipPosition":[26.7605,169.542,31.9021],"timeVisible":36.908,"tipPosition":[24.7915,169.642,30.5765],"tipVelocity":[-1.26833,1.53476,0.540098],"tool":false,"touchDistance":0.333333,"touchZone":"none","type":2,"width":15.6135},{"bases":[[[0.773612,-0.630212,-0.0660069],[0.512289,0.560724,0.650499],[-0.372941,-0.537048,0.756634]],[[0.794583,-0.596874,-0.111259],[0.39743,0.649842,-0.647884],[0.459006,0.47058,0.75357]],[[0.794583,-0.596874,-0.111259],[-0.39319,-0.366224,-0.843375],[0.462643,0.713878,-0.52568]],[[0.794583,-0.596874,-0.111259],[-0.591804,-0.720432,-0.361589],[0.135669,0.353156,-0.925675]]],"btipPosition":[34.9181,160.415,40.0845],"carpPosition":[43.5291,169.434,82.0943],"dipPosition":[36.9402,165.679,26.2879],"direction":[-0.462643,-0.713878,0.52568],"extended":false,"handId":165,"id":1653,"length":51.395,"mcpPosition":[63.5232,198.226,41.5295],"pipPosition":[47.1637,181.454,14.6714],"stabilizedTipPosition":[36.8997,161.868,36.421],"timeVisible":36.908,"tipPosition":[36.1565,162.977,35.4533],"tipVelocity":[-1.4211,1.69211,-0.212957],"tool":false,"touchDistance":0.333333,"touchZone":"none","type":3,"width":14.8573},{"bases":[[[0.629898,-0.772061,-0.0845589],[0.591403,0.406213,0.696588],[-0.503459,-0.488788,0.712471]],[[0.639423,-0.76256,-0.0981849],[0.564164,0.552109,-0.613917],[0.522357,0.33716,0.783241]],[[0.639423,-0.76256,-0.0981849],[-0.396313,-0.217466,-0.891989],[0.658844,0.60927,-0.441265]],[[0.639423,-0.76256,-0.0981849],[-0.710327,-0.537039,-0.455],[0.294236,0.360681,-0.885062]]],"btipPosition":[46.2048,160.263,40.0267],"carpPosition":[50.2779,159.981,78.4235],"dipPosition":[50.2505,165.223,27.8572],"direction":[-0.658844,-0.60927,0.441265],"extended":false,"handId":165,"id":1654,"length":40.2927,"mcpPosition":[75.2637,184.238,43.0648],"pipPosition":[60.5299,174.728,20.9725],"stabilizedTipPosition":[47.8921,161.82,36.7595],"timeVisible":36.908,"tipPosition":[47.5719,162.355,36.6234],"tipVelocity":[-3.01541,3.24312,-0.501601],"tool":false,"touchDistance":0.333333,"touchZone":"none","type":4,"width":13.1974}],"r":[[0.961159,0.233794,-0.146677],[-0.241812,0.969531,-0.0391941],[0.133045,0.0731401,0.988408]],"s":1.25693,"t":[-66.5163,86.1825,-14.5634],"timestamp":1132445330422},{"currentFrameRate":113.653,"devices":[],"gestures":[],"hands":[{"armBasis":[[0.881182,-0.165064,-0.443027],[0.382196,0.800293,0.462014],[0.27829,-0.576442,0.76829]],"armWidth":53.0314,"confidence":1,"direction":[0.311465,0.688386,-0.655068],"elbow":[99.4434,13.9697,273.731],"grabAngle":2.76593,"grabStrength":0,"id":165,"palmNormal":[-0.28792,-0.58859,-0.755423],"palmPosition":[42.8787,191.861,49.4005],"palmVelocity":[0.0218473,-2.85125,-3.67218],"palmWidth":77.8763,"pinchDistance":62.0526,"pinchStrength":0,"r":[[0.961153,0.233748,-0.146786],[-0.241798,0.969527,-0.0393761],[0.133109,0.073339,0.988384]],"s":1.25709,"sphereCenter":[39.7356,182.613,12.3807],"sphereRadius":41.272,"stabilizedPalmPosition":[43.7091,192.156,48.9858],"t":[-66.5211,86.1762,-14.5879],"timeVisible":36.9166,"type":"right","wrist":[35.1343,147.178,96.1892]}],"id":135329,"interactionBox":{"center":[0,200,0],"size":[235.247,235.247,147.751]},"pointables":[{"bases":[[[0.682707,0.490203,0.54186],[-0.721605,0.335721,0.605457],[0.114883,-0.804359,0.582932]],[[0.575902,0.776455,0.255842],[-0.753748,0.383133,0.533922],[0.316545,-0.500327,0.805898]],[[0.575902,0.776455,0.255842],[-0.785928,0.439682,0.434738],[0.225065,-0.45144,0.863451]],[[0.575902,0.776455,0.255842],[-0.80176,0.475281,0.362337],[0.159741,-0.413795,0.896246]]],"btipPosition":[-12.8406,203.721,3.02366],"carpPosition":[9.78694,162.342,77.6709],"dipPosition":[-9.85831,195.996,19.7558],"direction":[-0.225065,0.45144,-0.863451],"extended":true,"handId":165,"id":1650,"length":41.5735,"mcpPosition":[9.78694,162.342,77.6709],"pipPosition":[-3.73693,183.718,43.2402],"stabilizedTipPosition":[-11.3736,204.261,6.50394],"timeVisible":36.9166,"tipPosition":[-13.4465,202.447,7.8433],"tipVelocity":[-1.98978,-1.19192,-1.37459],"tool":false,"touchDistance":-0.256874,"touchZone":"touching","type":0,"width":16.6432},{"bases":[[[0.945029,-0.302296,-0.124651],[0.307726,0.693301,0.651642],[-0.110568,-0.654179,0.748214]],[[0.925981,-0.375697,-0.0375625],[0.32922,0.754689,0.567502],[-0.184861,-0.537863,0.822514]],[[0.925981,-0.375697,-0.0375625],[0.367522,0.874069,0.317697],[-0.0865256,-0.307986,0.947448]],[[0.925981,-0.375697,-0.0375625],[0.377475,0.923392,0.0697179],[0.00849214,-0.0787363,0.996859]]],"btipPosition":[38.5592,242.207,-22.9442],"carpPosition":[23.7091,175.571,84.2111],"dipPosition":[38.6749,241.133,-9.35767],"direction":[0.0865256,0.307986,-0.947448],"extended":true,"handId":165,"id":1651,"length":46.9111,"mcpPosition":[30.6712,216.762,37.0986],"pipPosition":[37.0066,235.195,8.90995],"stabilizedTipPosition":[39.032,242.431,-19.3112],"timeVisible":36.9166,"tipPosition":[38.8311,243.139,-18.5986],"tipVelocity":[-1.24136,-1.99077,-3.9509],"tool":false,"touchDistance":0.315672,"touchZone":"hovering","type":1,"width":15.8976},{"bases":[[[0.855003,-0.501631,-0.131669],[0.460562,0.617683,0.637456],[-0.238438,-0.605669,0.759153]],[[0.867762,-0.46441,-0.176954],[0.261785,0.729795,-0.63156],[0.422443,0.50172,0.754863]],[[0.867762,-0.46441,-0.176954],[-0.387678,-0.409766,-0.825711],[0.310958,0.785121,-0.53562]],[[0.867762,-0.46441,-0.176954],[-0.496765,-0.800063,-0.336339],[0.0146251,0.379767,-0.924967]]],"btipPosition":[24.7874,167.132,35.1439],"carpPosition":[34.0654,173.759,83.4838],"dipPosition":[25.0066,172.824,21.2782],"direction":[-0.310958,-0.785121,0.53562],"extended":false,"handId":165,"id":1652,"length":53.4514,"mcpPosition":[48.3032,209.925,38.1526],"pipPosition":[32.0604,190.634,9.12828],"stabilizedTipPosition":[26.757,169.54,31.9022],"timeVisible":36.9166,"tipPosition":[24.7802,169.619,30.555],"tipVelocity":[-1.06508,-3.25092,0.481019],"tool":false,"touchDistance":0.333333,"touchZone":"none","type":2,"width":15.6135},{"bases":[[[0.773427,-0.630419,-0.0661953],[0.512636,0.560643,0.650295],[-0.372847,-0.53689,0.756792]],[[0.794393,-0.597091,-0.111456],[0.397195,0.649477,-0.648395],[0.459539,0.470811,0.753101]],[[0.794393,-0.597091,-0.111456],[-0.393739,-0.366485,-0.843006],[0.462504,0.713563,-0.526231]],[[0.794393,-0.597091,-0.111456],[-0.592172,-0.720485,-0.360881],[0.135176,0.352682,-0.925928]]],"btipPosition":[34.909,160.39,40.0786],"carpPosition":[43.5335,169.412,82.0643],"dipPosition":[36.9237,165.647,26.2783],"direction":[-0.462504,-0.713563,0.526231],"extended":false,"handId":165,"id":1653,"length":51.395,"mcpPosition":[63.5226,198.195,41.491],"pipPosition":[47.1441,181.415,14.6496],"stabilizedTipPosition":[36.8966,161.867,36.422],"timeVisible":36.9166,"tipPosition":[36.1437,162.952,35.4281],"tipVelocity":[-1.26104,-3.06558,-0.779767],"tool":false,"touchDistance":0.333333,"touchZone":"none","type":3,"width":14.8573},{"bases":[[[0.629671,-0.772232,-0.0846915],[0.591724,0.406115,0.696372],[-0.503366,-0.488599,0.712666]],[[0.638657,-0.763283,-0.0975459],[0.56458,0.55094,-0.614585],[0.522844,0.337437,0.782796]],[[0.638657,-0.763283,-0.0975459],[-0.396697,-0.217969,-0.891696],[0.659354,0.608184,-0.442]],[[0.638657,-0.763283,-0.0975459],[-0.710944,-0.536804,-0.454312],[0.294406,0.3595,-0.885486]]],"btipPosition":[46.177,160.255,40.0156],"carpPosition":[50.2787,159.957,78.3922],"dipPosition":[50.225,165.198,27.8402],"direction":[-0.659354,-0.608184,0.442],"extended":false,"handId":165,"id":1654,"length":40.2927,"mcpPosition":[75.2599,184.205,43.0238],"pipPosition":[60.5124,174.687,20.9441],"stabilizedTipPosition":[47.8898,161.819,36.7608],"timeVisible":36.9166,"tipPosition":[47.5596,162.326,36.5939],"tipVelocity":[-3.1719,-1.37679,-1.4528],"tool":false,"touchDistance":0.333333,"touchZone":"none","type":4,"width":13.1974}],"r":[[0.961153,0.233748,-0.146786],[-0.241798,0.969527,-0.0393761],[0.133109,0.073339,0.988384]],"s":1.25709,"t":[-66.5211,86.1762,-14.5879],"timestamp":1132445339022},{"