{"frames":94,"data":[{"currentFrameRate":107.992,"devices":[],"gestures":[],"hands":[{"armBasis":[[-0.705965,0.516863,0.484218],[0.705347,0.451282,0.546653],[-0.0640256,-0.727459,0.683157]],"armWidth":61.1384,"confidence":1,"direction":[0.497938,0.658198,-0.564654],"elbow":[89.1966,-32.0198,262.092],"grabAngle":1.2725,"grabStrength":0.041965,"id":204,"palmNormal":[-0.570136,-0.24216,-0.78505],"palmPosition":[139.057,194.872,41.54],"palmVelocity":[-301.621,15.1421,-99.3168],"palmWidth":85.7185,"pinchDistance":14.4729,"pinchStrength":1,"r":[[-0.353798,-0.00465245,-0.93531],[0.832347,0.454575,-0.317112],[0.426644,-0.890696,-0.156956]],"s":0.74869,"sphereCenter":[110.912,186.091,-14.9728],"sphereRadius":57.1295,"stabilizedPalmPosition":[147.986,195.407,44.1429],"t":[-31.4012,21.9184,-6.15522],"timeVisible":13.8406,"type":"left","wrist":[105.482,153.015,88.3263]}],"id":283810,"interactionBox":{"center":[0,200,0],"size":[235.247,235.247,147.751]},"pointables":[{"bases":[[[-0.727275,0.6737,0.131143],[0.537406,0.440108,0.719374],[-0.426925,-0.59366,0.682131]],[[-0.701346,0.706931,0.0914433],[0.706955,0.673405,0.216195],[-0.0912567,-0.216274,0.972059]],[[-0.701346,0.706931,0.0914433],[0.678454,0.70137,-0.218588],[0.218662,0.091266,0.971523]],[[-0.701346,0.706931,0.0914433],[0.594413,0.650817,-0.472345],[0.393428,0.276923,0.876657]]],"btipPosition":[146.024,211.967,-58.0693],"carpPosition":[126.951,170.387,75.4878],"dipPosition":[153.236,217.043,-41.9993],"direction":[-0.218662,-0.091266,-0.971523],"extended":true,"handId":204,"id":2042,"length":65.3629,"mcpPosition":[155.011,209.406,30.6541],"pipPosition":[159.302,219.575,-15.0503],"stabilizedTipPosition":[151.49,213.406,-53.2912],"timeVisible":13.8406,"tipPosition":[145.359,212.978,-54.076],"tipVelocity":[-380.529,-16.3417,-110.695],"tool":false,"touchDistance":0.301595,"touchZone":"hovering","type":2,"width":18.3728},{"bases":[[[-0.820603,0.543889,0.17549],[0.470189,0.467968,0.748284],[-0.324859,-0.696557,0.639746]],[[-0.763209,0.64137,0.0784622],[0.611143,0.677088,0.409948],[-0.209803,-0.360827,0.908728]],[[-0.763209,0.64137,0.0784622],[0.643569,0.743685,0.180976],[-0.0577217,-0.188618,0.980353]],[[-0.763209,0.64137,0.0784622],[0.64434,0.764524,0.0181312],[0.0483574,-0.0643942,0.996752]]],"btipPosition":[148.354,242.079,-44.9347],"carpPosition":[119.361,178.978,77.0811],"dipPosition":[149.235,240.906,-26.7682],"direction":[0.0577217,0.188618,-0.980353],"extended":true,"handId":204,"id":2043,"length":62.8481,"mcpPosition":[138.531,220.082,39.3291],"pipPosition":[147.675,235.809,-0.276632],"stabilizedTipPosition":[154.721,241.963,-39.0056],"timeVisible":13.8406,"tipPosition":[146.194,240.034,-41.3925],"tipVelocity":[-358.789,15.5256,-107.722],"tool":false,"touchDistance":0.300202,"touchZone":"hovering","type":3,"width":17.4829},{"bases":[[[-0.919019,0.374766,0.122288],[0.306272,0.483475,0.82003],[-0.248196,-0.791077,0.559103]],[[-0.854274,0.519669,0.0126736],[0.5037,0.821505,0.267238],[-0.128464,-0.234678,0.963547]],[[-0.854274,0.519669,0.0126736],[0.519784,0.853657,0.0330776],[-0.00637046,-0.0348449,0.999372]],[[-0.854274,0.519669,0.0126736],[0.519784,0.853657,0.0330776],[-0.00637046,-0.0348449,0.999372]]],"btipPosition":[125.151,236.361,-23.9975],"carpPosition":[106.934,183.803,75.649],"dipPosition":[125.044,235.775,-7.19407],"direction":[0.00637046,0.0348449,-0.999372],"extended":true,"handId":204,"id":2044,"length":49.2718,"mcpPosition":[120.491,227.016,45.1076],"pipPosition":[124.922,235.11,11.873],"stabilizedTipPosition":[129.151,236.9,-19.0743],"timeVisible":13.8406,"tipPosition":[124.674,235.182,-19.3854],"tipVelocity":[-382.751,-41.1566,-105.103],"tool":false,"touchDistance":0.295739,"touchZone":"hovering","type":4,"width":15.5297},{"bases":[[[0.34416,0.631873,0.694471],[0.586542,-0.722259,0.366483],[-0.733159,-0.281207,0.619193]],[[0.55991,0.68855,0.460869],[0.762721,-0.645614,0.0379327],[-0.323662,-0.330276,0.886657]],[[0.55991,0.68855,0.460869],[0.824643,-0.51708,-0.229329],[-0.0804015,-0.508456,0.857326]],[[0.55991,0.68855,0.460869],[0.804866,-0.319946,-0.499825],[0.196701,-0.650795,0.733331]]],"btipPosition":[134.901,191.063,-24.6695],"carpPosition":[121.497,143.763,62.2817],"dipPosition":[139.392,176.205,-7.92792],"direction":[0.0804015,0.508456,-0.857326],"extended":false,"handId":204,"id":2040,"length":50.838,"mcpPosition":[121.497,143.763,62.2817],"pipPosition":[136.717,159.294,20.5861],"stabilizedTipPosition":[143.569,188.702,-18.9428],"timeVisible":13.8406,"tipPosition":[132.319,188.277,-20.7893],"tipVelocity":[-317.477,-15.9926,-87.8038],"tool":false,"touchDistance":0.290941,"touchZone":"hovering","type":0,"width":19.5844},{"bases":[[[-0.560573,0.813228,0.15626],[0.652919,0.317978,0.687449],[-0.509366,-0.487391,0.709222]],[[-0.555143,0.818349,0.148733],[0.811993,0.571966,-0.116286],[0.180233,-0.0562146,0.982016]],[[-0.555143,0.818349,0.148733],[0.501338,0.471902,-0.725237],[0.663685,0.328045,0.672242]],[[-0.555143,0.818349,0.148733],[0.173108,0.288578,-0.941677],[0.813542,0.497018,0.301865]]],"btipPosition":[130.596,180.392,-38.2042],"carpPosition":[132.054,160.275,72.9858],"dipPosition":[144.155,188.676,-33.1732],"direction":[-0.663685,-0.328045,-0.672242],"extended":false,"handId":204,"id":2041,"length":57.365,"mcpPosition":[167.357,194.055,23.8315],"pipPosition":[159.803,196.41,-17.3234],"stabilizedTipPosition":[145.449,181.987,-31.6829],"timeVisible":13.8406,"tipPosition":[131.199,180.451,-34.437],"tipVelocity":[-323.179,44.702,-179.8],"tool":false,"touchDistance":0.235384,"touchZone":"hovering","type":1,"width":18.7071}],"r":[[-0.353798,-0.00465245,-0.93531],[0.832347,0.454575,-0.317112],[0.426644,-0.890696,-0.156956]],"s":0.74869,"t":[-31.4012,21.9184,-6.15522],"timestamp":1134228223661},{"currentFrameRate":108.391,"devices":[],"gestures":[],"hands":[{"armBasis":[[-0.69816,0.519664,0.492465],[0.713763,0.451588,0.535361],[-0.0558169,-0.725271,0.686198]],"armWidth":61.1384,"confidence":1,"direction":[0.493817,0.656538,-0.570178],"elbow":[88.4961,-31.2038,262.321],"grabAngle":1.26487,"grabStrength":0.028824,"id":204,"palmNormal":[-0.57933,-0.240592,-0.778776],"palmPosition":[135.859,195.004,40.5963],"palmVelocity":[-375.985,15.4953,-110.96],"palmWidth":85.7185,"pinchDistance":14.9954,"pinchStrength":1,"r":[[-0.362269,-0.00542987,-0.932058],[0.830015,0.45309,-0.325247],[0.424072,-0.891448,-0.159633]],"s":0.745503,"sphereCenter":[106.323,186.667,-15.783],"sphereRadius":57.6526,"stabilizedPalmPosition":[144.34,195.286,43.0767],"t":[-34.1732,22.0192,-7.03215],"timeVisible":13.8491,"type":"left","wrist":[102.694,153.274,87.7818]}],"id":283811,"interactionBox":{"center":[0,200,0],"size":[235.247,235.247,147.751]},"pointables":[{"bases":[[[-0.723747,0.675958,0.138821],[0.546499,0.438624,0.713406],[-0.421342,-0.592191,0.686863]],[[-0.697336,0.710065,0.0976191],[0.711611,0.66962,0.212649],[-0.0856267,-0.217754,0.97224]],[[-0.697336,0.710065,0.0976191],[0.681217,0.698944,-0.217763],[0.222856,0.085354,0.971108]],[[-0.697336,0.710065,0.0976191],[0.590874,0.646609,-0.482457],[0.405697,0.278754,0.870463]]],"btipPosition":[142.146,212.247,-59.0722],"carpPosition":[124.046,170.564,74.6794],"dipPosition":[149.583,217.357,-43.1157],"direction":[-0.222856,-0.085354,-0.971108],"extended":true,"handId":204,"id":2042,"length":65.3629,"mcpPosition":[151.739,209.486,29.5347],"pipPosition":[155.765,219.725,-16.1782],"stabilizedTipPosition":[146.752,213.416,-54.6015],"timeVisible":13.8491,"tipPosition":[141.254,213.078,-55.0954],"tipVelocity":[-449.871,33.8667,-120.986],"tool":false,"touchDistance":0.300804,"touchZone":"hovering","type":2,"width":18.3728},{"bases":[[[-0.816987,0.546443,0.184209],[0.479684,0.466696,0.743033],[-0.320055,-0.69541,0.643404]],[[-0.760517,0.64349,0.086798],[0.615887,0.672547,0.410322],[-0.205663,-0.365515,0.907801]],[[-0.760517,0.64349,0.086798],[0.646915,0.739415,0.186455],[-0.0558024,-0.197953,0.978622]],[[-0.760517,0.64349,0.086798],[0.646195,0.763161,0.00410449],[0.0635996,-0.05921,0.996217]]],"btipPosition":[144.699,242.574,-45.7823],"carpPosition":[116.5,179.178,76.3524],"dipPosition":[145.858,241.495,-27.6256],"direction":[0.0558024,0.197953,-0.978622],"extended":true,"handId":204,"id":2043,"length":62.8481,"mcpPosition":[135.387,220.215,38.3845],"pipPosition":[144.35,236.146,-1.18076],"stabilizedTipPosition":[150.184,242.132,-40.2152],"timeVisible":13.8491,"tipPosition":[142.341,240.208,-42.3895],"tipVelocity":[-422.175,60.7374,-99.9233],"tool":false,"touchDistance":0.300919,"touchZone":"hovering","type":3,"width":17.4829},{"bases":[[[-0.916491,0.37761,0.132118],[0.3166,0.482723,0.816543],[-0.244559,-0.790183,0.561962]],[[-0.852252,0.522691,0.0214418],[0.509455,0.819964,0.260988],[-0.118835,-0.233352,0.965104]],[[-0.852252,0.522691,0.0214418],[0.523115,0.851826,0.0272642],[0.00401386,-0.0344525,0.999398]],[[-0.852252,0.522691,0.0214418],[0.523115,0.851826,0.0272642],[0.00401386,-0.0344525,0.999398]]],"btipPosition":[121.387,236.49,-24.8038],"carpPosition":[104.073,184.041,75.0536],"dipPosition":[121.454,235.911,-7.99992],"direction":[-0.00401386,0.0344525,-0.999398],"extended":true,"handId":204,"id":2044,"length":49.2718,"mcpPosition":[117.432,227.205,44.3559],"pipPosition":[121.531,235.254,11.0676],"stabilizedTipPosition":[124.475,236.572,-20.1996],"timeVisible":13.8491,"tipPosition":[120.942,235.346,-20.1823],"tipVelocity":[-437.886,15.409,-94.7901],"tool":false,"touchDistance":0.299029,"touchZone":"hovering","type":4,"width":15.5297},{"bases":[[[0.353583,0.630975,0.690543],[0.588255,-0.72397,0.360311],[-0.727279,-0.278815,0.627158]],[[0.565582,0.686782,0.45656],[0.759583,-0.649418,0.0359255],[-0.321171,-0.326476,0.888967]],[[0.565582,0.686782,0.45656],[0.821083,-0.520677,-0.233919],[-0.0770688,-0.507174,0.858391]],[[0.565582,0.686782,0.45656],[0.800886,-0.325349,-0.502723],[0.19672,-0.649984,0.734045]]],"btipPosition":[131.544,191.013,-25.5715],"carpPosition":[118.368,143.954,61.5401],"dipPosition":[136.035,176.175,-8.81358],"direction":[0.0770688,0.507174,-0.858391],"extended":false,"handId":204,"id":2040,"length":50.838,"mcpPosition":[118.368,143.954,61.5401],"pipPosition":[133.471,159.306,19.7359],"stabilizedTipPosition":[139.502,188.294,-19.9694],"timeVisible":13.8491,"tipPosition":[128.577,188.386,-21.6571],"tipVelocity":[-394.74,-5.28222,-105.61],"tool":false,"touchDistance":0.292054,"touchZone":"hovering","type":0,"width":19.5844},{"bases":[[[-0.556357,0.814979,0.162097],[0.661285,0.316133,0.680266],[-0.503159,-0.485663,0.714816]],[[-0.55078,0.820281,0.154212],[0.813771,0.568824,-0.119229],[0.185521,-0.059824,0.980818]],[[-0.55078,0.820281,0.154212],[0.510846,0.477413,-0.714922],[0.660059,0.314986,0.681986]],[[-0.55078,0.820281,0.154212],[0.197629,0.307677,-0.93074],[0.810916,0.482156,0.331574]]],"btipPosition":[127.11,181.14,-40.1273],"carpPosition":[129.09,160.436,72.1251],"dipPosition":[140.626,189.176,-34.6012],"direction":[-0.660059,-0.314986,-0.681986],"extended":false,"handId":204,"id":2041,"length":57.365,"mcpPosition":[163.963,194.096,22.5831],"pipPosition":[156.188,196.603,-18.5216],"stabilizedTipPosition":[142.241,182.198,-33.1939],"timeVisible":13.8491,"tipPosition":[127.369,180.771,-35.5575],"tipVelocity":[-411.047,81.226,-212.723],"tool":false,"touchDistance":0.238663,"touchZone":"hovering","type":1,"width":18.7071}],"r":[[-0.362269,-0.00542987,-0.932058],[0.830015,0.45309,-0.325247],[0.424072,-0.891448,-0.159633]],"s":0.745503,"t":[-34.1732,22.0192,-7.03215],"timestamp":1134228232166},{"currentFrameRate":108.668,"devices":[],"gestures":[],"hands":[{"armBasis":[[-0.68887,0.523333,0.501578],[0.72337,0.451585,0.522309],[-0.0468366,-0.72263,0.689647]],"armWidth":61.1384,"confidence":1,"direction":[0.487989,0.655393,-0.576477],"elbow":[87.5147,-30.2279,262.442],"grabAngle":1.24914,"grabStrength":0.00920901,"id":204,"palmNormal":[-0.590496,-0.238493,-0.770997],"palmPosition":[132.057,195.21,39.3804],"palmVelocity":[-436.734,23.6667,-139.682],"palmWidth":85.7185,"pinchDistance":15.5103,"pinchStrength":1,"r":[[-0.371538,-0.00573179,-0.9284],[0.82746,0.451444,-0.333929],[0.421035,-0.892281,-0.162986]],"s":0.745338,"sphereCenter":[101.07,187.182,-16.9488],"sphereRadius":58.394,"stabilizedPalmPosition":[139.225,195.254,41.5373],"t":[-37.4602,22.1727,-8.07858],"timeVisible":13.8578,"type":"left","wrist":[99.4279,153.578,87.0252]}],"id":283812,"interactionBox":{"center":[0,200,0],"size":[235.247,235.247,147.751]},"pointables":[{"bases":[[[-0.719827,0.677993,0.148912],[0.557364,0.436654,0.706172],[-0.413756,-0.591319,0.692204]],[[-0.692922,0.713192,0.105911],[0.716673,0.665187,0.209539],[-0.0789912,-0.221098,0.972047]],[[-0.692922,0.713192,0.105911],[0.684347,0.696797,-0.214809],[0.226999,0.0763663,0.970896]],[[-0.692922,0.713192,0.105911],[0.587093,0.643369,-0.491323],[0.418547,0.278269,0.864514]]],"btipPosition":[137.574,212.828,-60.3706],"carpPosition":[120.634,170.787,73.6081],"dipPosition":[145.246,217.929,-44.5231],"direction":[-0.226999,-0.0763663,-0.970896],"extended":true,"handId":204,"id":2042,"length":65.3629,"mcpPosition":[147.829,209.652,28.1123],"pipPosition":[151.543,220.047,-17.5916],"stabilizedTipPosition":[140.973,213.872,-56.2573],"timeVisible":13.8578,"tipPosition":[136.337,213.346,-56.3811],"tipVelocity":[-519.083,66.489,-152.04],"tool":false,"touchDistance":0.300622,"touchZone":"hovering","type":2,"width":18.3728},{"bases":[[[-0.812824,0.548727,0.195491],[0.491038,0.464906,0.736712],[-0.313369,-0.694811,0.647332]],[[-0.757216,0.645907,0.0971015],[0.621126,0.666082,0.412961],[-0.202057,-0.373013,0.905557]],[[-0.757216,0.645907,0.0971015],[0.650499,0.732327,0.201366],[-0.0589534,-0.215642,0.974691]],[[-0.757216,0.645907,0.0971015],[0.648853,0.760912,-0.00160813],[0.0749244,-0.0617869,0.995273]]],"btipPosition":[140.663,243.634,-46.7583],"carpPosition":[113.137,179.422,75.387],"dipPosition":[142.028,242.508,-28.6187],"direction":[0.0589534,0.215642,-0.974691],"extended":true,"handId":204,"id":2043,"length":62.8481,"mcpPosition":[131.629,220.424,37.1874],"pipPosition":[140.435,236.681,-2.28013],"stabilizedTipPosition":[144.744,242.867,-41.616],"timeVisible":13.8578,"tipPosition":[137.8,240.653,-43.5849],"tipVelocity":[-458.22,120.551,-112.568],"tool":false,"touchDistance":0.302148,"touchZone":"hovering","type":3,"width":17.4829},{"bases":[[[-0.913515,0.380212,0.144668],[0.329009,0.481369,0.812426],[-0.239256,-0.789761,0.564831]],[[-0.849682,0.526308,0.0322546],[0.515495,0.816244,0.26079],[-0.110928,-0.238215,0.964857]],[[-0.849682,0.526308,0.0322546],[0.527197,0.849114,0.0327],[0.0101775,-0.0447891,0.998945]],[[-0.849682,0.526308,0.0322546],[0.527197,0.849114,0.0327],[0.0101775,-0.0447891,0.998945]]],"btipPosition":[117.238,237.287,-25.7308],"carpPosition":[100.707,184.321,74.2585],"dipPosition":[117.409,236.534,-8.93453],"direction":[-0.0101775,0.0447891,-0.998945],"extended":true,"handId":204,"id":2044,"length":49.2718,"mcpPosition":[113.777,227.463,43.4041],"pipPosition":[117.603,235.679,10.1244],"stabilizedTipPosition":[119.166,236.972,-21.4298],"timeVisible":13.8578,"tipPosition":[116.472,235.686,-21.199],"tipVelocity":[-473.89,86.8989,-106.689],"tool":false,"touchDistance":0.301962,"touchZone":"hovering","type":4,"width":15.5297},{"bases":[[[0.36472,0.629579,0.68601],[0.590948,-0.725871,0.351981],[-0.719555,-0.277021,0.636789]],[[0.572225,0.684723,0.451347],[0.756558,-0.653158,0.0317076],[-0.316512,-0.323326,0.891785]],[[0.572225,0.684723,0.451347],[0.81693,-0.524239,-0.240412],[-0.0719977,-0.506289,0.859353]],[[0.572225,0.684723,0.451347],[0.79578,-0.330573,-0.507402],[0.198227,-0.64952,0.73405]]],"btipPosition":[127.455,191.072,-26.7425],"carpPosition":[114.702,144.2,60.5338],"dipPosition":[131.98,176.243,-9.98445],"direction":[0.0719976,0.506289,-0.859353],"extended":false,"handId":204,"id":2040,"length":50.838,"mcpPosition":[114.702,144.2,60.5338],"pipPosition":[129.586,159.404,18.597],"stabilizedTipPosition":[133.941,187.974,-21.444],"timeVisible":13.8578,"tipPosition":[124.095,188.607,-22.7767],"tipVelocity":[-468.785,6.95347,-134.516],"tool":false,"touchDistance":0.293763,"touchZone":"hovering","type":0,"width":19.5844},{"bases":[[[-0.551732,0.816514,0.169992],[0.671334,0.313846,0.671425],[-0.494877,-0.484568,0.721312]],[[-0.545431,0.822575,0.160858],[0.815581,0.565116,-0.124381],[0.193216,-0.0633511,0.979109]],[[-0.545431,0.822575,0.160858],[0.517928,0.481668,-0.706927],[0.658981,0.302267,0.688752]],[[-0.545431,0.822575,0.160858],[0.22678,0.329594,-0.916482],[0.806893,0.463398,0.366315]]],"btipPosition":[122.83,182.034,-42.3886],"carpPosition":[125.614,160.645,70.981],"dipPosition":[136.278,189.757,-36.2834],"direction":[-0.658981,-0.302267,-0.688752],"extended":false,"handId":204,"id":2041,"length":57.365,"mcpPosition":[159.913,194.229,20.9888],"pipPosition":[151.815,196.884,-20.0443],"stabilizedTipPosition":[137.318,182.684,-35.5444],"timeVisible":13.8578,"tipPosition":[122.768,181.26,-36.9996],"tipVelocity":[-493.489,94.4187,-244.464],"tool":false,"touchDistance":0.247306,"touchZone":"hovering","type":1,"width":18.7071}],"r":[[-0.371538,-0.00573179,-0.9284],[0.82746,0.451444,-0.333929],[0.421035,-0.892281,-0.162986]],"s":0.745338,"t":[-37.4602,22.1727,-8.07858],"timestamp":1134228240871},{"currentFrameRate":108.955,"devices":[],"gestures":[],"hands":[{"armBasis":[[-0.677796,0.528145,0.511523],[0.734325,0.451368,0.506985],[-0.0368769,-0.719256,0.693766]],"armWidth":61.1384,"confidence":1,"direction":[0.482942,0.654724,-0.581467],"elbow":[86.2044,-28.947,262.587],"grabAngle":1.22464,"grabStrength":0,"id":204,"palmNormal":[-0.601999,-0.233975,-0.763448],"palmPosition":[127.706,195.567,38.0771],"palmVelocity":[-502.294,41.2169,-150.452],"palmWidth":85.7185,"pinchDistance":16.0281,"pinchStrength":1,"r":[[-0.381456,-0.0051678,-0.924372],[0.824811,0.449573,-0.342884],[0.417345,-0.893228,-0.16723]],"s":0.748797,"sphereCenter":[95.2584,187.791,-18.4261],"sphereRadius":59.4427,"stabilizedPalmPosition":[132.78,195.429,39.6014],"t":[-41.2791,22.4279,-9.2534],"timeVisible":13.8664,"type":"left","wrist":[95.5843,154.001,86.1225]}],"id":283813,"interactionBox":{"center":[0,200,0],"size":[235.247,235.247,147.751]},"pointables":[{"bases":[[[-0.714754,0.680734,0.160401],[0.568853,0.432442,0.699571],[-0.406857,-0.591266,0.696327]],[[-0.687323,0.71709,0.115622],[0.72263,0.658991,0.208652],[-0.0734281,-0.226964,0.971131]],[[-0.687323,0.71709,0.115622],[0.688233,0.693839,-0.211951],[0.232211,0.0661038,0.970416]],[[-0.687323,0.71709,0.115622],[0.583355,0.639813,-0.500336],[0.432763,0.276444,0.858076]]],"btipPosition":[132.464,213.739,-61.678],"carpPosition":[116.645,171.107,72.3973],"dipPosition":[140.397,218.806,-45.9486],"direction":[-0.232211,-0.0661038,-0.970416],"extended":true,"handId":204,"id":2042,"length":65.3629,"mcpPosition":[143.386,209.969,26.6304],"pipPosition":[146.838,220.64,-19.0303],"stabilizedTipPosition":[135.453,214.725,-57.7462],"timeVisible":13.8664,"tipPosition":[130.9,213.965,-57.7036],"tipVelocity":[-582.987,104.258,-154.072],"tool":false,"touchDistance":0.304309,"touchZone":"hovering","type":2,"width":18.3728},{"bases":[[[-0.807671,0.551755,0.207927],[0.503074,0.460904,0.731084],[-0.307545,-0.695078,0.649833]],[[-0.75219,0.650075,0.107765],[0.627097,0.655968,0.420066],[-0.202384,-0.383548,0.901072]],[[-0.75219,0.650075,0.107765],[0.65575,0.722374,0.219474],[-0.0648279,-0.235753,0.969648]],[[-0.75219,0.650075,0.107765],[0.654078,0.756423,0.00241029],[0.0799491,-0.0722998,0.994173]]],"btipPosition":[136.474,245.193,-47.6414],"carpPosition":[109.21,179.771,74.2997],"dipPosition":[137.931,243.875,-29.5219],"direction":[0.0648279,0.235753,-0.969648],"extended":true,"handId":204,"id":2043,"length":62.8481,"mcpPosition":[127.359,220.788,35.9525],"pipPosition":[136.179,237.504,-3.31955],"stabilizedTipPosition":[139.002,244.33,-42.9604],"timeVisible":13.8664,"tipPosition":[132.91,241.534,-44.7202],"tipVelocity":[-481.173,174.817,-102.484],"tool":false,"touchDistance":0.305818,"touchZone":"hovering","type":3,"width":17.4829},{"bases":[[[-0.909783,0.383809,0.158067],[0.342167,0.47788,0.809044],[-0.234982,-0.79014,0.566094]],[[-0.846079,0.531234,0.0440447],[0.521322,0.80738,0.276335],[-0.111238,-0.256762,0.960052]],[[-0.846079,0.531234,0.0440447],[0.533025,0.844044,0.0589429],[0.00586316,-0.0733473,0.997289]],[[-0.846079,0.531234,0.0440447],[0.533025,0.844044,0.0589429],[0.00586316,-0.0733473,0.997289]]],"btipPosition":[113.25,239.377,-26.48],"carpPosition":[96.7879,184.727,73.3531],"dipPosition":[113.349,238.144,-9.71155],"direction":[-0.00586316,0.0733473,-0.997289],"extended":true,"handId":204,"id":2044,"length":49.2718,"mcpPosition":[109.624,227.889,42.4298],"pipPosition":[113.461,236.745,9.31578],"stabilizedTipPosition":[114.474,238.661,-22.3799],"timeVisible":13.8664,"tipPosition":[111.659,236.555,-22.2289],"tipVelocity":[-462.257,228.602,-87.23],"tool":false,"touchDistance":0.307318,"touchZone":"hovering","type":4,"width":15.5297},{"bases":[[[0.376799,0.626252,0.682518],[0.592513,-0.729319,0.342086],[-0.712005,-0.275503,0.645869]],[[0.579615,0.680886,0.447706],[0.752125,-0.65844,0.0276517],[-0.313615,-0.320703,0.893753]],[[0.579615,0.680886,0.447706],[0.812024,-0.528634,-0.24731],[-0.0682828,-0.506892,0.859301]],[[0.579615,0.680886,0.447706],[0.790334,-0.335851,-0.512422],[0.198539,-0.650845,0.732792]]],"btipPosition":[122.904,191.378,-27.9988],"carpPosition":[110.418,144.579,59.3395],"dipPosition":[127.437,176.52,-11.2695],"direction":[0.0682828,0.506892,-0.859301],"extended":false,"handId":204,"id":2040,"length":50.838,"mcpPosition":[110.418,144.579,59.3395],"pipPosition":[125.166,159.661,17.3102],"stabilizedTipPosition":[127.327,187.965,-23.2354],"timeVisible":13.8664,"tipPosition":[119.101,189.101,-23.9893],"tipVelocity":[-525.165,34.5834,-145.8],"tool":false,"touchDistance":0.297308,"touchZone":"hovering","type":0,"width":19.5844},{"bases":[[[-0.545782,0.818469,0.179526],[0.681799,0.309229,0.662968],[-0.487105,-0.484237,0.726803]],[[-0.538344,0.825708,0.1685],[0.819081,0.559705,-0.125846],[0.198223,-0.0702666,0.977635]],[[-0.538344,0.825708,0.1685],[0.525208,0.485102,-0.699166],[0.659046,0.287894,0.69482]],[[-0.538344,0.825708,0.1685],[0.263851,0.355042,-0.896844],[0.800355,0.438351,0.408998]]],"btipPosition":[118.119,183.363,-44.8655],"carpPosition":[121.544,160.95,69.6773],"dipPosition":[131.458,190.669,-38.0489],"direction":[-0.659046,-0.287894,-0.69482],"extended":false,"handId":204,"id":2041,"length":57.365,"mcpPosition":[155.304,194.512,19.3045],"pipPosition":[146.996,197.456,-21.6668],"stabilizedTipPosition":[130.685,183.654,-38.7324],"timeVisible":13.8664,"tipPosition":[117.657,182.133,-38.6535],"tipVelocity":[-546.804,142.311,-267.066],"tool":false,"touchDistance":0.258325,"touchZone":"hovering","type":1,"width":18.7071}],"r":[[-0.381456,-0.0051678,-0.924372],[0.824811,0.449573,-0.342884],[0.417345,-0.893228,-0.16723]],"s":0.748797,"t":[-41.2791,22.4279,-9.2534],"timestamp":1134228249533},{"currentFrameRate":109.2,"devices":[],"gestures":[],"hands":[{"armBasis":[[-0.671113,0.531492,0.51684],[0.740906,0.456589,0.492529],[-0.0257914,-0.713473,0.700208]],"armWidth":61.1384,"confidence":1,"direction":[0.476041,0.657645,-0.583856],"elbow":[84.5408,-27.3878,263.179],"grabAngle":1.18891,"grabStrength":0,"id":204,"palmNormal":[-0.609076,-0.232347,-0.758315],"palmPosition":[122.646,195.802,36.7678],"palmVelocity":[-580.388,27.0342,-150.193],"palmWidth":85.7185,"pinchDistance":16.2384,"pinchStrength":1,"r":[[-0.391169,-0.00418077,-0.920309],[0.821774,0.448619,-0.351325],[0.414337,-0.893714,-0.17205]],"s":0.756636,"sphereCenter":[89.1997,187.916,-20.1503],"sphereRadius":60.5815,"stabilizedPalmPosition":[125.116,195.711,37.4583],"t":[-45.7184,22.6733,-10.4955],"timeVisible":13.8752,"type":"left","wrist":[91.101,154.089,85.0759]}],"id":283814,"interactionBox":{"center":[0,200,0],"size":[235.247,235.247,147.751]},"pointables":[{"bases":[[[-0.714335,0.678879,0.169851],[0.574954,0.430979,0.695474],[-0.398941,-0.594458,0.698188]],[[-0.685716,0.717532,0.122238],[0.724402,0.656384,0.210717],[-0.0709608,-0.233042,0.969874]],[[-0.685716,0.717532,0.122238],[0.689881,0.694242,-0.205164],[0.232075,0.0563543,0.971064]],[[-0.685716,0.717532,0.122238],[0.58032,0.640316,-0.503213],[0.439343,0.274124,0.855473]]],"btipPosition":[127.032,214.642,-63.001],"carpPosition":[111.966,171.202,71.1077],"dipPosition":[135.086,219.667,-47.3192],"direction":[-0.232075,-0.0563543,-0.971064],"extended":true,"handId":204,"id":2042,"length":65.3629,"mcpPosition":[138.187,210.273,25.2187],"pipPosition":[141.523,221.23,-20.383],"stabilizedTipPosition":[129.998,215.616,-59.1149],"timeVisible":13.8752,"tipPosition":[125.045,214.602,-58.9926],"tipVelocity":[-619.837,102.454,-153.005],"tool":false,"touchDistance":0.308184,"touchZone":"hovering","type":2,"width":18.3728},{"bases":[[[-0.806553,0.549566,0.217829],[0.509438,0.459211,0.727734],[-0.299909,-0.697927,0.650348]],[[-0.751026,0.650088,0.115528],[0.627532,0.64836,0.431083],[-0.205338,-0.396252,0.894886]],[[-0.751026,0.650088,0.115528],[0.656303,0.715834,0.238428],[-0.0722999,-0.254887,0.964264]],[[-0.751026,0.650088,0.115528],[0.656284,0.754177,0.0225491],[0.0724697,-0.0927542,0.993048]]],"btipPosition":[131.816,246.878,-48.4218],"carpPosition":[104.536,179.845,73.1141],"dipPosition":[133.137,245.188,-30.3228],"direction":[0.0722999,0.254887,-0.964264],"extended":true,"handId":204,"id":2043,"length":62.8481,"mcpPosition":[122.233,221.03,34.7365],"pipPosition":[131.183,238.3,-4.26595],"stabilizedTipPosition":[133.863,245.943,-43.93],"timeVisible":13.8752,"tipPosition":[127.477,242.519,-45.7452],"tipVelocity":[-537.901,183.545,-90.0564],"tool":false,"touchDistance":0.311457,"touchZone":"hovering","type":3,"width":17.4829},{"bases":[[[-0.908856,0.381615,0.168379],[0.349277,0.475622,0.807334],[-0.228006,-0.792561,0.565562]],[[-0.845442,0.531465,0.0526634],[0.52072,0.798386,0.302376],[-0.118657,-0.283064,0.951733]],[[-0.845442,0.531465,0.0526634],[0.533907,0.838645,0.107787],[-0.0131191,-0.119245,0.992778]],[[-0.845442,0.531465,0.0526634],[0.533907,0.838645,0.107787],[-0.0131191,-0.119245,0.992778]]],"btipPosition":[109.115,242.12,-27.0477],"carpPosition":[92.096,184.782,72.3075],"dipPosition":[108.894,240.115,-10.3551],"direction":[0.0131191,0.119245,-0.992778],"extended":true,"handId":204,"id":2044,"length":49.2718,"mcpPosition":[104.551,228.076,41.4132],"pipPosition":[108.644,237.84,8.58616],"stabilizedTipPosition":[110.065,241.104,-23.0551],"timeVisible":13.8752,"tipPosition":[106.401,237.674,-23.2277],"tipVelocity":[-482.798,294.184,-67.1198],"tool":false,"touchDistance":0.314068,"touchZone":"hovering","type":4,"width":15.5297},{"bases":[[[0.382401,0.624504,0.681003],[0.597134,-0.729463,0.333638],[-0.705125,-0.279066,0.65186]],[[0.582211,0.680257,0.445287],[0.751463,-0.659313,0.0246866],[-0.310377,-0.320244,0.895047]],[[0.582211,0.680257,0.445287],[0.810453,-0.529218,-0.251186],[-0.0647829,-0.507128,0.859433]],[[0.582211,0.680257,0.445287],[0.788129,-0.337675,-0.514614],[0.199707,-0.650558,0.732729]]],"btipPosition":[117.849,191.488,-29.3846],"carpPosition":[105.658,144.709,58.0176],"dipPosition":[122.408,176.636,-12.6567],"direction":[0.0647829,0.507128,-0.859433],"extended":false,"handId":204,"id":2040,"length":50.838,"mcpPosition":[105.658,144.709,58.0176],"pipPosition":[120.254,159.769,15.9274],"stabilizedTipPosition":[120.525,188.051,-25.0928],"timeVisible":13.8752,"tipPosition":[113.685,189.476,-25.2472],"tipVelocity":[-579.167,12.727,-158.994],"tool":false,"touchDistance":0.301231,"touchZone":"hovering","type":0,"width":19.5844},{"bases":[[[-0.545425,0.816849,0.187802],[0.687751,0.308099,0.657324],[-0.479072,-0.487682,0.729833]],[[-0.535601,0.826567,0.172968],[0.81995,0.558023,-0.127642],[0.202024,-0.0734597,0.976622]],[[-0.535601,0.826567,0.172968],[0.530398,0.488653,-0.692746],[0.657122,0.279294,0.700132]],[[-0.535601,0.826567,0.172968],[0.309478,0.382697,-0.870498],[0.785719,0.41271,0.460777]]],"btipPosition":[113.004,184.478,-47.395],"carpPosition":[116.856,161.063,68.3036],"dipPosition":[126.1,191.357,-39.7154],"direction":[-0.657122,-0.279294,-0.700132],"extended":false,"handId":204,"id":2041,"length":57.365,"mcpPosition":[150.059,194.863,17.7208],"pipPosition":[141.593,197.942,-23.208],"stabilizedTipPosition":[123.855,184.775,-41.9433],"timeVisible":13.8752,"tipPosition":[112.206,182.904,-40.3763],"tipVelocity":[-593.067,116.694,-267.375],"tool":false,"touchDistance":0.26981,"touchZone":"hovering","type":1,"width":18.7071}],"r":[[-0.391169,-0.00418077,-0.920309],[0.821774,0.448619,-0.351325],[0.414337,-0.893714,-0.17205]],"s":0.756636,"t":[-45.7184,22.6733,-10.4955],"timestamp":1134228258251},{"currentFrameRate":109.509,"devices":[],"gestures":[],"hands":[{"armBasis":[[-0.656713,0.539416,0.527028],[0.754036,0.458052,0.470763],[-0.0125308,-0.706554,0.707548]],"armWidth":61.1384,"confidence":1,"direction":[0.464733,0.660524,-0.589687],"elbow":[82.8979,-25.611,264.056],"grabAngle":1.14765,"grabStrength":0,"id":204,"palmNormal":[-0.625314,-0.226683,-0.746724],"palmPosition":[116.679,195.955,35.2608],"palmVelocity":[-695.554,17.7521,-175.658],"palmWidth":85.7185,"pinchDistance":16.2252,"pinchStrength":1,"r":[[-0.40277,-0.00211677,-0.915299],[0.817907,0.448043,-0.36095],[0.410857,-0.894009,-0.178727]],"s":0.770684,"sphereCenter":[81.8295,187.823,-22.0764],"sphereRadius":62.0853,"stabilizedPalmPosition":[118.412,195.905,35.7121],"t":[-50.9217,22.8722,-11.87],"timeVisible":13.8837,"type":"left","wrist":[86.0852,154.106,84.0856]}],"id":283815,"interactionBox":{"center":[0,200,0],"size":[235.247,235.247,147.751]},"pointables":[{"bases":[[[-0.709454,0.678915,0.189072],[0.590209,0.425755,0.685847],[-0.385133,-0.598169,0.702756]],[[-0.6794,0.720829,0.13719],[0.731124,0.649156,0.209894],[-0.0622398,-0.242905,0.968051]],[[-0.6794,0.720829,0.13719],[0.694267,0.692008,-0.197784],[0.237505,0.0391279,0.970598]],[[-0.6794,0.720829,0.13719],[0.580405,0.642315,-0.500561],[0.448938,0.260456,0.854761]]],"btipPosition":[120.106,216.034,-64.6317],"carpPosition":[106.684,171.157,69.6656],"dipPosition":[128.336,220.808,-48.963],"direction":[-0.237505,-0.0391279,-0.970598],"extended":true,"handId":204,"id":2042,"length":65.3629,"mcpPosition":[131.997,210.473,23.4763],"pipPosition":[134.924,221.894,-22.0397],"stabilizedTipPosition":[123.364,216.873,-60.7013],"timeVisible":13.8837,"tipPosition":[117.462,215.481,-60.4575],"tipVelocity":[-802.644,155.524,-190.435],"tool":false,"touchDistance":0.317362,"touchZone":"hovering","type":2,"width":18.3728},{"bases":[[[-0.800858,0.54945,0.238184],[0.525436,0.453888,0.719655],[-0.287306,-0.701492,0.6522]],[[-0.744677,0.654455,0.130939],[0.635102,0.634529,0.440475],[-0.205186,-0.411171,0.888165]],[[-0.744677,0.654455,0.130939],[0.66343,0.704401,0.252351],[-0.0729184,-0.274789,0.958736]],[[-0.744677,0.654455,0.130939],[0.663944,0.746408,0.045319],[0.0680748,-0.120684,0.990354]]],"btipPosition":[125.938,248.741,-49.2721],"carpPosition":[99.3118,179.8,71.8816],"dipPosition":[127.179,246.541,-31.2222],"direction":[0.0729184,0.274789,-0.958736],"extended":true,"handId":204,"id":2043,"length":62.8481,"mcpPosition":[116.266,221.195,33.3947],"pipPosition":[125.209,239.116,-5.31478],"stabilizedTipPosition":[128.05,247.687,-44.8361],"timeVisible":13.8837,"tipPosition":[120.619,243.788,-46.8123],"tipVelocity":[-687.227,203.41,-100.435],"tool":false,"touchDistance":0.319187,"touchZone":"hovering","type":3,"width":17.4829},{"bases":[[[-0.904462,0.381968,0.189864],[0.367016,0.470051,0.802715],[-0.217366,-0.795708,0.565332]],[[-0.839612,0.538872,0.0683345],[0.526157,0.775573,0.348777],[-0.134948,-0.328792,0.934711]],[[-0.839612,0.538872,0.0683345],[0.541711,0.821411,0.178418],[-0.0400138,-0.186819,0.981579]],[[-0.839612,0.538872,0.0683345],[0.541711,0.821411,0.178418],[-0.0400138,-0.186819,0.981579]]],"btipPosition":[104.831,246.273,-26.9855],"carpPosition":[86.8663,184.761,71.368],"dipPosition":[104.158,243.132,-10.4812],"direction":[0.0400138,0.186819,-0.981579],"extended":true,"handId":204,"id":2044,"length":49.2718,"mcpPosition":[98.7401,228.227,40.4863],"pipPosition":[103.395,239.568,8.24637],"stabilizedTipPosition":[105.599,244.789,-23.1665],"timeVisible":13.8837,"tipPosition":[100.463,239.869,-23.91],"tipVelocity":[-511.451,453.684,2.1989],"tool":false,"touchDistance":0.325443,"touchZone":"hovering","type":4,"width":15.5297},{"bases":[[[0.397719,0.619664,0.676636],[0.602807,-0.732448,0.316454],[-0.691696,-0.282021,0.664846]],[[0.592426,0.676546,0.437398],[0.748089,-0.663472,0.0129906],[-0.29899,-0.319516,0.899174]],[[0.592426,0.676546,0.437398],[0.803711,-0.533724,-0.263033],[-0.0554958,-0.507369,0.85994]],[[0.592426,0.676546,0.437398],[0.779314,-0.343636,-0.524009],[0.204211,-0.651306,0.73082]]],"btipPosition":[111.301,191.526,-31.0217],"carpPosition":[100.057,144.757,56.5478],"dipPosition":[115.963,176.657,-14.3375],"direction":[0.0554958,0.507369,-0.85994],"extended":false,"handId":204,"id":2040,"length":50.838,"mcpPosition":[100.057,144.757,56.5478],"pipPosition":[114.117,159.782,14.2635],"stabilizedTipPosition":[113.957,188.095,-26.7779],"timeVisible":13.8837,"tipPosition":[106.753,189.915,-26.6243],"tipVelocity":[-760.558,4.02105,-192.003],"tool":false,"touchDistance":0.311651,"touchZone":"hovering","type":0,"width":19.5844},{"bases":[[[-0.539973,0.816509,0.20431],[0.70197,0.30294,0.644566],[-0.464401,-0.491468,0.736744]],[[-0.527069,0.829645,0.184084],[0.822407,0.552532,-0.135482],[0.214114,-0.0799833,0.973529]],[[-0.527069,0.829645,0.184084],[0.524398,0.487972,-0.697775],[0.668733,0.271242,0.692259]],[[-0.527069,0.829645,0.184084],[0.327306,0.398083,-0.856972],[0.784263,0.391432,0.481365]]],"btipPosition":[105.872,185.525,-49.5091],"carpPosition":[111.497,161.029,66.6963],"dipPosition":[118.943,192.048,-41.4865],"direction":[-0.668733,-0.271242,-0.692259],"extended":false,"handId":204,"id":2041,"length":57.365,"mcpPosition":[143.683,195.092,15.6345],"pipPosition":[134.71,198.444,-25.1647],"stabilizedTipPosition":[116.515,185.877,-44.7468],"timeVisible":13.8837,"tipPosition":[104.835,183.749,-42.0599],"tipVelocity":[-832.043,112.434,-237.234],"tool":false,"touchDistance":0.304626,"touchZone":"hovering","type":1,"width":18.7071}],"r":[[-0.40277,-0.00211677,-0.915299],[0.817907,0.448043,-0.36095],[0.410857,-0.894009,-0.178727]],"s":0.770684,"t":[-50.9217,22.8722,-11.87],"timestamp":1134228266830},{"currentFrameRate":109.735,"devices":[],"gestures":[],"hands":[{"armBasis":[[-0.636835,0.550142,0.540172],[0.771,0.454856,0.445718],[0.000492135,-0.700322,0.713827]],"armWidth":61.1384,"confidence":1,"direction":[0.448609,0.660968,-0.601558],"elbow":[80.8471,-24.0604,264.722],"grabAngle":1.1228,"grabStrength":0,"id":204,"palmNormal":[-0.649546,-0.221195,-0.727436],"palmPosition":[109.996,195.886,33.462],"palmVelocity":[-767.342,-7.87084,-206.52],"palmWidth":85.7185,"pinchDistance":16.1667,"pinchStrength":1,"r":[[-0.417758,0.000583825,-0.908558],[0.812745,0.44722,-0.373416],[0.406107,-0.894424,-0.187304]],"s":0.792183,"sphereCenter":[73.1354,187.297,-24.2084],"sphereRadius":64.0641,"stabilizedPalmPosition":[111.661,195.89,33.9072],"t":[-56.8651,22.9374,-13.4567],"timeVisible":13.8925,"type":"left","wrist":[80.722,154.072,83.1546]}],"id":283816,"interactionBox":{"center":[0,200,0],"size":[235.247,235.247,147.751]},"pointables":[{"bases":[[[-0.700287,0.681026,0.214013],[0.613364,0.420647,0.668462],[-0.365216,-0.599383,0.71229]],[[-0.668983,0.72659,0.156617],[0.741801,0.639387,0.202275],[-0.0468326,-0.251497,0.966724]],[[-0.668983,0.72659,0.156617],[0.700479,0.686776,-0.194081],[0.248578,0.0201305,0.968403]],[[-0.668983,0.72659,0.156617],[0.584808,0.644589,-0.492448],[0.458761,0.237849,0.856134]]],"btipPosition":[111.891,217.295,-66.7553],"carpPosition":[100.99,170.993,68.0705],"dipPosition":[120.301,221.655,-51.0614],"direction":[-0.248578,-0.0201305,-0.968403],"extended":true,"handId":204,"id":2042,"length":65.3629,"mcpPosition":[124.994,210.388,21.2546],"pipPosition":[127.196,222.213,-24.199],"stabilizedTipPosition":[115.405,218.062,-62.7409],"timeVisible":13.8925,"tipPosition":[108.45,216.046,-62.2592],"tipVelocity":[-938.41,133.862,-243.144],"tool":false,"touchDistance":0.32391,"touchZone":"hovering","type":2,"width":18.3728},{"bases":[[[-0.790631,0.551738,0.265495],[0.549809,0.448906,0.70441],[-0.269467,-0.7029,0.65827]],[[-0.734928,0.660768,0.152535],[0.648762,0.619574,0.441854],[-0.197457,-0.42369,0.884024]],[[-0.734928,0.660768,0.152535],[0.675447,0.693199,0.251489],[-0.0604389,-0.287855,0.955765]],[[-0.734928,0.660768,0.152535],[0.67483,0.734808,0.0682732],[0.0669709,-0.153111,0.985937]]],"btipPosition":[118.647,250.17,-50.619],"carpPosition":[93.7273,179.657,70.5517],"dipPosition":[119.868,247.38,-32.6496],"direction":[0.0604389,0.287855,-0.955765],"extended":true,"handId":204,"id":2043,"length":62.8481,"mcpPosition":[109.629,221.135,31.7066],"pipPosition":[118.235,239.601,-6.82244],"stabilizedTipPosition":[120.925,249.125,-46.1247],"timeVisible":13.8925,"tipPosition":[112.434,244.694,-48.2656],"tipVelocity":[-837.626,148.549,-156.762],"tool":false,"touchDistance":0.323596,"touchZone":"hovering","type":3,"width":17.4829},{"bases":[[[-0.896408,0.38487,0.219835],[0.394163,0.465382,0.792499],[-0.202701,-0.797054,0.568874]],[[-0.830664,0.549363,0.0905399],[0.532534,0.736465,0.417164],[-0.162495,-0.394739,0.90431]],[[-0.830664,0.549363,0.0905399],[0.547667,0.776909,0.310601],[-0.100292,-0.307591,0.946218]],[[-0.830664,0.549363,0.0905399],[0.556283,0.812054,0.1764],[-0.0233843,-0.196895,0.980146]]],"btipPosition":[100.277,251.004,-26.3487],"carpPosition":[81.2926,184.67,70.451],"dipPosition":[99.8836,247.694,-9.86854],"direction":[0.100292,0.307591,-0.946218],"extended":true,"handId":204,"id":2044,"length":49.2718,"mcpPosition":[92.3654,228.21,39.3758],"pipPosition":[97.9701,241.825,8.18441],"stabilizedTipPosition":[101.01,249.413,-22.6508],"timeVisible":13.8925,"tipPosition":[94.4138,243.001,-24.2999],"tipVelocity":[-515.478,538.702,72.4742],"tool":false,"touchDistance":0.335701,"touchZone":"hovering","type":4,"width":15.5297},{"bases":[[[0.421488,0.615367,0.666086],[0.609451,-0.736127,0.294425],[-0.671504,-0.28185,0.685305]],[[0.608105,0.672306,0.422154],[0.742525,-0.669812,-0.00287757],[-0.280829,-0.31521,0.90652]],[[0.608105,0.672306,0.422154],[0.792839,-0.541255,-0.280088],[-0.040188,-0.505023,0.86217]],[[0.608105,0.672306,0.422154],[0.765246,-0.354957,-0.537032],[0.211203,-0.649623,0.73033]]],"btipPosition":[103.562,191.122,-32.91],"carpPosition":[93.8411,144.672,55.0679],"dipPosition":[108.384,176.292,-16.2369],"direction":[0.040188,0.505023,-0.86217],"extended":false,"handId":204,"id":2040,"length":50.838,"mcpPosition":[93.8411,144.672,55.0679],"pipPosition":[107.047,159.495,12.4383],"stabilizedTipPosition":[106.391,187.782,-28.6496],"timeVisible":13.8925,"tipPosition":[98.5675,189.957,-28.1711],"tipVelocity":[-884.234,-45.3358,-217.087],"tool":false,"touchDistance":0.32048,"touchZone":"hovering","type":0,"width":19.5844},{"bases":[[[-0.529836,0.817872,0.22441],[0.723251,0.297544,0.623198],[-0.442924,-0.492497,0.749176]],[[-0.514554,0.83406,0.198944],[0.824946,0.544819,-0.150456],[0.233878,-0.0867006,0.968392]],[[-0.514554,0.83406,0.198944],[0.509642,0.484073,-0.711294],[0.689565,0.264608,0.674153]],[[-0.514554,0.83406,0.198944],[0.31691,0.400574,-0.859714],[0.796745,0.379321,0.470439]]],"btipPosition":[97.0232,186.064,-51.3311],"carpPosition":[105.664,160.858,64.9117],"dipPosition":[110.302,192.386,-43.4905],"direction":[-0.689565,-0.264608,-0.674153],"extended":false,"handId":204,"id":2041,"length":57.365,"mcpPosition":[136.362,194.991,12.9884],"pipPosition":[126.56,198.625,-27.5956],"stabilizedTipPosition":[107.805,186.747,-47.2803],"timeVisible":13.8925,"tipPosition":[95.8475,184.18,-43.7441],"tipVelocity":[-1010.44,56.6296,-213.985],"tool":false,"touchDistance":0.326707,"touchZone":"hovering","type":1,"width":18.7071}],"r":[[-0.417758,0.000583825,-0.908558],