{"frames":92,"data":[{"currentFrameRate":115.059,"devices":[],"gestures":[],"hands":[{"armBasis":[[0.187312,-0.684524,-0.704514],[0.981069,0.166262,0.0992964],[0.0491635,-0.709777,0.702709]],"armWidth":61.1384,"confidence":1,"direction":[0.262139,0.507794,-0.820627],"elbow":[124.955,-7.10696,267.784],"grabAngle":0.290196,"grabStrength":0,"id":205,"palmNormal":[-0.945427,-0.0353945,-0.323906],"palmPosition":[122.757,217.929,33.5593],"palmVelocity":[-23.5107,-0.990053,-12.4314],"palmWidth":85.7185,"pinchDistance":61.5935,"pinchStrength":0,"r":[[0.488001,-0.384141,0.783767],[0.550348,0.832378,0.0653],[-0.677475,0.399479,0.617612]],"s":1.4631,"sphereCenter":[-86.1336,189.646,-55.6351],"sphereRadius":231.847,"stabilizedPalmPosition":[123.052,216.966,33.722],"t":[306.244,39.2937,-11.903],"timeVisible":17.8209,"type":"right","wrist":[112.45,173.43,89.0443]}],"id":284263,"interactionBox":{"center":[0,200,0],"size":[235.247,235.247,147.751]},"pointables":[{"bases":[[[0.97464,-0.215619,-0.0598709],[0.164758,0.510382,0.844017],[-0.151429,-0.832477,0.532964]],[[0.986037,-0.0642484,-0.15363],[0.166023,0.450791,0.877054],[0.0129059,-0.890314,0.455164]],[[0.986037,-0.0642484,-0.15363],[0.156986,0.666383,0.728895],[0.0555464,-0.742836,0.667165]],[[0.986037,-0.0642484,-0.15363],[0.150965,0.734273,0.661856],[0.0702834,-0.675807,0.73372]]],"btipPosition":[94.9389,289.181,24.8929],"carpPosition":[98.9978,207.179,85.2372],"dipPosition":[96.5434,273.753,41.6434],"direction":[-0.0555464,0.742836,-0.667165],"extended":true,"handId":205,"id":2050,"length":50.838,"mcpPosition":[98.9978,207.179,85.2372],"pipPosition":[98.3909,249.047,63.8328],"stabilizedTipPosition":[95.6253,284.82,28.8121],"timeVisible":17.8209,"tipPosition":[95.4033,285.933,29.6529],"tipVelocity":[-23.8317,-5.29273,-6.68641],"tool":false,"touchDistance":-0.282378,"touchZone":"touching","type":0,"width":19.5844},{"bases":[[[0.23479,-0.763272,-0.601905],[0.968481,0.130698,0.212045],[-0.0831797,-0.632719,0.769901]],[[0.224959,-0.824457,-0.519292],[0.962435,0.104862,0.250445],[-0.152027,-0.556124,0.817076]],[[0.224959,-0.824457,-0.519292],[0.974368,0.190156,0.120197],[-0.000351216,-0.533021,0.846102]],[[0.224959,-0.824457,-0.519292],[0.963876,0.266301,-0.00524111],[0.142609,-0.499354,0.854581]]],"btipPosition":[130.294,294.458,-42.4401],"carpPosition":[120.526,206.41,79.3541],"dipPosition":[132.67,286.136,-28.1972],"direction":[0.000351216,0.533021,-0.846102],"extended":true,"handId":205,"id":2051,"length":57.365,"mcpPosition":[126.291,250.262,25.9943],"pipPosition":[132.662,273.569,-8.24819],"stabilizedTipPosition":[129.721,292.003,-38.9126],"timeVisible":17.8209,"tipPosition":[131.035,292.184,-39.1805],"tipVelocity":[-17.06,-1.33281,-8.4701],"tool":false,"touchDistance":0.289131,"touchZone":"hovering","type":1,"width":18.7071},{"bases":[[[0.0528274,-0.85276,-0.519625],[0.992171,-0.0141464,0.124084],[-0.113165,-0.522112,0.845336]],[[0.0467466,-0.879269,-0.474026],[0.989394,-0.0245786,0.143161],[-0.137528,-0.47569,0.868795]],[[0.0467466,-0.879269,-0.474026],[0.99873,0.0500655,0.00562463],[0.0187868,-0.473687,0.880493]],[[0.0467466,-0.879269,-0.474026],[0.988516,0.108988,-0.104678],[0.143703,-0.463689,0.874267]]],"btipPosition":[135.568,276.534,-64.4998],"carpPosition":[124.819,198.212,72.36],"dipPosition":[138.202,268.034,-48.4736],"direction":[-0.0187868,0.473687,-0.880493],"extended":true,"handId":205,"id":2052,"length":65.3629,"mcpPosition":[132.257,232.528,16.7994],"pipPosition":[138.724,254.895,-24.0497],"stabilizedTipPosition":[135.57,273.74,-60.6951],"timeVisible":17.8209,"tipPosition":[138.43,273.482,-60.9275],"tipVelocity":[-19.9194,6.36835,-7.26334],"tool":false,"touchDistance":0.284105,"touchZone":"hovering","type":2,"width":18.3728},{"bases":[[[-0.0393469,-0.916789,-0.397429],[0.989297,-0.0916726,0.113527],[-0.140513,-0.388708,0.910583]],[[-0.040817,-0.920811,-0.387866],[0.989247,-0.0918065,0.11385],[-0.140443,-0.379048,0.914657]],[[-0.040817,-0.920811,-0.387866],[0.999071,-0.0322488,-0.0285769],[0.0138057,-0.388672,0.921273]],[[-0.040817,-0.920811,-0.387866],[0.988692,0.018841,-0.148774],[0.144301,-0.389553,0.90963]]],"btipPosition":[137.767,245.844,-69.2447],"carpPosition":[126.357,188.783,65.8276],"dipPosition":[140.397,238.744,-52.666],"direction":[-0.0138057,0.388672,-0.921273],"extended":true,"handId":205,"id":2053,"length":62.8481,"mcpPosition":[134.649,211.721,12.0932],"pipPosition":[140.77,228.241,-27.7709],"stabilizedTipPosition":[137.689,243.115,-65.4287],"timeVisible":17.8209,"tipPosition":[140.781,243.443,-65.23],"tipVelocity":[-17.9656,13.6283,-7.71969],"tool":false,"touchDistance":0.291946,"touchZone":"hovering","type":3,"width":17.4829},{"bases":[[[-0.218261,-0.927782,-0.302626],[0.954807,-0.26713,0.130329],[-0.201757,-0.260503,0.944157]],[[-0.233838,-0.945786,-0.225407],[0.957849,-0.263881,0.113542],[-0.166867,-0.189355,0.967626]],[[-0.233838,-0.945786,-0.225407],[0.97226,-0.226142,-0.0597574],[0.00554374,-0.233128,0.97243]],[[-0.233838,-0.945786,-0.225407],[0.958603,-0.185526,-0.216011],[0.162481,-0.266587,0.950016]]],"btipPosition":[135.228,207.47,-59.3924],"carpPosition":[121.289,177.778,60.0848],"dipPosition":[137.96,202.988,-43.4188],"direction":[-0.00554374,0.233128,-0.97243],"extended":true,"handId":205,"id":2054,"length":49.2718,"mcpPosition":[132.31,192.008,8.50947],"pipPosition":[138.065,198.54,-24.8658],"stabilizedTipPosition":[135.127,205.265,-55.7529],"timeVisible":17.8209,"tipPosition":[137.571,206.168,-55.3059],"tipVelocity":[-15.7428,17.7544,-11.4961],"tool":false,"touchDistance":0.304493,"touchZone":"hovering","type":4,"width":15.5297}],"r":[[0.488001,-0.384141,0.783767],[0.550348,0.832378,0.0653],[-0.677475,0.399479,0.617612]],"s":1.4631,"t":[306.244,39.2937,-11.903],"timestamp":1134232204002},{"currentFrameRate":115.098,"devices":[],"gestures":[],"hands":[{"armBasis":[[0.187431,-0.684537,-0.704471],[0.98104,0.166453,0.0992717],[0.0493062,-0.70972,0.702756]],"armWidth":61.1384,"confidence":1,"direction":[0.262662,0.508957,-0.819739],"elbow":[124.754,-7.13861,267.629],"grabAngle":0.290505,"grabStrength":0,"id":205,"palmNormal":[-0.945248,-0.0348108,-0.324491],"palmPosition":[122.55,217.951,33.453],"palmVelocity":[-24.0205,2.52222,-12.3198],"palmWidth":85.7185,"pinchDistance":61.6307,"pinchStrength":0,"r":[[0.487979,-0.384409,0.78365],[0.549952,0.832588,0.0659593],[-0.677812,0.398783,0.617691]],"s":1.46251,"sphereCenter":[-85.3251,189.97,-55.7238],"sphereRadius":230.891,"stabilizedPalmPosition":[123.038,216.995,33.7143],"t":[306.057,39.3148,-12.0009],"timeVisible":17.8295,"type":"right","wrist":[112.213,173.384,88.8777]}],"id":284264,"interactionBox":{"center":[0,200,0],"size":[235.247,235.247,147.751]},"pointables":[{"bases":[[[0.974649,-0.215647,-0.0596347],[0.164342,0.509133,0.844852],[-0.151828,-0.833234,0.531666]],[[0.98612,-0.064284,-0.153082],[0.165581,0.448701,0.878209],[0.0122334,-0.891367,0.453117]],[[0.98612,-0.064284,-0.153082],[0.156651,0.665763,0.729534],[0.0550191,-0.743389,0.666593]],[[0.98612,-0.064284,-0.153082],[0.150552,0.734956,0.661191],[0.0700047,-0.675061,0.734433]]],"btipPosition":[94.7569,289.182,24.8565],"carpPosition":[98.7602,207.129,85.1018],"dipPosition":[96.355,273.77,41.6233],"direction":[-0.0550191,0.743389,-0.666593],"extended":true,"handId":205,"id":2050,"length":50.838,"mcpPosition":[98.7602,207.129,85.1018],"pipPosition":[98.1849,249.046,63.7937],"stabilizedTipPosition":[95.6089,284.847,28.8088],"timeVisible":17.8295,"tipPosition":[95.2063,285.963,29.6283],"tipVelocity":[-21.28,0.477099,-3.78179],"tool":false,"touchDistance":-0.282921,"touchZone":"touching","type":0,"width":19.5844},{"bases":[[[0.235039,-0.762423,-0.602883],[0.968376,0.130275,0.212781],[-0.0836888,-0.63383,0.768932]],[[0.225056,-0.824236,-0.519601],[0.962199,0.104065,0.251682],[-0.153373,-0.556602,0.816499]],[[0.225056,-0.824236,-0.519601],[0.974345,0.189634,0.121205],[-0.00136719,-0.533549,0.845768]],[[0.225056,-0.824236,-0.519601],[0.963941,0.266078,-0.0045629],[0.142015,-0.499838,0.854397]]],"btipPosition":[130.185,294.531,-42.4621],"carpPosition":[120.292,206.365,79.2298],"dipPosition":[132.552,286.201,-28.2223],"direction":[0.00136719,0.533549,-0.845768],"extended":true,"handId":205,"id":2051,"length":57.365,"mcpPosition":[126.092,250.294,25.9372],"pipPosition":[132.52,273.621,-8.28114],"stabilizedTipPosition":[129.731,292.009,-38.9154],"timeVisible":17.8295,"tipPosition":[130.877,292.312,-39.1739],"tipVelocity":[-12.8825,8.23642,-2.63376],"tool":false,"touchDistance":0.288752,"touchZone":"hovering","type":1,"width":18.7071},{"bases":[[[0.0530203,-0.852009,-0.520836],[0.992099,-0.0144447,0.124623],[-0.113704,-0.523329,0.844511]],[[0.0468768,-0.878723,-0.475025],[0.989284,-0.0249879,0.143849],[-0.138273,-0.476678,0.868135]],[[0.0468768,-0.878723,-0.475025],[0.998731,0.0499857,0.00609193],[0.0183913,-0.474708,0.879951]],[[0.0468768,-0.878723,-0.475025],[0.988498,0.109259,-0.104564],[0.143783,-0.46466,0.873738]]],"btipPosition":[135.417,276.672,-64.5236],"carpPosition":[124.588,198.177,72.2262],"dipPosition":[138.053,268.154,-48.5071],"direction":[-0.0183913,0.474708,-0.879951],"extended":true,"handId":205,"id":2052,"length":65.3629,"mcpPosition":[132.061,232.573,16.7198],"pipPosition":[138.563,254.986,-24.0982],"stabilizedTipPosition":[135.577,273.755,-60.6973],"timeVisible":17.8295,"tipPosition":[138.279,273.641,-60.9437],"tipVelocity":[-17.5187,15.486,-3.02017],"tool":false,"touchDistance":0.283671,"touchZone":"hovering","type":2,"width":18.3728},{"bases":[[[-0.0392305,-0.916205,-0.398785],[0.989222,-0.0919551,0.113951],[-0.141073,-0.390017,0.909937]],[[-0.0406601,-0.920115,-0.389531],[0.989147,-0.0921567,0.114435],[-0.141191,-0.38065,0.913877]],[[-0.0406601,-0.920115,-0.389531],[0.999085,-0.0322756,-0.0280481],[0.0132351,-0.390315,0.920586]],[[-0.0406601,-0.920115,-0.389531],[0.988731,0.0191633,-0.148472],[0.144076,-0.391178,0.908967]]],"btipPosition":[137.623,246.039,-69.2885],"carpPosition":[126.128,188.757,65.6809],"dipPosition":[140.249,238.91,-52.722],"direction":[-0.0132351,0.390315,-0.920586],"extended":true,"handId":205,"id":2053,"length":62.8481,"mcpPosition":[134.453,211.772,11.9847],"pipPosition":[140.607,228.363,-27.8454],"stabilizedTipPosition":[137.698,243.136,-65.4295],"timeVisible":17.8295,"tipPosition":[140.629,243.607,-65.2892],"tipVelocity":[-16.7618,21.8749,-5.41119],"tool":false,"touchDistance":0.291169,"touchZone":"hovering","type":3,"width":17.4829},{"bases":[[[-0.2182,-0.927315,-0.304099],[0.954702,-0.267432,0.130478],[-0.202321,-0.261854,0.943663]],[[-0.233632,-0.945236,-0.227912],[0.95772,-0.264186,0.113919],[-0.167892,-0.191661,0.966994]],[[-0.233632,-0.945236,-0.227912],[0.972314,-0.226004,-0.0593957],[0.00463388,-0.235479,0.971868]],[[-0.233632,-0.945236,-0.227912],[0.958774,-0.184961,-0.215736],[0.161767,-0.268919,0.949481]]],"btipPosition":[135.096,207.691,-59.4894],"carpPosition":[121.062,177.762,59.9193],"dipPosition":[137.816,203.169,-43.5249],"direction":[-0.00463388,0.235479,-0.971868],"extended":true,"handId":205,"id":2054,"length":49.2718,"mcpPosition":[132.114,192.066,8.37092],"pipPosition":[137.905,198.676,-24.9825],"stabilizedTipPosition":[135.136,205.286,-55.7539],"timeVisible":17.8295,"tipPosition":[137.405,206.319,-55.4225],"tipVelocity":[-15.5496,24.5531,-11.4949],"tool":false,"touchDistance":0.302841,"touchZone":"hovering","type":4,"width":15.5297}],"r":[[0.487979,-0.384409,0.78365],[0.549952,0.832588,0.0659593],[-0.677812,0.398783,0.617691]],"s":1.46251,"t":[306.057,39.3148,-12.0009],"timestamp":1134232212624},{"currentFrameRate":115.046,"devices":[],"gestures":[],"hands":[{"armBasis":[[0.187954,-0.684428,-0.704437],[0.980924,0.167038,0.0994311],[0.0496142,-0.709688,0.702767]],"armWidth":61.1384,"confidence":1,"direction":[0.262941,0.510164,-0.818898],"elbow":[124.578,-7.19036,267.495],"grabAngle":0.290118,"grabStrength":0,"id":205,"palmNormal":[-0.945048,-0.0347292,-0.325083],"palmPosition":[122.306,217.959,33.3729],"palmVelocity":[-27.8423,0.931639,-9.12494],"palmWidth":85.7185,"pinchDistance":61.66,"pinchStrength":0,"r":[[0.4879,-0.384797,0.783508],[0.549564,0.832779,0.0667753],[-0.678184,0.398008,0.617783]],"s":1.46185,"sphereCenter":[-85.6734,190.078,-55.9699],"sphereRadius":231.044,"stabilizedPalmPosition":[123.016,217.024,33.7039],"t":[305.842,39.3294,-12.0899],"timeVisible":17.8383,"type":"right","wrist":[111.958,173.324,88.7405]}],"id":284265,"interactionBox":{"center":[0,200,0],"size":[235.247,235.247,147.751]},"pointables":[{"bases":[[[0.974764,-0.215198,-0.059364],[0.163662,0.508053,0.845634],[-0.151819,-0.83401,0.530451]],[[0.986247,-0.0642141,-0.152297],[0.164879,0.446442,0.879491],[0.0115158,-0.892506,0.450889]],[[0.986247,-0.0642141,-0.152297],[0.156062,0.665242,0.730136],[0.0544291,-0.743862,0.666114]],[[0.986247,-0.0642141,-0.152297],[0.149911,0.735572,0.660651],[0.0696021,-0.674396,0.735082]]],"btipPosition":[94.5493,289.165,24.8539],"carpPosition":[98.4901,207.058,84.9933],"dipPosition":[96.1383,273.769,41.6355],"direction":[-0.0544291,0.743862,-0.666114],"extended":true,"handId":205,"id":2050,"length":50.838,"mcpPosition":[98.4901,207.058,84.9933],"pipPosition":[97.9486,249.029,63.79],"stabilizedTipPosition":[95.585,284.874,28.8055],"timeVisible":17.8383,"tipPosition":[94.9382,285.965,29.6207],"tipVelocity":[-23.8806,-1.48621,0.0890413],"tool":false,"touchDistance":-0.282908,"touchZone":"touching","type":0,"width":19.5844},{"bases":[[[0.235675,-0.761518,-0.603778],[0.968204,0.130353,0.213516],[-0.0838919,-0.6349,0.768026]],[[0.225521,-0.824193,-0.519467],[0.961965,0.104016,0.252593],[-0.154152,-0.556674,0.816303]],[[0.225521,-0.824193,-0.519467],[0.974235,0.189458,0.122357],[-0.00242932,-0.533677,0.845685]],[[0.225521,-0.824193,-0.519467],[0.963987,0.265927,-0.00341843],[0.140957,-0.499988,0.854484]]],"btipPosition":[130.008,294.559,-42.4877],"carpPosition":[120.025,206.311,79.1327],"dipPosition":[132.357,286.226,-28.2464],"direction":[0.00242932,0.533677,-0.845685],"extended":true,"handId":205,"id":2051,"length":57.365,"mcpPosition":[125.839,250.314,25.9028],"pipPosition":[132.3,273.644,-8.30728],"stabilizedTipPosition":[129.74,292.016,-38.9185],"timeVisible":17.8383,"tipPosition":[130.646,292.423,-39.1491],"tipVelocity":[-20.6248,3.14359,-2.88197],"tool":false,"touchDistance":0.288331,"touchZone":"hovering","type":1,"width":18.7071},{"bases":[[[0.053643,-0.851284,-0.521957],[0.992032,-0.0142383,0.125176],[-0.113992,-0.524513,0.843737]],[[0.0474106,-0.878359,-0.475644],[0.98923,-0.0247258,0.144264],[-0.138476,-0.477361,0.867727]],[[0.0474106,-0.878359,-0.475644],[0.998712,0.0503008,0.00665915],[0.0180762,-0.475347,0.879613]],[[0.0474106,-0.878359,-0.475644],[0.988516,0.109661,-0.103976],[0.143488,-0.465252,0.873471]]],"btipPosition":[135.2,276.767,-64.545],"carpPosition":[124.329,198.134,72.1204],"dipPosition":[137.831,268.238,-48.5334],"direction":[-0.0180762,0.475347,-0.879613],"extended":true,"handId":205,"id":2052,"length":65.3629,"mcpPosition":[131.821,232.608,16.665],"pipPosition":[138.332,255.053,-24.1339],"stabilizedTipPosition":[135.581,273.772,-60.6999],"timeVisible":17.8383,"tipPosition":[138.06,273.786,-60.9391],"tipVelocity":[-24.8193,10.544,-2.56553],"tool":false,"touchDistance":0.283296,"touchZone":"hovering","type":2,"width":18.3728},{"bases":[[[-0.0386538,-0.91568,-0.400046],[0.989191,-0.0917353,0.114397],[-0.14145,-0.3913,0.909327]],[[-0.0400656,-0.919545,-0.390938],[0.989118,-0.0919308,0.114864],[-0.141562,-0.382081,0.913222]],[[-0.0400656,-0.919545,-0.390938],[0.999118,-0.0319498,-0.0272448],[0.0125624,-0.391684,0.920014]],[[-0.0400656,-0.919545,-0.390938],[0.988866,0.0196269,-0.14751],[0.143315,-0.392495,0.90852]]],"btipPosition":[137.442,246.204,-69.318],"carpPosition":[125.876,188.723,65.5634],"dipPosition":[140.054,239.051,-52.7595],"direction":[-0.0125624,0.391684,-0.920014],"extended":true,"handId":205,"id":2053,"length":62.8481,"mcpPosition":[134.223,211.814,11.9031],"pipPosition":[140.393,228.467,-27.8985],"stabilizedTipPosition":[137.704,243.16,-65.4309],"timeVisible":17.8383,"tipPosition":[140.428,243.757,-65.3243],"tipVelocity":[-21.0404,18.1739,-3.56411],"tool":false,"touchDistance":0.290647,"touchZone":"hovering","type":3,"width":17.4829},{"bases":[[[-0.217673,-0.926985,-0.305478],[0.954728,-0.267248,0.130667],[-0.202765,-0.263206,0.943191]],[[-0.232948,-0.944816,-0.230342],[0.957738,-0.263985,0.114239],[-0.168742,-0.193995,0.966381]],[[-0.232948,-0.944816,-0.230342],[0.972483,-0.22548,-0.0586108],[0.00343892,-0.237657,0.971343]],[[-0.232948,-0.944816,-0.230342],[0.959175,-0.184161,-0.214636],[0.160372,-0.270937,0.949144]]],"btipPosition":[134.952,207.892,-59.5622],"carpPosition":[120.817,177.733,59.7839],"dipPosition":[137.648,203.337,-43.6032],"direction":[-0.00343892,0.237657,-0.971343],"extended":true,"handId":205,"id":2054,"length":49.2718,"mcpPosition":[131.894,192.111,8.26136],"pipPosition":[137.714,198.803,-25.0709],"stabilizedTipPosition":[135.143,205.311,-55.7561],"timeVisible":17.8383,"tipPosition":[137.208,206.455,-55.5115],"tipVelocity":[-17.0877,22.0841,-8.43043],"tool":false,"touchDistance":0.301607,"touchZone":"hovering","type":4,"width":15.5297}],"r":[[0.4879,-0.384797,0.783508],[0.549564,0.832779,0.0667753],[-0.678184,0.398008,0.617783]],"s":1.46185,"t":[305.842,39.3294,-12.0899],"timestamp":1134232221404},{"currentFrameRate":115.125,"devices":[],"gestures":[],"hands":[{"armBasis":[[0.187861,-0.684399,-0.70449],[0.980925,0.167208,0.0991365],[0.0499475,-0.709676,0.702756]],"armWidth":61.1384,"confidence":1,"direction":[0.263472,0.511145,-0.818115],"elbow":[124.369,-7.21728,267.314],"grabAngle":0.289298,"grabStrength":0,"id":205,"palmNormal":[-0.944897,-0.034072,-0.32559],"palmPosition":[122.042,217.988,33.2485],"palmVelocity":[-30.8439,3.35793,-14.5532],"palmWidth":85.7185,"pinchDistance":61.7007,"pinchStrength":0,"r":[[0.487741,-0.385334,0.783343],[0.549289,0.832886,0.0676953],[-0.678521,0.397264,0.617892]],"s":1.46129,"sphereCenter":[-86.41,190.259,-56.3238],"sphereRadius":231.548,"stabilizedPalmPosition":[122.987,217.052,33.6904],"t":[305.602,39.351,-12.1966],"timeVisible":17.8469,"type":"right","wrist":[111.665,173.294,88.5627]}],"id":284266,"interactionBox":{"center":[0,200,0],"size":[235.247,235.247,147.751]},"pointables":[{"bases":[[[0.974739,-0.21537,-0.0591621],[0.163377,0.506928,0.846364],[-0.152291,-0.83465,0.529308]],[[0.98631,-0.064464,-0.151781],[0.164557,0.444328,0.880621],[0.0106719,-0.893542,0.448853]],[[0.98631,-0.064464,-0.151781],[0.155914,0.664292,0.731032],[0.0537013,-0.744689,0.665248]],[[0.98631,-0.064464,-0.151781],[0.149769,0.735368,0.660911],[0.0690096,-0.674595,0.734956]]],"btipPosition":[94.3349,289.215,24.8312],"carpPosition":[98.1983,207.027,84.8432],"dipPosition":[95.9104,273.814,41.6099],"direction":[-0.0537013,0.744689,-0.665248],"extended":true,"handId":205,"id":2050,"length":50.838,"mcpPosition":[98.1983,207.027,84.8432],"pipPosition":[97.6964,249.046,63.7356],"stabilizedTipPosition":[95.5543,284.902,28.8016],"timeVisible":17.8469,"tipPosition":[94.6936,286.004,29.5677],"tipVelocity":[-25.4369,5.66165,-2.73152],"tool":false,"touchDistance":-0.283297,"touchZone":"touching","type":0,"width":19.5844},{"bases":[[[0.235778,-0.760804,-0.604637],[0.968132,0.129832,0.214157],[-0.0844298,-0.635862,0.767171]],[[0.225462,-0.824113,-0.51962],[0.961847,0.103448,0.253275],[-0.154974,-0.556899,0.815994]],[[0.225462,-0.824113,-0.51962],[0.974245,0.18862,0.123572],[-0.00382626,-0.534098,0.845414]],[[0.225462,-0.824113,-0.51962],[0.964251,0.264982,-0.0018741],[0.139235,-0.500622,0.854395]]],"btipPosition":[129.852,294.627,-42.5482],"carpPosition":[119.736,206.282,78.9921],"dipPosition":[132.173,286.283,-28.3084],"direction":[0.00382626,0.534098,-0.845414],"extended":true,"handId":205,"id":2051,"length":57.365,"mcpPosition":[125.588,250.352,25.8216],"pipPosition":[132.082,273.69,-8.37559],"stabilizedTipPosition":[129.746,292.023,-38.9222],"timeVisible":17.8469,"tipPosition":[130.436,292.543,-39.1745],"tipVelocity":[-18.9885,7.58217,-7.10879],"tool":false,"touchDistance":0.287318,"touchZone":"hovering","type":1,"width":18.7071},{"bases":[[[0.0536825,-0.850628,-0.52302],[0.991967,-0.0146514,0.125644],[-0.114539,-0.525564,0.843009]],[[0.0473634,-0.877994,-0.476322],[0.989174,-0.0250781,0.144585],[-0.13889,-0.478014,0.867302]],[[0.0473634,-0.877994,-0.476322],[0.998728,0.0498784,0.00736939],[0.0172879,-0.476065,0.87924]],[[0.0473634,-0.877994,-0.476322],[0.988659,0.10924,-0.103052],[0.142512,-0.466039,0.873211]]],"btipPosition":[135.008,276.879,-64.6109],"carpPosition":[124.041,198.112,71.9716],"dipPosition":[137.62,268.336,-48.6041],"direction":[-0.0172879,0.476065,-0.87924],"extended":true,"handId":205,"id":2052,"length":65.3629,"mcpPosition":[131.569,232.656,16.564],"pipPosition":[138.1,255.131,-24.2149],"stabilizedTipPosition":[135.581,273.789,-60.7033],"timeVisible":17.8469,"tipPosition":[137.85,273.935,-60.9841],"tipVelocity":[-23.004,12.7887,-7.8364],"tool":false,"touchDistance":0.282179,"touchZone":"hovering","type":2,"width":18.3728},{"bases":[[[-0.0386905,-0.915157,-0.401237],[0.989111,-0.0921338,0.114764],[-0.141995,-0.392428,0.908756]],[[-0.0401002,-0.919013,-0.392183],[0.989046,-0.0923091,0.115182],[-0.142055,-0.383268,0.912648]],[[-0.0401002,-0.919013,-0.392183],[0.999129,-0.0323566,-0.0263376],[0.0115149,-0.392898,0.91951]],[[-0.0401002,-0.919013,-0.392183],[0.989056,0.0192675,-0.14628],[0.141989,-0.393757,0.908182]]],"btipPosition":[137.261,246.365,-69.3996],"carpPosition":[125.589,188.71,65.4032],"dipPosition":[139.849,239.189,-52.8474],"direction":[-0.0115149,0.392898,-0.91951],"extended":true,"handId":205,"id":2053,"length":62.8481,"mcpPosition":[133.968,211.867,11.7766],"pipPosition":[140.16,228.572,-27.9999],"stabilizedTipPosition":[137.706,243.185,-65.4335],"timeVisible":17.8469,"tipPosition":[140.216,243.909,-65.407],"tipVelocity":[-21.7958,18.1732,-9.71583],"tool":false,"touchDistance":0.289262,"touchZone":"hovering","type":3,"width":17.4829},{"bases":[[[-0.217759,-0.926538,-0.306772],[0.954595,-0.267658,0.130793],[-0.203294,-0.264362,0.942754]],[[-0.232943,-0.944325,-0.232355],[0.957624,-0.264356,0.114336],[-0.169394,-0.195875,0.965887]],[[-0.232943,-0.944325,-0.232355],[0.972488,-0.22566,-0.0578342],[0.00218112,-0.239434,0.97091]],[[-0.232943,-0.944325,-0.232355],[0.959463,-0.184188,-0.213322],[0.158648,-0.272628,0.948949]]],"btipPosition":[134.769,208.078,-59.6864],"carpPosition":[120.53,177.729,59.6072],"dipPosition":[137.437,203.494,-43.7308],"direction":[-0.00218112,0.239434,-0.97091],"extended":true,"handId":205,"id":2054,"length":49.2718,"mcpPosition":[131.636,192.17,8.10853],"pipPosition":[137.478,198.926,-25.2067],"stabilizedTipPosition":[135.147,205.336,-55.7599],"timeVisible":17.8469,"tipPosition":[136.98,206.595,-55.6446],"tipVelocity":[-22.1244,20.9452,-14.6212],"tool":false,"touchDistance":0.299523,"touchZone":"hovering","type":4,"width":15.5297}],"r":[[0.487741,-0.385334,0.783343],[0.549289,0.832886,0.0676953],[-0.678521,0.397264,0.617892]],"s":1.46129,"t":[305.602,39.351,-12.1966],"timestamp":1134232229955},{"currentFrameRate":115.075,"devices":[],"gestures":[],"hands":[{"armBasis":[[0.188892,-0.684217,-0.704392],[0.980704,0.168242,0.0995662],[0.0503834,-0.709607,0.702794]],"armWidth":61.1384,"confidence":1,"direction":[0.263919,0.512674,-0.817014],"elbow":[124.139,-7.24111,267.107],"grabAngle":0.289612,"grabStrength":0,"id":205,"palmNormal":[-0.944541,-0.0342455,-0.326603],"palmPosition":[121.716,218.031,33.1043],"palmVelocity":[-37.0993,4.98147,-16.4309],"palmWidth":85.7185,"pinchDistance":61.7381,"pinchStrength":0,"r":[[0.487512,-0.385946,0.783184],[0.548931,0.83303,0.0688139],[-0.678975,0.396366,0.61797]],"s":1.46078,"sphereCenter":[-86.7032,190.39,-56.6634],"sphereRadius":231.584,"stabilizedPalmPosition":[122.946,217.084,33.6717],"t":[305.319,39.3837,-12.3221],"timeVisible":17.8556,"type":"right","wrist":[111.323,173.253,88.3463]}],"id":284267,"interactionBox":{"center":[0,200,0],"size":[235.247,235.247,147.751]},"pointables":[{"bases":[[[0.974959,-0.214547,-0.0585243],[0.162141,0.50567,0.847354],[-0.152204,-0.835624,0.527794]],[[0.986516,-0.0636836,-0.150766],[0.163328,0.442102,0.881969],[0.0104869,-0.894701,0.446542]],[[0.986516,-0.0636836,-0.150766],[0.154717,0.663283,0.732201],[0.0533712,-0.745654,0.664192]],[[0.986516,-0.0636836,-0.150766],[0.148544,0.735118,0.661465],[0.0687061,-0.674942,0.734665]]],"btipPosition":[93.9919,289.251,24.7953],"carpPosition":[97.8287,206.969,84.6568],"dipPosition":[95.5604,273.842,41.5674],"direction":[-0.0533712,0.745654,-0.664192],"extended":true,"handId":205,"id":2050,"length":50.838,"mcpPosition":[97.8287,206.969,84.6568],"pipPosition":[97.3355,249.043,63.6579],"stabilizedTipPosition":[95.5076,284.933,28.7958],"timeVisible":17.8556,"tipPosition":[94.321,286.033,29.5044],"tipVelocity":[-39.2684,3.9475,-4.26464],"tool":false,"touchDistance":-0.283862,"touchZone":"touching","type":0,"width":19.5844},{"bases":[[[0.236958,-0.759642,-0.605636],[0.967818,0.130205,0.215349],[-0.0847319,-0.637174,0.766048]],[[0.226507,-0.823581,-0.520008],[0.961484,0.103715,0.254544],[-0.155705,-0.557635,0.815352]],[[0.226507,-0.823581,-0.520008],[0.973998,0.188872,0.125124],[-0.00483492,-0.534828,0.844947]],[[0.226507,-0.823581,-0.520008],[0.964139,0.265396,-0.000366951],[0.13831,-0.501277,0.854161]]],"btipPosition":[129.58,294.744,-42.5942],"carpPosition":[119.373,206.249,78.8265],"dipPosition":[131.885,286.39,-28.3583],"direction":[0.00483492,0.534828,-0.844947],"extended":true,"handId":205,"id":2051,"length":57.365,"mcpPosition":[125.245,250.41,25.7337],"pipPosition":[131.771,273.78,-8.43657],"stabilizedTipPosition":[129.751,292.032,-38.9266],"timeVisible":17.8556,"tipPosition":[130.128,292.712,-39.1893],"tipVelocity":[-31.4449,13.0917,-5.35066],"tool":false,"touchDistance":0.286535,"touchZone":"hovering","type":1,"width":18.7071},{"bases":[[[0.0548473,-0.849735,-0.52435],[0.99185,-0.014117,0.126625],[-0.115,-0.527022,0.842035]],[[0.0484385,-0.877438,-0.477239],[0.989086,-0.024428,0.145302],[-0.139152,-0.479068,0.866678]],[[0.0484385,-0.877438,-0.477239],[0.99868,0.050712,0.00812577],[0.0170719,-0.477002,0.878736]],[[0.0484385,-0.877438,-0.477239],[0.988603,0.110302,-0.102457],[0.14254,-0.466837,0.872781]]],"btipPosition":[134.706,277.048,-64.6703],"carpPosition":[123.691,198.094,71.7969],"dipPosition":[137.319,268.49,-48.6714],"direction":[-0.0170719,0.477002,-0.878736],"extended":true,"handId":205,"id":2052,"length":65.3629,"mcpPosition":[131.25,232.734,16.4534],"pipPosition":[137.792,255.258,-24.2962],"stabilizedTipPosition":[135.577,273.81,-60.708],"timeVisible":17.8556,"tipPosition":[137.57,274.147,-61.0208],"tipVelocity":[-34.3844,18.7805,-6.97623],"tool":false,"touchDistance":0.281159,"touchZone":"hovering","type":2,"width":18.3728},{"bases":[[[-0.0376007,-0.91453,-0.402766],[0.989063,-0.0915838,0.115617],[-0.142622,-0.394014,0.907971]],[[-0.0390294,-0.918436,-0.393639],[0.989044,-0.0916335,0.115735],[-0.142366,-0.384809,0.911951]],[[-0.0390294,-0.918436,-0.393639],[0.999175,-0.0314546,-0.0256788],[0.0112026,-0.394316,0.918906]],[[-0.0390294,-0.918436,-0.393639],[0.989109,0.0204382,-0.145757],[0.141913,-0.395041,0.907636]]],"btipPosition":[136.985,246.582,-69.485],"carpPosition":[125.253,188.704,65.2149],"dipPosition":[139.571,239.382,-52.9427],"direction":[-0.0112026,0.394316,-0.918906],"extended":true,"handId":205,"id":2053,"length":62.8481,"mcpPosition":[133.669,211.955,11.6346],"pipPosition":[139.874,228.726,-28.1115],"stabilizedTipPosition":[137.704,243.215,-65.4377],"timeVisible":17.8556,"tipPosition":[139.966,244.128,-65.4908],"tipVelocity":[-31.4779,24.0551,-9.99098],"tool":false,"touchDistance":0.287801,"touchZone":"hovering","type":3,"width":17.4829},{"bases":[[[-0.216756,-0.926199,-0.308501],[0.954662,-0.26716,0.131325],[-0.204052,-0.266049,0.942115]],[[-0.231912,-0.944025,-0.234594],[0.957774,-0.263742,0.114497],[-0.16996,-0.198135,0.965327]],[[-0.231912,-0.944025,-0.234594],[0.972735,-0.224664,-0.0575472],[0.00162104,-0.241544,0.970389]],[[-0.231912,-0.944025,-0.234594],[0.959798,-0.182869,-0.212947],[0.158127,-0.274548,0.948483]]],"btipPosition":[134.527,208.32,-59.8258],"carpPosition":[120.208,177.728,59.3959],"dipPosition":[137.186,203.704,-43.878],"direction":[-0.00162104,0.241544,-0.970389],"extended":true,"handId":205,"id":2054,"length":49.2718,"mcpPosition":[131.355,192.262,7.93207],"pipPosition":[137.217,199.096,-25.3639],"stabilizedTipPosition":[135.147,205.365,-55.766],"timeVisible":17.8556,"tipPosition":[136.748,206.796,-55.793],"tipVelocity":[-27.7915,26.7692,-16.0824],"tool":false,"touchDistance":0.297171,"touchZone":"hovering","type":4,"width":15.5297}],"r":[[0.487512,-0.385946,0.783184],[0.548931,0.83303,0.0688139],[-0.678975,0.396366,0.61797]],"s":1.46078,"t":[305.319,39.3837,-12.3221],"timestamp":1134232238731},{"currentFrameRate":115.145,"devices":[],"gestures":[],"hands":[{"armBasis":[[0.190491,-0.68392,-0.704249],[0.980366,0.169765,0.100313],[0.0509507,-0.709531,0.70283]],"armWidth":61.1384,"confidence":1,"direction":[0.264425,0.514408,-0.815759],"elbow":[123.868,-7.28943,266.893],"grabAngle":0.289804,"grabStrength":0,"id":205,"palmNormal":[-0.944046,-0.034828,-0.327971],"palmPosition":[121.317,218.059,32.9609],"palmVelocity":[-46.6592,3.16332,-16.7354],"palmWidth":85.7185,"pinchDistance":61.7561,"pinchStrength":0,"r":[[0.487207,-0.386587,0.783058],[0.548422,0.833254,0.0701491],[-0.679605,0.395269,0.61798]],"s":1.46008,"sphereCenter":[-87.0601,190.334,-57.1217],"sphereRadius":231.675,"stabilizedPalmPosition":[122.89,217.117,33.6471],"t":[304.978,39.4136,-12.4565],"timeVisible":17.8642,"type":"right","wrist":[110.909,173.185,88.1227]}],"id":284268,"interactionBox":{"center":[0,200,0],"size":[235.247,235.247,147.751]},"pointables":[{"bases":[[[0.975299,-0.21326,-0.0575438],[0.160352,0.504398,0.848451],[-0.151916,-0.836721,0.526136]],[[0.98681,-0.0625732,-0.149302],[0.161547,0.440088,0.883303],[0.0104348,-0.895772,0.444392]],[[0.98681,-0.0625732,-0.149302],[0.152915,0.663022,0.732816],[0.0531356,-0.74598,0.663845]],[[0.98681,-0.0625732,-0.149302],[0.146685,0.73578,0.661144],[0.0684832,-0.674324,0.735253]]],"btipPosition":[93.5498,289.207,24.6988],"carpPosition":[97.3712,206.877,84.4611],"dipPosition":[95.1132,273.812,41.4843],"direction":[-0.0531356,0.74598,-0.663845],"extended":true,"handId":205,"id":2050,"length":50.838,"mcpPosition":[97.3712,206.877,84.4611],"pipPosition":[96.8805,249.002,63.5633],"stabilizedTipPosition":[95.4373,284.965,28.7854],"timeVisible":17.8642,"tipPosition":[93.8439,286.031,29.4372],"tipVelocity":[-51.7537,-4.77124,-10.9037],"tool":false,"touchDistance":-0.28521,"touchZone":"touching","type":0,"width":19.5844},{"bases":[[[0.238721,-0.758304,-0.60662],[0.96736,0.131008,0.216916],[-0.085016,-0.638602,0.764827]],[[0.228064,-0.823235,-0.519877],[0.960966,0.104428,0.256201],[-0.156624,-0.558014,0.814917]],[[0.228064,-0.823235,-0.519877],[0.973627,0.189511,0.127024],[-0.00604794,-0.535136,0.844744]],[[0.228064,-0.823235,-0.519877],[0.963938,0.266124,0.00145631],[0.137153,-0.501461,0.85424]]],"btipPosition":[129.237,294.814,-42.6549],"carpPosition":[118.924,206.194,78.6594],"dipPosition":[131.523,286.457,-28.4177],"direction":[0.00604794,0.535136,-0.844744],"extended":true,"handId":205,"id":2051,"length":57.365,"mcpPosition":[124.817,250.454,25.6513],"pipPosition":[131.38,273.84,-8.50073],"stabilizedTipPosition":[129.751,292.042,-38.932],"timeVisible":17.8642,"tipPosition":[129.738,292.874,-39.193],"tipVelocity":[-40.5028,8.12165,-7.0523],"tool":false,"touchDistance":0.285528,"touchZone":"hovering","type":1,"width":18.7071},{"bases":[[[0.0566079,-0.848758,-0.525743],[0.99169,-0.0131306,0.127976],[-0.115524,-0.528619,0.840962]],[[0.0500889,-0.87687,-0.478111],[0.988967,-0.0232751,0.146296],[-0.13941,-0.480163,0.86603]],[[0.0500889,-0.87687,-0.478111],[0.998603,0.0520278,0.00919725],[0.0168102,-0.477903,0.878251]],[[0.0500889,-0.87687,-0.478111],[0.988538,0.111791,-0.101465],[0.14242,-0.467548,0.872419]]],"btipPosition":[134.333,277.205,-64.7245],"carpPosition":[123.262,198.057,71.6218],"dipPosition":[136.944,268.634,-48.7321],"direction":[-0.0168102,0.477903,-0.878251],"extended":true,"handId":205,"id":2052,"length":65.3629,"mcpPosition":[130.855,232.801,16.3487],"pipPosition":[137.41,255.377,-24.3704],"stabilizedTipPosition":[135.566,273.834,-60.7137],"timeVisible":17.8642,"tipPosition":[137.221,274.36,-61.0449],"tipVelocity":[-43.5965,17.9822,-6.49586],"tool":false,"touchDistance":0.280231,"touchZone":"hovering","type":2,"width":18.3728},{"bases":[[[-0.0359293,-0.913876,-0.404399],[0.989013,-0.0905814,0.116829],[-0.143399,-0.395759,0.90709]],[[-0.0373484,-0.917753,-0.395392],[0.989061,-0.0904491,0.116518],[-0.142697,-0.386715,0.911092]],[[-0.0373484,-0.917753,-0.395392],[0.999244,-0.0300315,-0.024681],[0.0107768,-0.396015,0.918181]],[[-0.0373484,-0.917753,-0.395392],[0.989231,0.0220777,-0.144687],[0.141516,-0.396538,0.907045]]],"btipPosition":[136.655,246.817,-69.5544],"carpPosition":[124.845,188.68,65.0256],"dipPosition":[139.235,239.59,-53.0229],"direction":[-0.0107768,0.396015,-0.918181],"extended":true,"handId":205,"id":2053,"length":62.8481,"mcpPosition":[133.307,212.034,11.4974],"pipPosition":[139.526,228.888,-28.2114],"stabilizedTipPosition":[137.696,243.249,-65.4433],"timeVisible":17.8642,"tipPosition":[139.665,244.35,-65.5639],"tipVelocity":[-38.6458,26.7131,-8.3958],"tool":false,"touchDistance":0.286602,"touchZone":"hovering","type":3,"width":17.4829},{"bases":[[[-0.215201,-0.925926,-0.310403],[0.954804,-0.266226,0.132185],[-0.205031,-0.267928,0.94137]],[[-0.230218,-0.94367,-0.23767],[0.958033,-0.262646,0.114844],[-0.170798,-0.201256,0.964533]],[[-0.230218,-0.94367,-0.23767],[0.973139,-0.223087,-0.0568578],[0.000633952,-0.244375,0.96968]],[[-0.230218,-0.94367,-0.23767],[0.960394,-0.180924,-0.211921],[0.156983,-0.277044,0.947947]]],"btipPosition":[134.261,208.606,-59.9504],"carpPosition":[119.821,177.708,59.1807],"dipPosition":[136.9,203.948,-44.0116],"direction":[-0.000633952,0.244375,-0.96968],"extended":true,"handId":205,"id":2054,"length":49.2718,"mcpPosition":[131.021,192.344,7.75757],"pipPosition":[136.912,199.286,-25.511],"stabilizedTipPosition":[135.142,205.399,-55.774],"timeVisible":17.8642,"tipPosition":[136.477,206.999,-55.9366],"tipVelocity":[-31.6275,32.2786,-14.7893],"tool":false,"touchDistance":0.29506,"touchZone":"hovering","type":4,"width":15.5297}],"r":[[0.487207,-0.386587,0.783058],[0.548422,0.833254,0.0701491],[-0.679605,0.395269,0.61798]],"s":1.46008,"t":[304.978,39.4136,-12.4565],"timestamp":1134232247296},{"currentFrameRate":115.146,"devices":[],"gestures":[],"hands":[{"armBasis":[[0.191371,-0.683772,-0.704154],[0.980167,0.170762,0.100565],[0.051479,-0.709433,0.70289]],"armWidth":61.1384,"confidence":1,"direction":[0.264472,0.516204,-0.814609],"elbow":[123.622,-7.32614,266.669],"grabAngle":0.289766,"grabStrength":0,"id":205,"palmNormal":[-0.943823,-0.034989,-0.328595],"palmPosition":[120.927,218.096,32.8012],"palmVelocity":[-44.9365,4.37128,-18.4004],"palmWidth":85.7185,"pinchDistance":61.7753,"pinchStrength":0,"r":[[0.486935,-0.387321,0.782864],[0.547865,0.833497,0.0716036],[-0.680248,0.394038,0.618059]],"s":1.45923,"sphereCenter":[-88.1963,190.381,-57.5284],"sphereRadius":232.443,"stabilizedPalmPosition":[122.815,217.155,33.615],"t":[304.613,39.4475,-12.6036],"timeVisible":17.8729,"type":"right","wrist":[110.528,173.124,87.8833]}],"id":284269,"interactionBox":{"center":[0,200,0],"size":[235.247,235.247,147.751]},"pointables":[{"bases":[[[0.975512,-0.212329,-0.0573787],[0.159427,0.502895,0.849517],[-0.151521,-0.837862,0.524431]],[[0.986964,-0.0619832,-0.148529],[0.160625,0.437389,0.884811],[0.0101213,-0.897134,0.441643]],[[0.986964,-0.0619832,-0.148529],[0.152,0.662328,0.733633],[0.0529019,-0.746645,0.663115]],[[0.986964,-0.0619832,-0.148529],[0.145668,0.736452,0.660621],[0.0684369,-0.673644,0.73588]]],"btipPosition":[93.1623,289.196,24.6425],"carpPosition":[96.9601,206.796,84.2655],"dipPosition":[94.7246,273.817,41.4423],"direction":[-0.0529019,0.746645,-0.663115],"extended":true,"handId":205,"id":2050,"length":50.838,"mcpPosition":[96.9601,206.796,84.2655],"pipPosition":[96.4841,248.984,63.497],"stabilizedTipPosition":[95.3438,284.999,28.7718],"timeVisible":17.8729,"tipPosition":[93.3991,286.051,29.3885],"tipVelocity":[-44.6598,-0.841076,-6.1132],"tool":false,"touchDistance":-0.285819,"touchZone":"touching","type":0,"width":19.5844},{"bases":[[[0.239717,-0.756931,-0.60794],[0.967121,0.131403,0.21774],[-0.0849289,-0.640148,0.763543]],[[0.228904,-0.822833,-0.520144],[0.960747,0.104927,0.256818],[-0.156741,-0.558513,0.814552]],[[0.228904,-0.822833,-0.520144],[0.973427,0.189872,0.128019],[-0.00657743,-0.535626,0.84443]],[[0.228904,-0.822833,-0.520144],[0.963826,0.26652,0.00254343],[0.136536,-0.50191,0.854075]]],"btipPosition":[128.852,294.909,-42.7247],"carpPosition":[118.517,206.142,78.4752],"dipPosition":[131.127,286.544,-28.4902],"direction":[0.00657743,0.535626,-0.84443],"extended":true,"handId":205,"id":2051,"length":57.365,"mcpPosition":[124.403,250.509,25.5561],"pipPosition":[130.972,273.915,-8.58065],"stabilizedTipPosition":[129.746,292.055,-38.9389],"timeVisible":17.8729,"tipPosition":[129.327,293.058,-39.2052],"tipVelocity":[-44.6667,10.7299,-8.10566],"tool":false,"touchDistance":0.284355,"touchZone":"hovering","type":1,"width":18.7071},{"bases":[[[0.0576325,-0.847694,-0.527346],[0.991626,-0.0125435,0.128536],[-0.115574,-0.530337,0.839872]],[[0.0510391,-0.876188,-0.47926],[0.988991,-0.0223965,0.146269],[-0.138893,-0.481449,0.865399]],[[0.0510391,-0.876188,-0.47926],[0.998549,0.0530244,0.0094015],[0.017175,-0.479044,0.877623]],[[0.0510391,-0.876188,-0.47926],[0.988454,0.112873,-0.10109],[0.14267,-0.468567,0.871832]]],"btipPosition":[133.901,277.393,-64.7923],"carpPosition":[122.866,198.022,71.4245],"dipPosition":[136.516,268.804,-48.8107],"direction":[-0.017175,0.479044,-0.877623],"extended":true,"handId":205,"id":2052,"length":65.3629,"mcpPosition":[130.462,232.879,16.2231],"pipPosition":[136.993,255.516,-24.4664],"stabilizedTipPosition":[135.546,273.864,-60.7213],"timeVisible":17.8729,"tipPosition":[136.828,274.597,-61.0866],"tipVelocity":[-49.6131,21.2451,-8.09256],"tool":false,"touchDistance":0.27906,"touchZone":"hovering","type":2,"width":18.3728},{"bases":[[[-0.0349213,-0.913124,-0.406183],[0.989019,-0.0899749,0.117239],[-0.1436,-0.397629,0.90624]],[[-0.0362942,-0.916888,-0.39749],[0.989151,-0.0896178,0.116403],[-0.142351,-0.388953,0.910193]],[[-0.0362942,-0.916888,-0.39749],[0.999281,-0.0289446,-0.0244764],[0.010937,-0.398093,0.91728]],[[-0.0362942,-0.916888,-0.39749],[0.989277,0.0233435,-0.144175],[0.141471,-0.398461,0.906209]]],"btipPosition":[136.264,247.095,-69.6399],"carpPosition":[124.46,188.659,64.8112],"dipPosition":[138.843,239.833,-53.1236],"direction":[-0.010937,0.398093,-0.91728],"extended":true,"handId":205,"id":2053,"length":62.8481,"mcpPosition":[132.934,212.123,11.3331],"pipPosition":[139.138,229.075,-28.3364],"stabilizedTipPosition":[137.68,243.292,-65.451],"timeVisible":17.8729,"tipPosition":[139.303,244.596,-65.6625],"tipVelocity":[-45.0614,31.1135,-10.2501],"tool":false,"touchDistance":0.285119,"touchZone":"hovering","type":3,"width":17.4829},{"bases":[[[-0.214238,-0.925506,-0.312316],[0.95495,-0.265678,0.132236],[-0.20536,-0.269916,0.94073]],[[-0.228986,-0.943089,-0.241141],[0.958262,-0.261952,0.114522],[-0.171172,-0.204852,0.963709]],[[-0.228986,-0.943089,-0.241141],[0.97343,-0.221879,-0.0566042],[-0.000121509,-0.247696,0.968838]],[[-0.228986,-0.943089,-0.241141],[0.960874,-0.179328,-0.211097],[0.15584,-0.280045,0.947253]]],"btipPosition":[133.954,208.939,-60.0978],"carpPosition":[119.45,177.695,58.9421],"dipPosition":[136.574,204.23,-44.1707],"direction":[0.000121509,0.247696,-0.968838],"extended":true,"handId":205,"id":2054,"length":49.2718,"mcpPosition":[130.668,192.439,7.55398],"pipPosition":[136.572,199.50