{"frames":125,"data":[{"currentFrameRate":115.112,"devices":[],"gestures":[],"hands":[{"armBasis":[[0.278949,-0.689984,-0.667914],[0.955596,0.130644,0.264136],[-0.0949907,-0.711937,0.69579]],"armWidth":61.1384,"confidence":1,"direction":[0.395419,0.430466,-0.811383],"elbow":[107.087,-31.3449,277.423],"grabAngle":0.112868,"grabStrength":0,"id":203,"palmNormal":[-0.890463,-0.0369377,-0.453555],"palmPosition":[151.23,189.864,44.2719],"palmVelocity":[-2.9237,-6.46126,6.1907],"palmWidth":85.7185,"pinchDistance":53.7419,"pinchStrength":0,"r":[[0.217077,-0.97509,0.0455833],[0.919116,0.188441,-0.346001],[0.328792,0.117005,0.937126]],"s":1.19126,"sphereCenter":[64.7598,159.997,-38.1724],"sphereRadius":126.898,"stabilizedPalmPosition":[151.114,191.104,43.2163],"t":[12.2749,54.5115,50.9977],"timeVisible":6.0533,"type":"right","wrist":[131.248,149.742,100.444]}],"id":282928,"interactionBox":{"center":[0,200,0],"size":[235.247,235.247,147.751]},"pointables":[{"bases":[[[0.964237,-0.245866,0.0989773],[0.062661,0.574327,0.816224],[-0.257527,-0.780832,0.569194]],[[0.986178,-0.16132,0.0378029],[0.0709536,0.617349,0.783483],[-0.149729,-0.769972,0.620262]],[[0.986178,-0.16132,0.0378029],[0.136134,0.918948,0.370138],[-0.0944496,-0.359876,0.928207]],[[0.986178,-0.16132,0.0378029],[0.159738,0.986279,0.0416917],[-0.0440099,-0.0350769,0.998415]]],"btipPosition":[131.16,233.075,9.81649],"carpPosition":[119.973,184.097,92.6496],"dipPosition":[130.156,232.274,32.6098],"direction":[0.0944496,0.359876,-0.928207],"extended":false,"handId":203,"id":2030,"length":50.838,"mcpPosition":[119.973,184.097,92.6496],"pipPosition":[127.014,220.305,63.4814],"stabilizedTipPosition":[132.536,234.499,15.8183],"timeVisible":6.0533,"tipPosition":[137.786,236.65,19.6978],"tipVelocity":[-14.0137,-11.4383,0.293299],"tool":false,"touchDistance":-0.27948,"touchZone":"touching","type":0,"width":19.5844},{"bases":[[[0.288405,-0.816772,-0.499707],[0.932826,0.12194,0.339068],[-0.216007,-0.563928,0.797074]],[[0.192164,-0.964367,-0.181852],[0.935636,0.124131,0.33042],[-0.296072,-0.233642,0.926149]],[[0.192164,-0.964367,-0.181852],[0.935636,0.124131,0.33042],[-0.296072,-0.233642,0.926149]],[[0.192164,-0.964367,-0.181852],[0.950059,0.136382,0.280691],[-0.245887,-0.226709,0.942413]]],"btipPosition":[180.531,240.427,-41.5761],"carpPosition":[142.073,182.264,90.0236],"dipPosition":[176.433,236.649,-25.8694],"direction":[0.296072,0.233642,-0.926149],"extended":true,"handId":203,"id":2031,"length":57.365,"mcpPosition":[157.044,221.349,34.7806],"pipPosition":[169.452,231.14,-4.03303],"stabilizedTipPosition":[178.511,242.844,-38.1557],"timeVisible":6.0533,"tipPosition":[178.312,242.458,-37.2401],"tipVelocity":[-2.50221,-15.8014,3.16017],"tool":false,"touchDistance":0.333355,"touchZone":"hovering","type":1,"width":18.7071},{"bases":[[[0.0932921,-0.894191,-0.437857],[0.963186,-0.0303109,0.267122],[-0.25213,-0.446658,0.858445]],[[0.0615785,-0.942332,-0.328967],[0.96311,-0.0304069,0.267383],[-0.261967,-0.333297,0.905697]],[[0.0615785,-0.942332,-0.328967],[0.975156,-0.013466,0.221111],[-0.212789,-0.33441,0.918091]],[[0.0615785,-0.942332,-0.328967],[0.98093,-0.00373708,0.194323],[-0.184346,-0.33466,0.924132]]],"btipPosition":[185.169,233.839,-57.0226],"carpPosition":[146.998,173.4,84.3908],"dipPosition":[181.79,227.704,-40.0823],"direction":[0.212789,0.33441,-0.918091],"extended":true,"handId":203,"id":2032,"length":65.3629,"mcpPosition":[163.57,202.757,27.9687],"pipPosition":[175.887,218.428,-14.6154],"stabilizedTipPosition":[180.777,234.993,-53.9349],"timeVisible":6.0533,"tipPosition":[178.752,232.489,-53.6934],"tipVelocity":[-6.15712,-11.3195,2.94116],"tool":false,"touchDistance":0.333354,"touchZone":"hovering","type":2,"width":18.3728},{"bases":[[[-0.017704,-0.945328,-0.32564],[0.958862,-0.108342,0.262386],[-0.283322,-0.307598,0.908357]],[[0.00888055,-0.912404,-0.409195],[0.972808,-0.0868305,0.214723],[-0.231444,-0.399975,0.886822]],[[0.00888055,-0.912404,-0.409195],[0.974062,-0.0846355,0.209856],[-0.226106,-0.400445,0.887986]],[[0.00888055,-0.912404,-0.409195],[0.980747,-0.0718854,0.181571],[-0.195081,-0.402929,0.894199]]],"btipPosition":[185.556,217.17,-53.6356],"carpPosition":[149.085,163.422,78.9114],"dipPosition":[182.001,209.827,-37.3382],"direction":[0.226106,0.400445,-0.887986],"extended":true,"handId":203,"id":2033,"length":62.8481,"mcpPosition":[165.804,181.573,25.3084],"pipPosition":[175.891,199.006,-13.3426],"stabilizedTipPosition":[179.806,214.156,-53.046],"timeVisible":6.0533,"tipPosition":[181.021,212.129,-51.5956],"tipVelocity":[-3.28996,-6.331,5.97635],"tool":false,"touchDistance":0.333375,"touchZone":"hovering","type":3,"width":17.4829},{"bases":[[[-0.208563,-0.943593,-0.257166],[0.915612,-0.280804,0.287757],[-0.343738,-0.175449,0.92253]],[[-0.11375,-0.867377,-0.484477],[0.943913,-0.246499,0.219695],[-0.309981,-0.432314,0.846768]],[[-0.11375,-0.867377,-0.484477],[0.965285,-0.211896,0.152726],[-0.23513,-0.450286,0.861369]],[[-0.11375,-0.867377,-0.484477],[0.977351,-0.185285,0.10225],[-0.178456,-0.461873,0.868808]]],"btipPosition":[181.42,192.969,-37.2645],"carpPosition":[144.464,152.116,73.3783],"dipPosition":[178.419,185.203,-22.6564],"direction":[0.23513,0.450286,-0.861369],"extended":true,"handId":203,"id":2034,"length":49.2718,"mcpPosition":[163.241,161.701,22.9843],"pipPosition":[173.933,176.612,-6.2223],"stabilizedTipPosition":[176.694,190.136,-35.7835],"timeVisible":6.0533,"tipPosition":[176.283,189.12,-35.2419],"tipVelocity":[-1.86265,-11.3079,4.33919],"tool":false,"touchDistance":0.333363,"touchZone":"hovering","type":4,"width":15.5297}],"r":[[0.217077,-0.97509,0.0455833],[0.919116,0.188441,-0.346001],[0.328792,0.117005,0.937126]],"s":1.19126,"t":[12.2749,54.5115,50.9977],"timestamp":1134220436386},{"currentFrameRate":105.899,"devices":[],"gestures":[],"hands":[{"armBasis":[[0.279048,-0.689178,-0.668704],[0.955744,0.131738,0.263057],[-0.0931996,-0.712516,0.695439]],"armWidth":61.1384,"confidence":1,"direction":[0.395402,0.431609,-0.810784],"elbow":[107.542,-31.6252,277.344],"grabAngle":0.111987,"grabStrength":0,"id":203,"palmNormal":[-0.89028,-0.0370659,-0.453902],"palmPosition":[151.206,189.804,44.3261],"palmVelocity":[-0.946744,-2.34227,2.10375],"palmWidth":85.7185,"pinchDistance":53.837,"pinchStrength":0,"r":[[0.2173,-0.975039,0.0456077],[0.91906,0.188638,-0.346041],[0.3288,0.117111,0.93711]],"s":1.19024,"sphereCenter":[70.7264,159.696,-36.4866],"sphereRadius":121.736,"stabilizedPalmPosition":[151.118,191.052,43.2602],"t":[12.2443,54.4431,51.0513],"timeVisible":6.07905,"type":"right","wrist":[131.248,149.609,100.454]}],"id":282929,"interactionBox":{"center":[0,200,0],"size":[235.247,235.247,147.751]},"pointables":[{"bases":[[[0.964372,-0.245307,0.0990475],[0.0619823,0.573495,0.816861],[-0.257185,-0.781619,0.568267]],[[0.986989,-0.156875,0.0352461],[0.0709375,0.621584,0.780129],[-0.144291,-0.767479,0.624625]],[[0.986989,-0.156875,0.0352461],[0.133168,0.920415,0.367562],[-0.0901024,-0.358086,0.929331]],[[0.986989,-0.156875,0.0352461],[0.15544,0.987022,0.0403233],[-0.0411144,-0.03432,0.998565]]],"btipPosition":[130.657,232.747,9.60766],"carpPosition":[119.936,183.963,92.6867],"dipPosition":[129.718,231.964,32.4044],"direction":[0.0901024,0.358086,-0.929331],"extended":false,"handId":203,"id":2030,"length":50.838,"mcpPosition":[119.936,183.963,92.6867],"pipPosition":[126.721,220.054,63.3133],"stabilizedTipPosition":[131.793,233.813,15.4749],"timeVisible":6.07905,"tipPosition":[137.451,236.448,19.6032],"tipVelocity":[-18.9616,-12.5745,-8.0783],"tool":false,"touchDistance":-0.282947,"touchZone":"touching","type":0,"width":19.5844},{"bases":[[[0.289142,-0.816036,-0.500482],[0.932624,0.12222,0.339521],[-0.215893,-0.564932,0.796394]],[[0.191847,-0.964841,-0.179659],[0.935801,0.124672,0.329748],[-0.295756,-0.231386,0.926816]],[[0.191847,-0.964841,-0.179659],[0.935801,0.124672,0.329748],[-0.295756,-0.231386,0.926816]],[[0.191847,-0.964841,-0.179659],[0.949698,0.136339,0.281933],[-0.247526,-0.22471,0.942463]]],"btipPosition":[180.494,240.2,-41.5307],"carpPosition":[142.038,182.148,90.0665],"dipPosition":[176.369,236.455,-25.8231],"direction":[0.295756,0.231386,-0.926816],"extended":true,"handId":203,"id":2031,"length":57.365,"mcpPosition":[157.001,221.302,34.8705],"pipPosition":[169.396,230.999,-3.97104],"stabilizedTipPosition":[178.66,242.337,-38.1213],"timeVisible":6.07905,"tipPosition":[178.303,242.447,-37.1346],"tipVelocity":[-1.652,-8.5244,1.77176],"tool":false,"touchDistance":0.333369,"touchZone":"hovering","type":1,"width":18.7071},{"bases":[[[0.094061,-0.893656,-0.438783],[0.963114,-0.0299324,0.267423],[-0.252118,-0.447752,0.857878]],[[0.0621119,-0.94223,-0.329157],[0.963275,-0.0297271,0.266866],[-0.261234,-0.333644,0.905781]],[[0.0621119,-0.94223,-0.329157],[0.975174,-0.0129419,0.221062],[-0.212552,-0.334715,0.918035]],[[0.0621119,-0.94223,-0.329157],[0.980578,-0.00386207,0.196091],[-0.186034,-0.334943,0.923691]]],"btipPosition":[185.131,233.835,-56.9446],"carpPosition":[146.972,173.294,84.4259],"dipPosition":[181.721,227.695,-40.0123],"direction":[0.212552,0.334715,-0.918034],"extended":true,"handId":203,"id":2032,"length":65.3629,"mcpPosition":[163.542,202.723,28.041],"pipPosition":[175.825,218.41,-14.5471],"stabilizedTipPosition":[180.844,234.944,-53.9182],"timeVisible":6.07905,"tipPosition":[178.763,232.552,-53.5809],"tipVelocity":[-1.74227,-0.214009,2.95657],"tool":false,"touchDistance":0.333391,"touchZone":"hovering","type":2,"width":18.3728},{"bases":[[[-0.0169386,-0.94499,-0.326659],[0.958845,-0.107962,0.262602],[-0.283423,-0.308768,0.907928]],[[0.0102809,-0.911079,-0.412105],[0.973113,-0.0857195,0.213785],[-0.2301,-0.403222,0.885701]],[[0.0102809,-0.911079,-0.412105],[0.973113,-0.0857195,0.213785],[-0.2301,-0.403222,0.885701]],[[0.0102809,-0.911079,-0.412105],[0.980583,-0.0715281,0.182597],[-0.195837,-0.40598,0.892652]]],"btipPosition":[185.607,217.413,-53.4465],"carpPosition":[149.067,163.323,78.9364],"dipPosition":[182.038,210.013,-37.1772],"direction":[0.2301,0.403222,-0.885701],"extended":true,"handId":203,"id":2033,"length":62.8481,"mcpPosition":[165.792,181.543,25.3587],"pipPosition":[175.82,199.117,-13.2434],"stabilizedTipPosition":[179.849,214.17,-53.0166],"timeVisible":6.07905,"tipPosition":[181.063,212.238,-51.4837],"tipVelocity":[1.85778,8.90956,7.09338],"tool":false,"touchDistance":0.333472,"touchZone":"hovering","type":3,"width":17.4829},{"bases":[[[-0.207822,-0.94346,-0.25825],[0.915706,-0.28048,0.287772],[-0.343936,-0.176676,0.922222]],[[-0.11249,-0.866407,-0.486504],[0.944273,-0.245636,0.219115],[-0.309346,-0.434744,0.845756]],[[-0.11249,-0.866407,-0.486504],[0.963843,-0.21417,0.158551],[-0.241564,-0.451078,0.859172]],[[-0.11249,-0.866407,-0.486504],[0.977415,-0.184632,0.102811],[-0.1789,-0.463951,0.867608]]],"btipPosition":[181.531,193.073,-37.1394],"carpPosition":[144.456,152.02,73.3896],"dipPosition":[178.523,185.273,-22.5514],"direction":[0.241564,0.451078,-0.859172],"extended":true,"handId":203,"id":2034,"length":49.2718,"mcpPosition":[163.244,161.671,23.0125],"pipPosition":[173.914,176.666,-6.15924],"stabilizedTipPosition":[176.775,190.159,-35.7442],"timeVisible":6.07905,"tipPosition":[176.326,189.18,-35.1676],"tipVelocity":[4.23296,3.7529,4.67969],"tool":false,"touchDistance":0.333425,"touchZone":"hovering","type":4,"width":15.5297}],"r":[[0.2173,-0.975039,0.0456077],[0.91906,0.188638,-0.346041],[0.3288,0.117111,0.93711]],"s":1.19024,"t":[12.2443,54.4431,51.0513],"timestamp":1134220462139},{"currentFrameRate":106.312,"devices":[],"gestures":[],"hands":[{"armBasis":[[0.27861,-0.688587,-0.669496],[0.955901,0.131394,0.262657],[-0.0928942,-0.713151,0.694829]],"armWidth":61.1384,"confidence":1,"direction":[0.395273,0.432084,-0.810594],"elbow":[107.65,-31.8439,277.261],"grabAngle":0.112853,"grabStrength":0,"id":203,"palmNormal":[-0.890426,-0.0365061,-0.453662],"palmPosition":[151.228,189.784,44.422],"palmVelocity":[2.52438,-2.33369,11.0868],"palmWidth":85.7185,"pinchDistance":53.8403,"pinchStrength":0,"r":[[0.21743,-0.975016,0.0454748],[0.919005,0.188797,-0.346101],[0.328868,0.117044,0.937095]],"s":1.18972,"sphereCenter":[70.9177,159.644,-36.4325],"sphereRadius":121.673,"stabilizedPalmPosition":[151.119,191.04,43.2715],"t":[12.2399,54.3988,51.126],"timeVisible":6.0877,"type":"right","wrist":[131.279,149.551,100.526]}],"id":282930,"interactionBox":{"center":[0,200,0],"size":[235.247,235.247,147.751]},"pointables":[{"bases":[[[0.964337,-0.245632,0.0985829],[0.0623788,0.572894,0.817252],[-0.257221,-0.781957,0.567786]],[[0.986888,-0.157543,0.0351113],[0.0712693,0.620499,0.780962],[-0.144822,-0.76822,0.62359]],[[0.986888,-0.157543,0.0351113],[0.133624,0.919464,0.369771],[-0.0905385,-0.360231,0.928459]],[[0.986888,-0.157543,0.0351113],[0.15585,0.986678,0.0466552],[-0.0419938,-0.0405714,0.998294]]],"btipPosition":[130.751,232.95,9.79253],"carpPosition":[119.971,183.917,92.7877],"dipPosition":[129.792,232.024,32.5831],"direction":[0.0905385,0.360231,-0.928459],"extended":false,"handId":203,"id":2030,"length":50.838,"mcpPosition":[119.971,183.917,92.7877],"pipPosition":[126.781,220.043,63.463],"stabilizedTipPosition":[131.648,233.69,15.4243],"timeVisible":6.0877,"tipPosition":[137.394,236.404,19.6799],"tipVelocity":[10.3763,19.6164,21.2195],"tool":false,"touchDistance":-0.27989,"touchZone":"touching","type":0,"width":19.5844},{"bases":[[[0.288776,-0.815754,-0.501152],[0.932758,0.121731,0.339329],[-0.215803,-0.565443,0.796054]],[[0.191974,-0.964428,-0.181725],[0.935614,0.123954,0.330547],[-0.296263,-0.233481,0.926129]],[[0.191974,-0.964428,-0.181725],[0.935614,0.123954,0.330547],[-0.296263,-0.233481,0.926129]],[[0.191974,-0.964428,-0.181725],[0.94939,0.135594,0.283326],[-0.248607,-0.226919,0.941649]]],"btipPosition":[180.573,240.359,-41.3554],"carpPosition":[142.072,182.098,90.1596],"dipPosition":[176.43,236.577,-25.6614],"direction":[0.296263,0.233481,-0.926129],"extended":true,"handId":203,"id":2031,"length":57.365,"mcpPosition":[157.028,221.287,34.9872],"pipPosition":[169.444,231.072,-3.8256],"stabilizedTipPosition":[178.7,242.218,-38.1056],"timeVisible":6.0877,"tipPosition":[178.327,242.449,-37.0162],"tipVelocity":[8.60601,17.4183,19.9069],"tool":false,"touchDistance":0.333464,"touchZone":"hovering","type":1,"width":18.7071},{"bases":[[[0.0936931,-0.893368,-0.43945],[0.963186,-0.0303781,0.267113],[-0.25198,-0.448299,0.857633]],[[0.0616511,-0.942155,-0.329458],[0.963321,-0.0302061,0.266646],[-0.261174,-0.333812,0.905736]],[[0.0616511,-0.942155,-0.329458],[0.97519,-0.0134534,0.220959],[-0.21261,-0.334906,0.917951]],[[0.0616511,-0.942155,-0.329458],[0.980605,-0.00435179,0.195945],[-0.186044,-0.335148,0.923614]]],"btipPosition":[185.15,233.84,-56.8374],"carpPosition":[147.001,173.246,84.5112],"dipPosition":[181.74,227.696,-39.9065],"direction":[0.21261,0.334906,-0.917951],"extended":true,"handId":203,"id":2032,"length":65.3629,"mcpPosition":[163.563,202.711,28.1424],"pipPosition":[175.843,218.406,-14.4436],"stabilizedTipPosition":[180.86,234.933,-53.9139],"timeVisible":6.0877,"tipPosition":[178.782,232.594,-53.4613],"tipVelocity":[2.23169,0.498478,12.362],"tool":false,"touchDistance":0.333416,"touchZone":"hovering","type":2,"width":18.3728},{"bases":[[[-0.0172865,-0.944752,-0.32733],[0.958895,-0.108403,0.262237],[-0.283232,-0.309342,0.907792]],[[0.00988717,-0.910827,-0.412669],[0.972936,-0.0865161,0.214266],[-0.230862,-0.403619,0.885322]],[[0.00988717,-0.910827,-0.412669],[0.972936,-0.0865161,0.214266],[-0.230862,-0.403619,0.885322]],[[0.00988717,-0.910827,-0.412669],[0.980367,-0.0724471,0.183391],[-0.196934,-0.40638,0.892229]]],"btipPosition":[185.695,217.437,-53.3264],"carpPosition":[149.092,163.278,79.014],"dipPosition":[182.106,210.031,-37.0649],"direction":[0.230862,0.403619,-0.885322],"extended":true,"handId":203,"id":2033,"length":62.8481,"mcpPosition":[165.806,181.533,25.4443],"pipPosition":[175.867,199.124,-13.1413],"stabilizedTipPosition":[179.862,214.173,-53.008],"timeVisible":6.0877,"tipPosition":[181.084,212.298,-51.3706],"tipVelocity":[9.61644,2.68108,13.6829],"tool":false,"touchDistance":0.333428,"touchZone":"hovering","type":3,"width":17.4829},{"bases":[[[-0.208149,-0.94322,-0.258862],[0.915718,-0.280928,0.287297],[-0.343706,-0.177244,0.922199]],[[-0.112647,-0.865795,-0.487555],[0.944015,-0.246374,0.2194],[-0.310076,-0.435544,0.845076]],[[-0.112647,-0.865795,-0.487555],[0.963889,-0.214377,0.157988],[-0.241306,-0.452152,0.858679]],[[-0.112647,-0.865795,-0.487555],[0.978567,-0.181794,0.0967355],[-0.172388,-0.466208,0.867717]]],"btipPosition":[181.449,193.151,-37.0362],"carpPosition":[144.477,151.981,73.4605],"dipPosition":[178.551,185.313,-22.4464],"direction":[0.241306,0.452152,-0.858679],"extended":true,"handId":203,"id":2034,"length":49.2718,"mcpPosition":[163.252,161.663,23.0846],"pipPosition":[173.947,176.686,-6.06366],"stabilizedTipPosition":[176.798,190.165,-35.7326],"timeVisible":6.0877,"tipPosition":[176.345,189.22,-35.0732],"tipVelocity":[-6.48553,8.00671,11.9798],"tool":false,"touchDistance":0.333415,"touchZone":"hovering","type":4,"width":15.5297}],"r":[[0.21743,-0.975016,0.0454748],[0.919005,0.188797,-0.346101],[0.328868,0.117044,0.937095]],"s":1.18972,"t":[12.2399,54.3988,51.126],"timestamp":1134220470784},{"currentFrameRate":106.715,"devices":[],"gestures":[],"hands":[{"armBasis":[[0.279357,-0.687632,-0.670166],[0.955703,0.131747,0.263202],[-0.0926941,-0.714006,0.693976]],"armWidth":61.1384,"confidence":1,"direction":[0.395132,0.43224,-0.810579],"elbow":[107.727,-32.1011,277.093],"grabAngle":0.115624,"grabStrength":0,"id":203,"palmNormal":[-0.890349,-0.0370401,-0.453769],"palmPosition":[151.239,189.761,44.4781],"palmVelocity":[1.31565,-2.66996,6.50826],"palmWidth":85.7185,"pinchDistance":53.8369,"pinchStrength":0,"r":[[0.217641,-0.974973,0.0453894],[0.918948,0.189021,-0.346129],[0.328887,0.117043,0.937088]],"s":1.18932,"sphereCenter":[67.2921,159.279,-37.5614],"sphereRadius":125.009,"stabilizedPalmPosition":[151.12,191.031,43.2802],"t":[12.2434,54.3651,51.1915],"timeVisible":6.09633,"type":"right","wrist":[131.304,149.512,100.575]}],"id":282931,"interactionBox":{"center":[0,200,0],"size":[235.247,235.247,147.751]},"pointables":[{"bases":[[[0.964462,-0.245085,0.0987222],[0.0619571,0.572994,0.817214],[-0.256854,-0.782056,0.567816]],[[0.986917,-0.157283,0.0354566],[0.0707742,0.62021,0.781237],[-0.144866,-0.768506,0.623227]],[[0.986917,-0.157283,0.0354566],[0.133167,0.919159,0.370692],[-0.0908937,-0.361121,0.928079]],[[0.986917,-0.157283,0.0354566],[0.15548,0.986628,0.0489056],[-0.0426744,-0.042753,0.998174]]],"btipPosition":[130.789,233.006,9.87778],"carpPosition":[119.979,183.88,92.8405],"dipPosition":[129.815,232.03,32.6656],"direction":[0.0908937,0.361121,-0.928079],"extended":false,"handId":203,"id":2030,"length":50.838,"mcpPosition":[119.979,183.88,92.8405],"pipPosition":[126.792,220.019,63.5329],"stabilizedTipPosition":[131.551,233.609,15.3972],"timeVisible":6.09633,"tipPosition":[137.338,236.348,19.7005],"tipVelocity":[3.99283,5.18622,9.8034],"tool":false,"touchDistance":-0.278479,"touchZone":"touching","type":0,"width":19.5844},{"bases":[[[0.289294,-0.815633,-0.501051],[0.932648,0.12228,0.339435],[-0.215586,-0.565501,0.796073]],[[0.192811,-0.964124,-0.182455],[0.935363,0.124402,0.331089],[-0.296513,-0.234499,0.925792]],[[0.192811,-0.964124,-0.182455],[0.935363,0.124402,0.331089],[-0.296513,-0.234499,0.925792]],[[0.192811,-0.964124,-0.182455],[0.949054,0.136003,0.284253],[-0.249241,-0.227967,0.941228]]],"btipPosition":[180.595,240.423,-41.2719],"carpPosition":[142.082,182.074,90.2152],"dipPosition":[176.441,236.623,-25.585],"direction":[0.296513,0.234499,-0.925792],"extended":true,"handId":203,"id":2031,"length":57.365,"mcpPosition":[157.023,221.267,35.0415],"pipPosition":[169.45,231.094,-3.75708],"stabilizedTipPosition":[178.731,242.131,-38.0911],"timeVisible":6.09633,"tipPosition":[178.326,242.419,-36.9647],"tipVelocity":[2.25043,6.89909,9.4852],"tool":false,"touchDistance":0.333401,"touchZone":"hovering","type":1,"width":18.7071},{"bases":[[[0.0942471,-0.89335,-0.439367],[0.96317,-0.0298183,0.267235],[-0.251835,-0.448371,0.857638]],[[0.0621525,-0.942232,-0.329146],[0.963304,-0.0296473,0.266771],[-0.261118,-0.333648,0.905813]],[[0.0621525,-0.942232,-0.329146],[0.975205,-0.012849,0.22093],[-0.212396,-0.334716,0.91807]],[[0.0621525,-0.942232,-0.329146],[0.980637,-0.00371115,0.195797],[-0.185708,-0.334942,0.923757]]],"btipPosition":[185.142,233.806,-56.7902],"carpPosition":[147.017,173.224,84.5682],"dipPosition":[181.738,227.666,-39.8568],"direction":[0.212396,0.334716,-0.91807],"extended":true,"handId":203,"id":2032,"length":65.3629,"mcpPosition":[163.569,202.694,28.1991],"pipPosition":[175.846,218.381,-14.3905],"stabilizedTipPosition":[180.873,234.924,-53.9101],"timeVisible":6.09633,"tipPosition":[178.791,232.579,-53.4043],"tipVelocity":[-0.828707,-3.86833,5.53261],"tool":false,"touchDistance":0.333373,"touchZone":"hovering","type":2,"width":18.3728},{"bases":[[[-0.0167176,-0.944788,-0.327256],[0.958923,-0.107846,0.262365],[-0.283172,-0.309428,0.907782]],[[0.0104088,-0.910909,-0.412476],[0.972838,-0.0861708,0.214849],[-0.231251,-0.403509,0.88527]],[[0.0104088,-0.910909,-0.412476],[0.974328,-0.0835337,0.209063],[-0.224893,-0.404063,0.886655]],[[0.0104088,-0.910909,-0.412476],[0.981486,-0.0695888,0.178447],[-0.191253,-0.406696,0.89332]]],"btipPosition":[185.466,217.434,-53.3214],"carpPosition":[149.114,163.257,79.072],"dipPosition":[181.98,210.022,-37.0401],"direction":[0.224893,0.404063,-0.886655],"extended":true,"handId":203,"id":2033,"length":62.8481,"mcpPosition":[165.824,181.516,25.5029],"pipPosition":[175.903,199.103,-13.0804],"stabilizedTipPosition":[179.877,214.178,-52.9973],"timeVisible":6.09633,"tipPosition":[181.146,212.334,-51.2875],"tipVelocity":[-23.8337,-0.55655,1.10546],"tool":false,"touchDistance":0.333345,"touchZone":"hovering","type":3,"width":17.4829},{"bases":[[[-0.20759,-0.943357,-0.258813],[0.91584,-0.280393,0.287433],[-0.343721,-0.177363,0.92217]],[[-0.112011,-0.865799,-0.487695],[0.944028,-0.245951,0.219815],[-0.310265,-0.435776,0.844888]],[[-0.112011,-0.865799,-0.487695],[0.964066,-0.213657,0.157882],[-0.240894,-0.452485,0.858619]],[[-0.112011,-0.865799,-0.487695],[0.979676,-0.178399,0.0917038],[-0.166401,-0.467511,0.868184]]],"btipPosition":[181.377,193.17,-36.9765],"carpPosition":[144.506,151.957,73.5188],"dipPosition":[178.579,185.309,-22.3789],"direction":[0.240894,0.452485,-0.858619],"extended":true,"handId":203,"id":2034,"length":49.2718,"mcpPosition":[163.282,161.645,23.1445],"pipPosition":[173.983,176.676,-5.99724],"stabilizedTipPosition":[176.816,190.171,-35.7226],"timeVisible":6.09633,"tipPosition":[176.388,189.216,-35.007],"tipVelocity":[-5.69137,1.52735,7.12523],"tool":false,"touchDistance":0.333383,"touchZone":"hovering","type":4,"width":15.5297}],"r":[[0.217641,-0.974973,0.0453894],[0.918948,0.189021,-0.346129],[0.328887,0.117043,0.937088]],"s":1.18932,"t":[12.2434,54.3651,51.1915],"timestamp":1134220479416},{"currentFrameRate":107.075,"devices":[],"gestures":[],"hands":[{"armBasis":[[0.27955,-0.686481,-0.671264],[0.955646,0.131441,0.263561],[-0.0926979,-0.715169,0.692777]],"armWidth":61.1384,"confidence":1,"direction":[0.39551,0.432271,-0.810379],"elbow":[107.745,-32.3819,276.862],"grabAngle":0.117372,"grabStrength":0,"id":203,"palmNormal":[-0.890211,-0.0367321,-0.454066],"palmPosition":[151.284,189.793,44.5734],"palmVelocity":[5.10831,3.69061,10.9704],"palmWidth":85.7185,"pinchDistance":53.8373,"pinchStrength":0,"r":[[0.217757,-0.974951,0.0453029],[0.918935,0.189164,-0.346086],[0.328847,0.116993,0.937109]],"s":1.1891,"sphereCenter":[66.4701,159.215,-37.8391],"sphereRadius":125.88,"stabilizedPalmPosition":[151.121,191.024,43.2877],"t":[12.2673,54.3643,51.2718],"timeVisible":6.10501,"type":"right","wrist":[131.323,149.527,100.649]}],"id":282932,"interactionBox":{"center":[0,200,0],"size":[235.247,235.247,147.751]},"pointables":[{"bases":[[[0.964366,-0.245354,0.0989958],[0.0618404,0.572842,0.817329],[-0.257244,-0.782083,0.567602]],[[0.986838,-0.157686,0.0358515],[0.0706573,0.619877,0.781511],[-0.145457,-0.768692,0.62286]],[[0.986838,-0.157686,0.0358515],[0.133272,0.918624,0.371979],[-0.0915897,-0.362305,0.927549]],[[0.986838,-0.157686,0.0358515],[0.155678,0.986373,0.0532254],[-0.0437558,-0.0469436,0.997939]]],"btipPosition":[130.892,233.182,10.0021],"carpPosition":[120.006,183.912,92.9246],"dipPosition":[129.893,232.11,32.7846],"direction":[0.0915897,0.362305,-0.927549],"extended":false,"handId":203,"id":2030,"length":50.838,"mcpPosition":[120.006,183.912,92.9246],"pipPosition":[126.847,220.06,63.6342],"stabilizedTipPosition":[131.479,233.554,15.3845],"timeVisible":6.10501,"tipPosition":[137.35,236.36,19.763],"tipVelocity":[11.1732,17.7362,14.1789],"tool":false,"touchDistance":-0.276428,"touchZone":"touching","type":0,"width":19.5844},{"bases":[[[0.289244,-0.815625,-0.501092],[0.932569,0.12198,0.339759],[-0.215993,-0.565576,0.795908]],[[0.193119,-0.963755,-0.184068],[0.935026,0.123911,0.332224],[-0.297375,-0.236267,0.925066]],[[0.193119,-0.963755,-0.184068],[0.935026,0.123911,0.332224],[-0.297375,-0.236267,0.925066]],[[0.193119,-0.963755,-0.184068],[0.948662,0.135512,0.285791],[-0.250489,-0.22981,0.940448]]],"btipPosition":[180.728,240.601,-41.1091],"carpPosition":[142.109,182.1,90.3062],"dipPosition":[176.553,236.771,-25.4351],"direction":[0.297375,0.236267,-0.925066],"extended":true,"handId":203,"id":2031,"length":57.365,"mcpPosition":[157.079,221.299,35.1439],"pipPosition":[169.542,231.201,-3.6243],"stabilizedTipPosition":[178.762,242.06,-38.0739],"timeVisible":6.10501,"tipPosition":[178.424,242.431,-36.8583],"tipVelocity":[14.7568,19.7551,18.4203],"tool":false,"touchDistance":0.333456,"touchZone":"hovering","type":1,"width":18.7071},{"bases":[[[0.0941568,-0.893302,-0.439484],[0.963075,-0.0301144,0.267544],[-0.252232,-0.448448,0.857481]],[[0.0619142,-0.94232,-0.328938],[0.963248,-0.0298944,0.266946],[-0.261382,-0.333377,0.905836]],[[0.0619142,-0.94232,-0.328938],[0.97519,-0.013065,0.220982],[-0.212533,-0.334459,0.918132]],[[0.0619142,-0.94232,-0.328938],[0.980636,-0.00391636,0.195799],[-0.185793,-0.334692,0.92383]]],"btipPosition":[185.213,233.813,-56.693],"carpPosition":[147.044,173.25,84.6593],"dipPosition":[181.807,227.677,-39.7582],"direction":[0.212533,0.334459,-0.918132],"extended":true,"handId":203,"id":2032,"length":65.3629,"mcpPosition":[163.622,202.725,28.3005],"pipPosition":[175.912,218.4,-14.2902],"stabilizedTipPosition":[180.884,234.916,-53.9067],"timeVisible":6.10501,"tipPosition":[178.893,232.619,-53.2917],"tipVelocity":[8.11518,0.937493,11.2362],"tool":false,"touchDistance":0.333408,"touchZone":"hovering","type":2,"width":18.3728},{"bases":[[[-0.0168579,-0.944729,-0.327419],[0.95881,-0.10814,0.262659],[-0.283549,-0.309504,0.907638]],[[0.0103053,-0.910843,-0.412624],[0.972614,-0.0866905,0.215655],[-0.232199,-0.403546,0.885005]],[[0.0103053,-0.910843,-0.412624],[0.974435,-0.0834685,0.208589],[-0.224433,-0.404225,0.886698]],[[0.0103053,-0.910843,-0.412624],[0.981473,-0.069739,0.178457],[-0.191322,-0.406818,0.89325]]],"btipPosition":[185.544,217.474,-53.2111],"carpPosition":[149.14,163.284,79.1621],"dipPosition":[182.057,210.059,-36.931],"direction":[0.224433,0.404225,-0.886698],"extended":true,"handId":203,"id":2033,"length":62.8481,"mcpPosition":[165.872,181.548,25.6015],"pipPosition":[175.992,199.136,-12.9702],"stabilizedTipPosition":[179.89,214.183,-52.9879],"timeVisible":6.10501,"tipPosition":[181.228,212.374,-51.1783],"tipVelocity":[9.01025,4.5027,12.672],"tool":false,"touchDistance":0.333416,"touchZone":"hovering","type":3,"width":17.4829},{"bases":[[[-0.207752,-0.94326,-0.259037],[0.915673,-0.28068,0.287685],[-0.344068,-0.177426,0.922029]],[[-0.111525,-0.865093,-0.489056],[0.943689,-0.246438,0.220726],[-0.31147,-0.4369,0.843863]],[[-0.111525,-0.865093,-0.489056],[0.96436,-0.213035,0.156926],[-0.239942,-0.454125,0.85802]],[[-0.111525,-0.865093,-0.489056],[0.980875,-0.174824,0.0855673],[-0.159522,-0.47016,0.868045]]],"btipPosition":[181.329,193.317,-36.8329],"carpPosition":[144.531,151.986,73.6056],"dipPosition":[178.647,185.411,-22.2376],"direction":[0.239942,0.454125,-0.85802],"extended":true,"handId":203,"id":2034,"length":49.2718,"mcpPosition":[163.326,161.678,23.239],"pipPosition":[174.069,176.747,-5.8674],"stabilizedTipPosition":[176.833,190.176,-35.7131],"timeVisible":6.10501,"tipPosition":[176.497,189.275,-34.8904],"tipVelocity":[-2.49895,15.7587,16.4824],"tool":false,"touchDistance":0.333443,"touchZone":"hovering","type":4,"width":15.5297}],"r":[[0.217757,-0.974951,0.0453029],[0.918935,0.189164,-0.346086],[0.328847,0.116993,0.937109]],"s":1.1891,"t":[12.2673,54.3643,51.2718],"timestamp":1134220488097},{"currentFrameRate":107.436,"devices":[],"gestures":[],"hands":[{"armBasis":[[0.280447,-0.685432,-0.671962],[0.955377,0.131679,0.264414],[-0.0927548,-0.716131,0.691775]],"armWidth":61.1384,"confidence":1,"direction":[0.395974,0.432694,-0.809927],"elbow":[107.742,-32.6802,276.618],"grabAngle":0.118325,"grabStrength":0,"id":203,"palmNormal":[-0.889845,-0.0369133,-0.454766],"palmPosition":[151.322,189.774,44.6198],"palmVelocity":[4.39289,-2.17328,5.36875],"palmWidth":85.7185,"pinchDistance":53.8287,"pinchStrength":0,"r":[[0.217915,-0.97492,0.0452016],[0.918964,0.189371,-0.345896],[0.328661,0.116915,0.937184]],"s":1.18894,"sphereCenter":[65.7145,159.188,-38.1244],"sphereRadius":126.649,"stabilizedPalmPosition":[151.122,191.017,43.2945],"t":[12.2982,54.3545,51.3352],"timeVisible":6.11366,"type":"right","wrist":[131.335,149.473,100.66]}],"id":282933,"interactionBox":{"center":[0,200,0],"size":[235.247,235.247,147.751]},"pointables":[{"bases":[[[0.964381,-0.245025,0.0996588],[0.060993,0.572589,0.81757],[-0.257388,-0.782371,0.567139]],[[0.986816,-0.157614,0.0367668],[0.0697691,0.619258,0.782082],[-0.146035,-0.769206,0.62209]],[[0.986816,-0.157614,0.0367668],[0.132788,0.918348,0.372833],[-0.0925286,-0.363035,0.92717]],[[0.986816,-0.157614,0.0367668],[0.155549,0.986376,0.0535365],[-0.0447041,-0.0471116,0.997889]]],"btipPosition":[130.975,233.187,10.0723],"carpPosition":[120.009,183.865,92.9448],"dipPosition":[129.954,232.112,32.8536],"direction":[0.0925286,0.363035,-0.92717],"extended":false,"handId":203,"id":2030,"length":50.838,"mcpPosition":[120.009,183.865,92.9448],"pipPosition":[126.877,220.038,63.6906],"stabilizedTipPosition":[131.427,233.511,15.3794],"timeVisible":6.11366,"tipPosition":[137.369,236.334,19.8004],"tipVelocity":[9.01154,0.520521,8.08346],"tool":false,"touchDistance":-0.275262,"touchZone":"touching","type":0,"width":19.5844},{"bases":[[[0.289938,-0.815347,-0.501144],[0.93226,0.122215,0.340521],[-0.216396,-0.565926,0.79555]],[[0.193758,-0.963516,-0.184648],[0.934697,0.124134,0.333065],[-0.297993,-0.237124,0.924647]],[[0.193758,-0.963516,-0.184648],[0.934697,0.124134,0.333065],[-0.297993,-0.237124,0.924647]],[[0.193758,-0.963516,-0.184648],[0.94833,0.135745,0.286782],[-0.251254,-0.230674,0.940032]]],"btipPosition":[180.814,240.658,-41.0132],"carpPosition":[142.115,182.063,90.3429],"dipPosition":[176.627,236.814,-25.3461],"direction":[0.297993,0.237124,-0.924647],"extended":true,"handId":203,"id":2031,"length":57.365,"mcpPosition":[157.112,221.285,35.2055],"pipPosition":[169.601,231.223,-3.5452],"stabilizedTipPosition":[178.789,242.003,-38.0573],"timeVisible":6.11366,"tipPosition":[178.508,242.443,-36.7745],"tipVelocity":[9.67772,6.21851,10.8995],"tool":false,"touchDistance":0.33341,"touchZone":"hovering","type":1,"width":18.7071},{"bases":[[[0.0948326,-0.893118,-0.439713],[0.962879,-0.0298429,0.268278],[-0.252726,-0.448832,0.857134]],[[0.0625022,-0.942211,-0.329137],[0.963092,-0.0295713,0.267542],[-0.261814,-0.333711,0.905588]],[[0.0625022,-0.942211,-0.329137],[0.975113,-0.0126379,0.221349],[-0.212718,-0.334781,0.917972]],[[0.0625022,-0.942211,-0.329137],[0.980604,-0.00340728,0.195968],[-0.185765,-0.335002,0.923724]]],"btipPosition":[185.283,233.834,-56.6146],"carpPosition":[147.057,173.216,84.6968],"dipPosition":[181.878,227.693,-39.6818],"direction":[0.212718,0.334781,-0.917972],"extended":true,"handId":203,"id":2032,"length":65.3629,"mcpPosition":[163.668,202.716,28.3608],"pipPosition":[175.978,218.407,-14.2182],"stabilizedTipPosition":[180.894,234.909,-53.9033],"timeVisible":6.11366,"tipPosition":[179.001,232.643,-53.2085],"tipVelocity":[8.17484,2.35284,9.0107],"tool":false,"touchDistance":0.333395,"touchZone":"hovering","type":2,"width":18.3728},{"bases":[[[-0.0162494,-0.944625,-0.32775],[0.958647,-0.107868,0.263364],[-0.284134,-0.309917,0.907314]],[[0.010908,-0.910783,-0.412742],[0.972445,-0.0864671,0.216503],[-0.232876,-0.403731,0.884743]],[[0.010908,-0.910783,-0.412742],[0.974372,-0.0830642,0.209045],[-0.224679,-0.404445,0.886535]],[[0.010908,-0.910783,-0.412742],[0.981292,-0.0695949,0.179506],[-0.192216,-0.406979,0.892985]]],"btipPosition":[185.652,217.484,-53.1355],"carpPosition":[149.161,163.252,79.198],"dipPosition":[182.149,210.066,-36.8602],"direction":[0.224679,0.404445,-0.886535],"extended":true,"handId":203,"id":2033,"length":62.8481,"mcpPosition":[165.928,181.541,25.6565],"pipPosition":[176.078,199.137,-12.9038],"stabilizedTipPosition":[179.903,214.187,-52.9782],"timeVisible":6.11366,"tipPosition":[181.336,212.403,-51.0991],"tipVelocity":[12.0781,1.08155,8.61256],"tool":false,"touchDistance":0.333393,"touchZone":"hovering","type":3,"width":17.4829},{"bases":[[[-0.207197,-0.94325,-0.259516],[0.915555,-0.280433,0.288298],[-0.344714,-0.177866,0.921703]],[[-0.110706,-0.864846,-0.489679],[0.943603,-0.246151,0.22141],[-0.312021,-0.437551,0.843322]],[[-0.110706,-0.864846,-0.489679],[0.964369,-0.212601,0.157461],[-0.240286,-0.454799,0.857567]],[[-0.110706,-0.864846,-0.489679],[0.981476,-0.172654,0.0830416],[-0.156363,-0.471415,0.867939]]],"btipPosition":[181.366,193.366,-36.7576],"carpPosition":[144.56,151.954,73.6341],"dipPosition":[178.737,185.44,-22.164],"direction":[0.240286,0.454799,-0.857567],"extended":true,"handId":203,"id":2034,"length":49.2718,"mcpPosition":[163.391,161.671,23.2853],"pipPosition":[174.153,176.763,-5.80247],"stabilizedTipPosition":[176.847,190.181,-35.7046],"timeVisible":6.11366,"tipPosition":[176.612,189.301,-34.8194],"tipVelocity":[5.74724,5.14288,8.66383],"tool":false,"touchDistance":0.333394,"touchZone":"hovering","type":4,"width":15.5297}],"r":[[0.217915,-0.97492,0.0452016],[0.918964,0.189371,-0.345896],[0.328661,0.116915,0.937184]],"s":1.18894,"t":[12.2982,54.3545,51.3352],"timestamp":1134220496748},{"currentFrameRate":107.75,"devices":[],"gestures":[],"hands":[{"armBasis":[[0.280934,-0.684441,-0.672768],[0.955225,0.13159,0.265009],[-0.0928537,-0.717095,0.690763]],"armWidth":61.1384,"confidence":1,"direction":[0.396362,0.433265,-0.809431],"elbow":[107.697,-32.9957,276.371],"grabAngle":0.118857,"grabStrength":0,"id":203,"palmNormal":[-0.889601,-0.0366939,-0.455261],"palmPosition":[151.326,189.748,44.6713],"palmVelocity":[0.530666,-2.93588,5.9123],"palmWidth":85.7185,"pinchDistance":53.8206,"pinchStrength":0,"r":[[0.218055,-0.974898,0.0450148],[0.91902,0.189598,-0.345622],[0.328411,0.116734,0.937294]],"s":1.18894,"sphereCenter":[65.2511,159.219,-38.2873],"sphereRadius":127.101,"stabilizedPalmPosition":[151.123,191.012,43.3],"t":[12.316,54.3368,51.3926],"timeVisible":6.12237,"type":"right","wrist":[131.315,149.403,100.67]}],"id":282934,"interactionBox":{"center":[0,200,0],"size":[235.247,235.247,147.751]},"pointables":[{"bases":[[[0.964351,-0.245003,0.100007],[0.060508,0.572055,0.817981],[-0.257617,-0.782769,0.566486]],[[0.986757,-0.157835,0.0373891],[0.0692478,0.618368,0.782832],[-0.146679,-0.769876,0.621109]],[[0.986757,-0.157835,0.0373891],[0.132659,0.917932,0.373903],[-0.0933356,-0.363991,0.926714]],[[0.986757,-0.157835,0.0373891],[0.155742,0.986348,0.0535013],[-0.045323,-0.0469698,0.997868]]],"btipPosition":[131.026,233.187,10.1651],"carpPosition":[119.989,183.805,92.9758],"dipPosition":[129.991,232.115,32.946],"direction":[0.0933356,0.363991,-0.926714],"extended":false,"handId":203,"id":2030,"length":50.838,"mcpPosition":[119.989,183.805,92.9758],"pipPosition":[126.887,220.009,63.7678],"stabilizedTipPosition":[131.393,233.48,15.3807],"timeVisible":6.12237,"tipPosition":[137.365,236.315,19.8633],"tipVelocity":[5.46033,0.0560824,10.6422],"tool":false,"touchDistance":-0.273717,"touchZone":"touching","type":0,"width":19.5844},{"bases":[[[0.290278,-0.814989,-0.501529],[0.932068,0.122075,0.341095],[-0.216765,-0.566471,0.795062]],[[0.194067,-0.96328,-0.185553],[0.934479,0.123979,0.333733],[-0.298474,-0.238162,0.924225]],[[0.194067,-0.96328,-0.185553],[0.934479,0.123979,0.333733],[-0.298474,-0.238162,0.924225]],[[0.194067,-0.96328,-0.185553],[0.948115,0.135623,0.287548],[-0.251824,-0.231729,0.93962]]],"btipPosition":[180.862,240.725,-40.9033],"carpPosition":[142.096,182.006,90.3844],"dipPosition":[176.665,236.863,-25.2431],"direction":[0.298474,0.238162,-0.924225],"extended":true,"handId":203,"id":2031,"length":57.365,"mcpPosition":[157.119,221.267,35.2808],"pipPosition":[169.628,231.248,-3.45214],"stabilizedTipPosition":[178.811,241.96,-38.0424],"timeVisible":6.12237,"tipPosition":[178.554,242.468,-36.6752],"tipVelocity":[5.22816,7.19144,12.4334],"tool":false,"touchDistance":0.333418,"touchZone":"hovering","type":1,"width":18.7071},{"bases":[[[0.0951469,-0.892818,-0.440253],[0.96274,-0.0299324,0.268768],[-0.253139,-0.449421,0.856704]],[[0.0627692,-0.94198,-0.329749],[0.962983,-0.0296224,0.267929],[-0.262151,-0.334361,0.905251]],[[0.0627692,-0.94198,-0.329749],[0.975054,-0.012603,0.221608],[-0.212906,-0.335434,0.91769]],[[0.0627692,-0.94198,-0.329749],[0.980572,-0.00331779,0.196134],[-0.185848,-0.335654,0.92347]]],"btipPosition":[185.318,233.881,-56.5197],"carpPosition":[147.042,173.164,84.7351],"dipPosition":[181.911,227.728,-39.5915],"direction":[0.212906,0.335434,-0.91769],"extended":true,"handId":203,"id":2032,"length":65.3629,"mcpPosition":[163.68,202.703,28.4274],"pipPosition":[176.005,218.424,-14.1358],"stabilizedTipPosition":[180.902,234.903,-53.9004],"timeVisible":6.12237,"tipPosition":[179.06,232.685,-53.1134],"tipVelocity":[3.94135,5.06604,10.7742],"tool":false,"touchDistance":0.333407,"touchZone":"hovering","type":2,"width":18.3728},{"bases":[[[-0.0159896,-0.944409,-0.328383],[0.958517,-0.107955,0.2638],[-0.284586,-0.310543,0.906959]],[[0.0111282,-0.910623,-0.413089],[0.972306,-0.0865915,0.217077],[-0.233445,-0.404065,0.88444]],[[0.0111282,-0.910623,-0.413089],[0.974241,-0.0831792,0.209607],[-0.225234,-0.404781,0.886241]],[[0.0111282,-0.910623,-0.413089],[0.981088,-0.069892,0.180501],[-0.19324,-0.407285,0.892624]]],"btipPosition":[185.726,217.501,-53.054],"carpPosition":[149.15,163.204,79.2308],"dipPosition":[182.204,210.078,-36.7853],"direction":[0.225234,0.404781,-0.886241],"extended":true,"handId":203,"id":2033,"length":62.8481,"mcpPosition":[165.943,181.529,25.7103],"pipPosition":[176.118,199.14,-12.8369],"stabilizedTipPosition":[179.915,214.191,-52.9694],"timeVisible":6.12237,"tipPosition":[181.396,212.45,-51.0133],"tipVelocity":[7.98837,1.86271,9.18369],"tool":false,"touchDistance":0.333396,"touchZone":"hovering","type":3,"width":17.4829},{"bases":[[[-0.206973,-0.943097,-0.260248],[0.915428,-0.28054,0.288598],[-0.345186,-0.178507,0.921402]],[[-0.110573,-0.864753,-0.489874],[0.943539,-0.246198,0.22163],[-0.312261,-0.437709,0.843151]],[[-0.110573,-0.864753,-0.489874],[0.96419,-0.212887,0.158167],[-0.241063,-0.454842,0.857325]],[[-0.110573,-0.864753,-0.489874],[0.981826,-0.171536,0.0811915],[-0.154242,-0.471993,0.868004]]],"btipPosition":[181.372,193.372,-36.7088],"carpPosition":[144.553,151.909,73.657],"dipPosition":[178.779,185.436,-22.1142],"direction":[0.241063,0.454842,-0.857325],"extended":true,"handId":203,"id":2034,"length":49.2718,"mcpPosition":[163.409,161.66,23.3246],"pipPosition":[174.18,176.758,-5.75725],"stabilizedTipPosition":[176.858,190.185,-35.6983],"timeVisible":6.12237,"tipPosition":[176.671,189.337,-34.7507],"tipVelocity":[1.62356,0.388185,5.62272],"tool":false,"touchDis