{"frames":105,"data":[{"currentFrameRate":114.895,"devices":[],"gestures":[],"hands":[{"armBasis":[[0.318959,-0.671313,-0.669032],[0.94361,0.158879,0.290443],[-0.0886825,-0.723945,0.684134]],"armWidth":61.1384,"confidence":1,"direction":[0.421131,0.493105,-0.761247],"elbow":[101.237,-48.0946,267.598],"grabAngle":0.835741,"grabStrength":0,"id":207,"palmNormal":[-0.864886,-0.0344562,-0.500785],"palmPosition":[145.036,179.888,40.75],"palmVelocity":[-98.8983,30.8286,-29.149],"palmWidth":85.7185,"pinchDistance":52.0927,"pinchStrength":0,"r":[[0.630175,-0.287973,-0.721077],[-0.672464,0.261847,-0.692263],[0.388165,0.921145,-0.0286419]],"s":0.872091,"sphereCenter":[52.4012,175.367,-26.094],"sphereRadius":113.3,"stabilizedPalmPosition":[152.226,175.037,43.207],"t":[-19.7024,-4.34021,-18.3858],"timeVisible":24.3161,"type":"right","wrist":[123.794,136.046,93.5835]}],"id":285000,"interactionBox":{"center":[0,200,0],"size":[235.247,235.247,147.751]},"pointables":[{"bases":[[[0.965676,-0.22276,0.133597],[0.0025915,0.522565,0.852595],[-0.259737,-0.822985,0.505206]],[[0.984502,-0.150839,0.0894585],[-0.00230229,0.498947,0.866629],[-0.175357,-0.853404,0.490868]],[[0.984502,-0.150839,0.0894585],[0.055483,0.751805,0.657047],[-0.166364,-0.641901,0.748523]],[[0.984502,-0.150839,0.0894585],[0.0823341,0.847945,0.523651],[-0.154843,-0.50817,0.847223]]],"btipPosition":[128.915,243.188,19.658],"carpPosition":[111.601,170.106,86.9784],"dipPosition":[125.38,231.587,38.9997],"direction":[0.166364,0.641901,-0.748523],"extended":true,"handId":207,"id":2070,"length":50.838,"mcpPosition":[111.601,170.106,86.9784],"pipPosition":[119.847,210.238,63.895],"stabilizedTipPosition":[136.083,235.592,25.025],"timeVisible":24.3161,"tipPosition":[131.166,237.172,22.6598],"tipVelocity":[-98.6563,54.3127,-0.137736],"tool":false,"touchDistance":0.302679,"touchZone":"hovering","type":0,"width":19.5844},{"bases":[[[0.34,-0.774154,-0.533935],[0.910097,0.127835,0.394185],[-0.236904,-0.619955,0.748019]],[[0.292033,-0.872734,-0.391219],[0.949682,0.216183,0.226646],[-0.113226,-0.437722,0.891953]],[[0.292033,-0.872734,-0.391219],[0.945872,0.324098,-0.0169364],[0.141574,-0.365097,0.920142]],[[0.292033,-0.872734,-0.391219],[0.896072,0.39266,-0.207058],[0.334323,-0.290093,0.896702]]],"btipPosition":[146.108,243.861,-40.4641],"carpPosition":[133.853,169.107,85.3991],"dipPosition":[151.68,239.027,-25.5192],"direction":[-0.141574,0.365097,-0.920142],"extended":true,"handId":207,"id":2071,"length":57.365,"mcpPosition":[150.272,212.074,33.556],"pipPosition":[155.018,230.418,-3.82452],"stabilizedTipPosition":[153.289,235.84,-36.1325],"timeVisible":24.3161,"tipPosition":[149.15,240.058,-37.165],"tipVelocity":[-92.8007,60.2146,-7.5979],"tool":false,"touchDistance":0.30467,"touchZone":"hovering","type":1,"width":18.7071},{"bases":[[[0.144703,-0.861168,-0.487289],[0.949054,-0.0185273,0.314569],[-0.279925,-0.507982,0.814614]],[[0.110202,-0.915719,-0.386412],[0.989703,0.065373,0.127335],[-0.0913419,-0.396466,0.913494]],[[0.110202,-0.915719,-0.386412],[0.968995,0.185489,-0.163222],[0.221141,-0.356444,0.907769]],[[0.110202,-0.915719,-0.386412],[0.892517,0.262247,-0.366933],[0.437343,-0.304443,0.846195]]],"btipPosition":[147.888,228.269,-57.695],"carpPosition":[139.346,160.772,79.4892],"dipPosition":[155.905,222.688,-42.1834],"direction":[-0.221141,0.356444,-0.907769],"extended":true,"handId":207,"id":2072,"length":65.3629,"mcpPosition":[157.744,194.16,25.9479],"pipPosition":[162.039,212.801,-17.0029],"stabilizedTipPosition":[155.133,219.577,-52.7565],"timeVisible":24.3161,"tipPosition":[151.449,226.264,-53.2678],"tipVelocity":[-83.9837,72.5362,-14.2439],"tool":false,"touchDistance":0.293081,"touchZone":"hovering","type":2,"width":18.3728},{"bases":[[[0.0299742,-0.922672,-0.384418],[0.94756,-0.0961905,0.304758],[-0.318169,-0.373394,0.871404]],[[0.0181971,-0.935839,-0.351957],[0.99794,-0.00465655,0.0639778],[-0.0615119,-0.352396,0.933827]],[[0.0181971,-0.935839,-0.351957],[0.950808,0.125075,-0.28341],[0.309247,-0.329486,0.892079]],[[0.0181971,-0.935839,-0.351957],[0.839631,0.205427,-0.502812],[0.542853,-0.286364,0.789498]]],"btipPosition":[145.239,202.747,-57.1028],"carpPosition":[142.034,151.231,73.5145],"dipPosition":[155.133,197.528,-42.7137],"direction":[-0.309247,0.329486,-0.892079],"extended":true,"handId":207,"id":2073,"length":62.8481,"mcpPosition":[160.809,173.266,22.0922],"pipPosition":[163.49,188.624,-18.6075],"stabilizedTipPosition":[153.119,194.431,-51.3934],"timeVisible":24.3161,"tipPosition":[148.264,202.309,-52.2581],"tipVelocity":[-88.428,71.9959,-27.8525],"tool":false,"touchDistance":0.271734,"touchZone":"hovering","type":3,"width":17.4829},{"bases":[[[-0.164031,-0.931026,-0.326014],[0.90883,-0.271137,0.317038],[-0.383565,-0.244287,0.890619]],[[-0.175871,-0.938167,-0.29818],[0.980026,-0.195427,0.0368392],[-0.0928338,-0.285746,0.953798]],[[-0.175871,-0.938167,-0.29818],[0.928381,-0.0573351,-0.36718],[0.32738,-0.341401,0.881061]],[[-0.175871,-0.938167,-0.29818],[0.799447,0.0406303,-0.599361],[0.574416,-0.34379,0.742869]]],"btipPosition":[146.324,175.665,-43.7954],"carpPosition":[138.074,140.17,67.0541],"dipPosition":[155.982,169.884,-31.3048],"direction":[-0.32738,0.341401,-0.881061],"extended":true,"handId":207,"id":2074,"length":49.2718,"mcpPosition":[159.026,153.515,18.4033],"pipPosition":[162.228,163.371,-14.495],"stabilizedTipPosition":[155.731,168.702,-38.0155],"timeVisible":24.3161,"tipPosition":[152.32,173.659,-40.1855],"tipVelocity":[-120.824,61.9871,-31.8394],"tool":false,"touchDistance":0.266579,"touchZone":"hovering","type":4,"width":15.5297}],"r":[[0.630175,-0.287973,-0.721077],[-0.672464,0.261847,-0.692263],[0.388165,0.921145,-0.0286419]],"s":0.872091,"t":[-19.7024,-4.34021,-18.3858],"timestamp":1134238699229},{"currentFrameRate":114.944,"devices":[],"gestures":[],"hands":[{"armBasis":[[0.310277,-0.671461,-0.672955],[0.946645,0.153354,0.283452],[-0.0871267,-0.724998,0.683218]],"armWidth":61.1384,"confidence":1,"direction":[0.42293,0.491679,-0.761171],"elbow":[100.459,-48.0425,266.995],"grabAngle":0.832585,"grabStrength":0,"id":207,"palmNormal":[-0.866481,-0.0264215,-0.498511],"palmPosition":[144.01,180.177,40.4175],"palmVelocity":[-119.162,33.6377,-38.5893],"palmWidth":85.7185,"pinchDistance":52.2518,"pinchStrength":0,"r":[[0.62833,-0.28836,-0.72253],[-0.67259,0.265355,-0.690803],[0.390927,0.920019,-0.0272179]],"s":0.872658,"sphereCenter":[50.7163,176.485,-26.3398],"sphereRadius":113.751,"stabilizedPalmPosition":[151.911,175.234,43.0999],"t":[-20.587,-4.06158,-18.6682],"timeVisible":24.3248,"type":"right","wrist":[122.62,136.366,93.2138]}],"id":285001,"interactionBox":{"center":[0,200,0],"size":[235.247,235.247,147.751]},"pointables":[{"bases":[[[0.964255,-0.230662,0.130415],[0.00900141,0.520404,0.853873],[-0.264825,-0.822177,0.503878]],[[0.984088,-0.156147,0.0847916],[0.00378441,0.495517,0.86859],[-0.177643,-0.854448,0.488223]],[[0.984088,-0.156147,0.0847916],[0.0620825,0.749293,0.659322],[-0.166485,-0.643567,0.747064]],[[0.984088,-0.156147,0.0847916],[0.0891004,0.846533,0.524826],[-0.153729,-0.50892,0.846976]]],"btipPosition":[128.024,243.747,19.5706],"carpPosition":[110.623,170.544,86.7125],"dipPosition":[124.514,232.129,38.9067],"direction":[0.166485,0.643567,-0.747064],"extended":true,"handId":207,"id":2070,"length":50.838,"mcpPosition":[110.623,170.544,86.7125],"pipPosition":[118.977,210.724,63.7535],"stabilizedTipPosition":[135.558,235.916,24.9655],"timeVisible":24.3248,"tipPosition":[130.474,237.683,22.5371],"tipVelocity":[-102.757,64.421,-10.2859],"tool":false,"touchDistance":0.301871,"touchZone":"hovering","type":0,"width":19.5844},{"bases":[[[0.332464,-0.775466,-0.536769],[0.912136,0.119708,0.392018],[-0.239741,-0.619938,0.747128]],[[0.284335,-0.873664,-0.394796],[0.952014,0.208656,0.223901],[-0.113237,-0.439515,0.891069]],[[0.284335,-0.873664,-0.394796],[0.948057,0.317485,-0.0197817],[0.142624,-0.368665,0.918556]],[[0.284335,-0.873664,-0.394796],[0.898053,0.386875,-0.209353],[0.335641,-0.295022,0.894599]]],"btipPosition":[145.268,244.368,-40.6219],"carpPosition":[132.863,169.373,85.0702],"dipPosition":[150.862,239.451,-25.712],"direction":[-0.142624,0.368665,-0.918556],"extended":true,"handId":207,"id":2071,"length":57.365,"mcpPosition":[149.479,212.34,33.2887],"pipPosition":[154.225,230.759,-4.05474],"stabilizedTipPosition":[152.947,236.215,-36.1863],"timeVisible":24.3248,"tipPosition":[148.374,240.525,-37.3586],"tipVelocity":[-96.8872,56.647,-19.2462],"tool":false,"touchDistance":0.302239,"touchZone":"hovering","type":1,"width":18.7071},{"bases":[[[0.136617,-0.861061,-0.489806],[0.949726,-0.0267569,0.311935],[-0.281701,-0.507797,0.814117]],[[0.102398,-0.914997,-0.390251],[0.990428,0.0572771,0.125586],[-0.0925581,-0.399375,0.912103]],[[0.102398,-0.914997,-0.390251],[0.970568,0.177866,-0.162362],[0.217973,-0.362139,0.90628]],[[0.102398,-0.914997,-0.390251],[0.895288,0.255762,-0.364753],[0.433559,-0.312037,0.845375]]],"btipPosition":[147.147,228.929,-57.9051],"carpPosition":[138.274,161.011,79.1248],"dipPosition":[155.095,223.21,-42.4085],"direction":[-0.217973,0.362139,-0.90628],"extended":true,"handId":207,"id":2072,"length":65.3629,"mcpPosition":[156.789,194.386,25.6161],"pipPosition":[161.141,213.164,-17.2693],"stabilizedTipPosition":[154.803,220.008,-52.8415],"timeVisible":24.3248,"tipPosition":[150.51,226.748,-53.5142],"tipVelocity":[-87.8177,72.937,-24.7799],"tool":false,"touchDistance":0.290024,"touchZone":"hovering","type":2,"width":18.3728},{"bases":[[[0.0216873,-0.921919,-0.386775],[0.947596,-0.104381,0.301937],[-0.318734,-0.373055,0.871343]],[[0.0104476,-0.934486,-0.355845],[0.997968,-0.0126246,0.0624538],[-0.0628546,-0.355775,0.932456]],[[0.0104476,-0.934486,-0.355845],[0.952325,0.11781,-0.281421],[0.304906,-0.33594,0.891166]],[[0.0104476,-0.934486,-0.355845],[0.843964,0.199101,-0.49808],[0.536299,-0.295117,0.790753]]],"btipPosition":[144.405,203.441,-57.4329],"carpPosition":[140.871,151.464,73.1193],"dipPosition":[154.179,198.062,-43.0209],"direction":[-0.304906,0.33594,-0.891166],"extended":true,"handId":207,"id":2073,"length":62.8481,"mcpPosition":[159.679,173.479,21.7005],"pipPosition":[162.419,188.984,-18.9394],"stabilizedTipPosition":[152.788,194.829,-51.5328],"timeVisible":24.3248,"tipPosition":[147.152,202.793,-52.5738],"tipVelocity":[-100.036,76.284,-37.7003],"tool":false,"touchDistance":0.267662,"touchZone":"hovering","type":3,"width":17.4829},{"bases":[[[-0.172219,-0.928895,-0.327864],[0.907527,-0.279048,0.313891],[-0.383061,-0.243487,0.891054]],[[-0.183241,-0.935557,-0.301919],[0.978761,-0.202339,0.0329571],[-0.0919232,-0.289468,0.952764]],[[-0.183241,-0.935557,-0.301919],[0.927283,-0.0625041,-0.369106],[0.326448,-0.3476,0.87898]],[[-0.183241,-0.935557,-0.301919],[0.799531,0.0368675,-0.599493],[0.571991,-0.351245,0.741251]]],"btipPosition":[145.056,176.273,-44.1283],"carpPosition":[136.807,140.451,66.6423],"dipPosition":[154.674,170.367,-31.6649],"direction":[-0.326448,0.3476,-0.87898],"extended":true,"handId":207,"id":2074,"length":49.2718,"mcpPosition":[157.732,153.751,17.9678],"pipPosition":[160.902,163.736,-14.8948],"stabilizedTipPosition":[155.183,169.105,-38.2259],"timeVisible":24.3248,"tipPosition":[150.997,174.1,-40.5581],"tipVelocity":[-148.21,67.2894,-39.3718],"tool":false,"touchDistance":0.26512,"touchZone":"hovering","type":4,"width":15.5297}],"r":[[0.62833,-0.28836,-0.72253],[-0.67259,0.265355,-0.690803],[0.390927,0.920019,-0.0272179]],"s":0.872658,"t":[-20.587,-4.06158,-18.6682],"timestamp":1134238707845},{"currentFrameRate":114.777,"devices":[],"gestures":[],"hands":[{"armBasis":[[0.297651,-0.671551,-0.678545],[0.950933,0.145687,0.272951],[-0.0844453,-0.726495,0.681964]],"armWidth":61.1384,"confidence":1,"direction":[0.423322,0.487438,-0.763677],"elbow":[99.7069,-47.9972,266.474],"grabAngle":0.827771,"grabStrength":0,"id":207,"palmNormal":[-0.869828,-0.0170695,-0.493059],"palmPosition":[142.647,180.425,40.0999],"palmVelocity":[-151.43,27.4992,-35.3062],"palmWidth":85.7185,"pinchDistance":52.4686,"pinchStrength":0,"r":[[0.625328,-0.289946,-0.724497],[-0.672979,0.269626,-0.688767],[0.395048,0.918277,-0.0265232]],"s":0.873546,"sphereCenter":[48.2537,177.681,-26.2837],"sphereRadius":114.404,"stabilizedPalmPosition":[151.396,175.522,42.9334],"t":[-21.7105,-3.79856,-18.9683],"timeVisible":24.3338,"type":"right","wrist":[121.186,136.792,93.0114]}],"id":285002,"interactionBox":{"center":[0,200,0],"size":[235.247,235.247,147.751]},"pointables":[{"bases":[[[0.962558,-0.240907,0.124283],[0.0198801,0.519982,0.853946],[-0.270346,-0.819502,0.505302]],[[0.983642,-0.163117,0.0764252],[0.0142459,0.493385,0.869695],[-0.179569,-0.85438,0.487638]],[[0.983642,-0.163117,0.0764252],[0.0726722,0.74756,0.660206],[-0.164823,-0.643853,0.747186]],[[0.983642,-0.163117,0.0764252],[0.0995877,0.845976,0.523839],[-0.150101,-0.507659,0.848382]]],"btipPosition":[126.806,244.31,19.4507],"carpPosition":[109.453,171.129,86.6012],"dipPosition":[123.379,232.721,38.8188],"direction":[0.164823,0.643853,-0.747186],"extended":true,"handId":207,"id":2070,"length":50.838,"mcpPosition":[109.453,171.129,86.6012],"pipPosition":[117.897,211.307,63.6697],"stabilizedTipPosition":[134.818,236.361,24.8832],"timeVisible":24.3338,"tipPosition":[129.513,238.173,22.3636],"tipVelocity":[-133.313,63.2988,-12.5138],"tool":false,"touchDistance":0.301563,"touchZone":"hovering","type":0,"width":19.5844},{"bases":[[[0.320851,-0.778756,-0.539068],[0.915799,0.109904,0.386308],[-0.241594,-0.617625,0.748446]],[[0.272959,-0.875881,-0.397901],[0.955604,0.199148,0.217166],[-0.11097,-0.439513,0.891355]],[[0.272959,-0.875881,-0.397901],[0.950974,0.308177,-0.0260098],[0.145405,-0.371294,0.91706]],[[0.272959,-0.875881,-0.397901],[0.900532,0.378135,-0.214608],[0.338431,-0.299744,0.891974]]],"btipPosition":[143.994,244.699,-40.8976],"carpPosition":[131.668,169.724,84.8187],"dipPosition":[149.634,239.703,-26.0315],"direction":[-0.145405,0.371294,-0.917059],"extended":true,"handId":207,"id":2071,"length":57.365,"mcpPosition":[148.412,212.53,32.9459],"pipPosition":[153.063,230.949,-4.40953],"stabilizedTipPosition":[152.429,236.711,-36.2737],"timeVisible":24.3338,"tipPosition":[147.148,240.771,-37.6836],"tipVelocity":[-140.419,34.7561,-31.7703],"tool":false,"touchDistance":0.298949,"touchZone":"hovering","type":1,"width":18.7071},{"bases":[[[0.124407,-0.862288,-0.490899],[0.951332,-0.0369224,0.305949],[-0.281941,-0.50507,0.815729]],[[0.0906801,-0.915303,-0.392425],[0.991625,0.0466003,0.120449],[-0.0919604,-0.400061,0.911863]],[[0.0906801,-0.915303,-0.392425],[0.972236,0.166719,-0.164198],[0.215716,-0.36664,0.905009]],[[0.0906801,-0.915303,-0.392425],[0.898259,0.245319,-0.364621],[0.430008,-0.319435,0.844425]]],"btipPosition":[145.941,229.339,-58.2348],"carpPosition":[136.952,161.307,78.837],"dipPosition":[153.823,223.483,-42.7556],"direction":[-0.215716,0.36664,-0.905009],"extended":true,"handId":207,"id":2072,"length":65.3629,"mcpPosition":[155.483,194.503,25.2224],"pipPosition":[159.807,213.313,-17.6517],"stabilizedTipPosition":[154.314,220.562,-52.9686],"timeVisible":24.3338,"tipPosition":[149.027,226.976,-53.8727],"tipVelocity":[-135.743,42.0112,-37.0973],"tool":false,"touchDistance":0.286278,"touchZone":"hovering","type":2,"width":18.3728},{"bases":[[[0.00948918,-0.921962,-0.387165],[0.948316,-0.114516,0.295942],[-0.317184,-0.369963,0.873225]],[[-0.00123629,-0.933939,-0.357431],[0.998058,-0.0234121,0.057722],[-0.062277,-0.356665,0.932154]],[[-0.00123629,-0.933939,-0.357431],[0.953578,0.106538,-0.281673],[0.301145,-0.341186,0.890451]],[[-0.00123629,-0.933939,-0.357431],[0.848438,0.188206,-0.494703],[0.529293,-0.303869,0.792157]]],"btipPosition":[143.057,203.87,-57.8438],"carpPosition":[139.41,151.735,72.8126],"dipPosition":[152.704,198.331,-43.4062],"direction":[-0.301145,0.341186,-0.890451],"extended":true,"handId":207,"id":2073,"length":62.8481,"mcpPosition":[158.127,173.567,21.2828],"pipPosition":[160.841,189.112,-19.3439],"stabilizedTipPosition":[152.263,195.372,-51.7417],"timeVisible":24.3338,"tipPosition":[145.44,203.027,-52.9432],"tipVelocity":[-153.098,43.5421,-45.0134],"tool":false,"touchDistance":0.264726,"touchZone":"hovering","type":3,"width":17.4829},{"bases":[[[-0.184106,-0.926905,-0.327037],[0.906475,-0.288753,0.308099],[-0.380011,-0.239728,0.893377]],[[-0.194475,-0.93314,-0.302373],[0.97693,-0.211985,0.025873],[-0.0882416,-0.290365,0.952839]],[[-0.194475,-0.93314,-0.302373],[0.924739,-0.0715968,-0.373807],[0.327165,-0.352312,0.876835]],[[-0.194475,-0.93314,-0.302373],[0.797835,0.0288546,-0.602185],[0.570648,-0.358354,0.73888]]],"btipPosition":[143.154,176.625,-44.4611],"carpPosition":[135.189,140.767,66.3583],"dipPosition":[152.749,170.6,-32.0376],"direction":[-0.327165,0.352312,-0.876835],"extended":true,"handId":207,"id":2074,"length":49.2718,"mcpPosition":[155.947,153.863,17.5568],"pipPosition":[158.991,163.878,-15.3084],"stabilizedTipPosition":[154.201,169.718,-38.5636],"timeVisible":24.3338,"tipPosition":[149.039,174.307,-40.9237],"tipVelocity":[-212.044,36.0452,-38.004],"tool":false,"touchDistance":0.267677,"touchZone":"hovering","type":4,"width":15.5297}],"r":[[0.625328,-0.289946,-0.724497],[-0.672979,0.269626,-0.688767],[0.395048,0.918277,-0.0265232]],"s":0.873546,"t":[-21.7105,-3.79856,-18.9683],"timestamp":1134238716842},{"currentFrameRate":114.938,"devices":[],"gestures":[],"hands":[{"armBasis":[[0.284157,-0.671375,-0.684478],[0.955337,0.137839,0.261403],[-0.0811512,-0.728186,0.680558]],"armWidth":61.1384,"confidence":1,"direction":[0.420174,0.482462,-0.76856],"elbow":[98.9625,-47.9375,266.162],"grabAngle":0.816662,"grabStrength":0,"id":207,"palmNormal":[-0.874912,-0.00935873,-0.484192],"palmPosition":[140.91,180.687,39.8982],"palmVelocity":[-206.107,31.0926,-23.9324],"palmWidth":85.7185,"pinchDistance":52.6433,"pinchStrength":0,"r":[[0.620887,-0.292571,-0.727257],[-0.674145,0.274154,-0.685834],[0.400035,0.916101,-0.0270162]],"s":0.874664,"sphereCenter":[44.3972,178.671,-25.9876],"sphereRadius":115.863,"stabilizedPalmPosition":[150.57,175.929,42.6942],"t":[-23.1407,-3.53604,-19.2191],"timeVisible":24.3422,"type":"right","wrist":[119.604,137.282,93.0567]}],"id":285003,"interactionBox":{"center":[0,200,0],"size":[235.247,235.247,147.751]},"pointables":[{"bases":[[[0.96143,-0.249932,0.114829],[0.033502,0.52079,0.853027],[-0.273,-0.816279,0.509077]],[[0.983405,-0.169448,0.0648288],[0.0275503,0.49266,0.869786],[-0.179322,-0.853565,0.489153]],[[0.983405,-0.169448,0.0648288],[0.0854643,0.747867,0.658325],[-0.160035,-0.641859,0.749937]],[[0.983405,-0.169448,0.0648288],[0.111751,0.847244,0.519317],[-0.142923,-0.503454,0.852119]]],"btipPosition":[125.121,244.745,19.3471],"carpPosition":[108.102,171.764,86.7457],"dipPosition":[121.858,233.251,38.8006],"direction":[0.160035,0.641859,-0.749937],"extended":true,"handId":207,"id":2070,"length":50.838,"mcpPosition":[108.102,171.764,86.7457],"pipPosition":[116.535,211.903,63.743],"stabilizedTipPosition":[133.76,236.942,24.7757],"timeVisible":24.3422,"tipPosition":[128.065,238.615,22.2564],"tipVelocity":[-195.475,54.1521,-9.96303],"tool":false,"touchDistance":0.303567,"touchZone":"hovering","type":0,"width":19.5844},{"bases":[[[0.307926,-0.782427,-0.541285],[0.920679,0.101623,0.37686],[-0.239859,-0.614395,0.751656]],[[0.260756,-0.878585,-0.400118],[0.959657,0.190735,0.206589],[-0.105189,-0.437845,0.892876]],[[0.260756,-0.878585,-0.400118],[0.953713,0.29874,-0.0344455],[0.149795,-0.372616,0.915816]],[[0.260756,-0.878585,-0.400118],[0.90306,0.368506,-0.220648],[0.341304,-0.303795,0.889505]]],"btipPosition":[142.096,244.925,-41.1922],"carpPosition":[130.284,170.145,84.7399],"dipPosition":[147.784,239.862,-26.3672],"direction":[-0.149795,0.372616,-0.915816],"extended":true,"handId":207,"id":2071,"length":57.365,"mcpPosition":[146.908,212.727,32.6446],"pipPosition":[151.316,231.076,-4.77455],"stabilizedTipPosition":[151.54,237.405,-36.4223],"timeVisible":24.3422,"tipPosition":[145.187,240.909,-38.0037],"tipVelocity":[-223.889,24.9446,-36.0774],"tool":false,"touchDistance":0.29871,"touchZone":"hovering","type":1,"width":18.7071},{"bases":[[[0.111194,-0.864023,-0.491019],[0.953993,-0.0456324,0.296335],[-0.278447,-0.501379,0.819198]],[[0.0783306,-0.916094,-0.393239],[0.993022,0.0368177,0.112033],[-0.0881542,-0.39927,0.912585]],[[0.0783306,-0.916094,-0.393239],[0.973616,0.155099,-0.167382],[0.214328,-0.369752,0.904072]],[[0.0783306,-0.916094,-0.393239],[0.901926,0.233171,-0.36354],[0.424729,-0.326196,0.844513]]],"btipPosition":[144.142,229.633,-58.5937],"carpPosition":[135.427,161.67,78.7158],"dipPosition":[151.928,223.653,-43.1129],"direction":[-0.214328,0.369752,-0.904072],"extended":true,"handId":207,"id":2072,"length":65.3629,"mcpPosition":[153.728,194.624,24.8732],"pipPosition":[157.873,213.397,-18.0349],"stabilizedTipPosition":[153.502,221.307,-53.1686],"timeVisible":24.3422,"tipPosition":[146.754,227.098,-54.2192],"tipVelocity":[-216.081,31.5244,-42.537],"tool":false,"touchDistance":0.286359,"touchZone":"hovering","type":2,"width":18.3728},{"bases":[[[-0.00322804,-0.922473,-0.386048],[0.950137,-0.123206,0.28646],[-0.311815,-0.365874,0.876874]],[[-0.0132839,-0.933794,-0.357563],[0.998152,-0.033589,0.0506367],[-0.0592945,-0.35623,0.932515]],[[-0.0132839,-0.933794,-0.357563],[0.954874,0.0942656,-0.281654],[0.296713,-0.345169,0.890404]],[[-0.0132839,-0.933794,-0.357563],[0.854879,0.174879,-0.488466],[0.518657,-0.312162,0.795958]]],"btipPosition":[141.246,204.201,-58.2763],"carpPosition":[137.732,152.068,72.6792],"dipPosition":[150.699,198.512,-43.7694],"direction":[-0.296713,0.345169,-0.890404],"extended":true,"handId":207,"id":2073,"length":62.8481,"mcpPosition":[156.132,173.659,20.934],"pipPosition":[158.717,189.185,-19.7084],"stabilizedTipPosition":[151.409,196.098,-52.0504],"timeVisible":24.3422,"tipPosition":[142.993,203.139,-53.2722],"tipVelocity":[-220.209,35.2612,-49.4329],"tool":false,"touchDistance":0.266658,"touchZone":"hovering","type":3,"width":17.4829},{"bases":[[[-0.196241,-0.925496,-0.323954],[0.906763,-0.297021,0.299265],[-0.37319,-0.235021,0.897493]],[[-0.205598,-0.931133,-0.301198],[0.975071,-0.221153,0.0180963],[-0.083461,-0.289969,0.95339]],[[-0.205598,-0.931133,-0.301198],[0.922639,-0.0818084,-0.376888],[0.326292,-0.355384,0.87592]],[[-0.205598,-0.931133,-0.301198],[0.798062,0.0186097,-0.602287],[0.566415,-0.364204,0.739276]]],"btipPosition":[140.857,176.878,-44.7703],"carpPosition":[133.341,141.134,66.2822],"dipPosition":[150.38,170.754,-32.3401],"direction":[-0.326292,0.355384,-0.87592],"extended":true,"handId":207,"id":2074,"length":49.2718,"mcpPosition":[153.727,153.972,17.2558],"pipPosition":[156.606,163.974,-15.6284],"stabilizedTipPosition":[152.613,170.537,-39.0403],"timeVisible":24.3422,"tipPosition":[146.349,174.434,-41.1937],"tipVelocity":[-274.542,27.2973,-36.5096],"tool":false,"touchDistance":0.274828,"touchZone":"hovering","type":4,"width":15.5297}],"r":[[0.620887,-0.292571,-0.727257],[-0.674145,0.274154,-0.685834],[0.400035,0.916101,-0.0270162]],"s":0.874664,"t":[-23.1407,-3.53604,-19.2191],"timestamp":1134238725269},{"currentFrameRate":114.777,"devices":[],"gestures":[],"hands":[{"armBasis":[[0.270001,-0.670332,-0.691198],[0.959803,0.130216,0.248641],[-0.0766664,-0.730547,0.678545]],"armWidth":61.1384,"confidence":1,"direction":[0.41626,0.477869,-0.773543],"elbow":[98.0516,-48.0124,265.714],"grabAngle":0.80299,"grabStrength":0,"id":207,"palmNormal":[-0.880201,-0.00152549,-0.474598],"palmPosition":[138.646,181.014,39.7197],"palmVelocity":[-251.948,36.4307,-19.8691],"palmWidth":85.7185,"pinchDistance":52.771,"pinchStrength":0,"r":[[0.615164,-0.295934,-0.73075],[-0.676021,0.278931,-0.682051],[0.405671,0.913576,-0.0284688]],"s":0.876235,"sphereCenter":[39.6643,179.786,-25.6124],"sphereRadius":117.605,"stabilizedPalmPosition":[149.023,176.589,42.3082],"t":[-24.9879,-3.24108,-19.4339],"timeVisible":24.3512,"type":"right","wrist":[117.552,137.808,93.1208]}],"id":285004,"interactionBox":{"center":[0,200,0],"size":[235.247,235.247,147.751]},"pointables":[{"bases":[[[0.960239,-0.258866,0.104549],[0.0477134,0.521142,0.852135],[-0.275073,-0.813265,0.512772]],[[0.983058,-0.175649,0.052378],[0.0416095,0.492161,0.869509],[-0.178507,-0.852599,0.491132]],[[0.983058,-0.175649,0.052378],[0.0986314,0.747796,0.656562],[-0.154493,-0.640272,0.752452]],[[0.983058,-0.175649,0.052378],[0.124181,0.848434,0.514527],[-0.134816,-0.499306,0.855873]]],"btipPosition":[122.88,245.226,19.2698],"carpPosition":[106.27,172.438,86.9308],"dipPosition":[119.802,233.827,38.809],"direction":[0.154493,0.640272,-0.752452],"extended":true,"handId":207,"id":2070,"length":50.838,"mcpPosition":[106.27,172.438,86.9308],"pipPosition":[114.664,212.532,63.835],"stabilizedTipPosition":[131.94,237.831,24.6168],"timeVisible":24.3512,"tipPosition":[126.065,239.124,22.2016],"tipVelocity":[-244.546,55.9669,-6.4058],"tool":false,"touchDistance":0.307241,"touchZone":"hovering","type":0,"width":19.5844},{"bases":[[[0.29463,-0.785724,-0.543903],[0.925657,0.0932683,0.366689],[-0.237387,-0.611505,0.754791]],[[0.248567,-0.88057,-0.403499],[0.963628,0.182594,0.195142],[-0.0981602,-0.437329,0.893929]],[[0.248567,-0.88057,-0.403499],[0.956232,0.289481,-0.0426781],[0.154386,-0.37523,0.913984]],[[0.248567,-0.88057,-0.403499],[0.905746,0.358939,-0.225359],[0.343276,-0.309451,0.886793]]],"btipPosition":[139.617,245.323,-41.4208],"carpPosition":[128.412,170.609,84.6843],"dipPosition":[145.338,240.165,-26.641],"direction":[-0.154386,0.37523,-0.913984],"extended":true,"handId":207,"id":2071,"length":57.365,"mcpPosition":[144.865,212.991,32.3718],"pipPosition":[148.978,231.318,-5.09152],"stabilizedTipPosition":[149.786,238.519,-36.6868],"timeVisible":24.3512,"tipPosition":[142.619,241.16,-38.2767],"tipVelocity":[-275.001,41.8714,-26.5908],"tool":false,"touchDistance":0.301556,"touchZone":"hovering","type":1,"width":18.7071},{"bases":[[[0.0977016,-0.865427,-0.491416],[0.956705,-0.0543585,0.285939],[-0.274172,-0.498077,0.822648]],[[0.0658118,-0.916562,-0.394439],[0.994363,0.0273103,0.102447],[-0.0831271,-0.398958,0.913193]],[[0.0658118,-0.916562,-0.394439],[0.97484,0.143427,-0.170633],[0.212969,-0.373286,0.902941]],[[0.0658118,-0.916562,-0.394439],[0.906223,0.220355,-0.360838],[0.417647,-0.333702,0.845111]]],"btipPosition":[141.774,230.048,-58.9322],"carpPosition":[133.409,162.081,78.6121],"dipPosition":[149.43,223.931,-43.4404],"direction":[-0.212969,0.373286,-0.902941],"extended":true,"handId":207,"id":2072,"length":65.3629,"mcpPosition":[151.429,194.818,24.5428],"pipPosition":[155.338,213.576,-18.3938],"stabilizedTipPosition":[151.92,222.471,-53.5179],"timeVisible":24.3512,"tipPosition":[143.884,227.335,-54.5262],"tipVelocity":[-266.791,42.664,-37.3901],"tool":false,"touchDistance":0.289569,"touchZone":"hovering","type":2,"width":18.3728},{"bases":[[[-0.0161103,-0.922714,-0.385148],[0.952013,-0.1319,0.276177],[-0.305634,-0.362217,0.880561]],[[-0.0257093,-0.933644,-0.35728],[0.99815,-0.0436703,0.0422941],[-0.0550901,-0.355531,0.933039]],[[-0.0257093,-0.933644,-0.35728],[0.956072,0.0814312,-0.281594],[0.292002,-0.348825,0.890537]],[[-0.0257093,-0.933644,-0.35728],[0.861954,0.160319,-0.480971],[0.506334,-0.320324,0.800636]]],"btipPosition":[138.875,204.588,-58.7253],"carpPosition":[135.558,152.453,72.5594],"dipPosition":[148.104,198.75,-44.1331],"direction":[-0.292002,0.348825,-0.890537],"extended":true,"handId":207,"id":2073,"length":62.8481,"mcpPosition":[153.593,173.828,20.5967],"pipPosition":[155.994,189.324,-20.0686],"stabilizedTipPosition":[149.789,197.21,-52.5669],"timeVisible":24.3512,"tipPosition":[139.97,203.365,-53.5736],"tipVelocity":[-269.513,39.1851,-47.7778],"tool":false,"touchDistance":0.271915,"touchZone":"hovering","type":3,"width":17.4829},{"bases":[[[-0.208453,-0.923872,-0.320947],[0.907151,-0.30529,0.289614],[-0.365548,-0.230777,0.90173]],[[-0.217375,-0.929266,-0.298686],[0.972999,-0.230617,0.00937118],[-0.0775905,-0.288585,0.954305]],[[-0.217375,-0.929266,-0.298686],[0.920466,-0.093332,-0.379515],[0.324793,-0.357428,0.875645]],[[-0.217375,-0.929266,-0.298686],[0.799173,0.00625311,-0.601068],[0.56042,-0.369359,0.741285]]],"btipPosition":[138.02,177.145,-45.1233],"carpPosition":[130.995,141.555,66.2207],"dipPosition":[147.442,170.935,-32.6593],"direction":[-0.324793,0.357428,-0.875645],"extended":true,"handId":207,"id":2074,"length":49.2718,"mcpPosition":[150.963,154.162,16.963],"pipPosition":[153.639,164.116,-15.9528],"stabilizedTipPosition":[149.827,171.698,-39.7614],"timeVisible":24.3512,"tipPosition":[143.066,174.671,-41.4417],"tipVelocity":[-318.262,27.5712,-38.4101],"tool":false,"touchDistance":0.283028,"touchZone":"hovering","type":4,"width":15.5297}],"r":[[0.615164,-0.295934,-0.73075],[-0.676021,0.278931,-0.682051],[0.405671,0.913576,-0.0284688]],"s":0.876235,"t":[-24.9879,-3.24108,-19.4339],"timestamp":1134238734256},{"currentFrameRate":114.981,"devices":[],"gestures":[],"hands":[{"armBasis":[[0.259039,-0.667673,-0.697934],[0.963252,0.125444,0.237507],[-0.0710257,-0.73381,0.675632]],"armWidth":61.1384,"confidence":1,"direction":[0.414649,0.474595,-0.776419],"elbow":[96.8788,-48.2404,264.819],"grabAngle":0.795775,"grabStrength":0,"id":207,"palmNormal":[-0.883356,0.0050462,-0.468675],"palmPosition":[135.941,181.501,39.4388],"palmVelocity":[-323.973,58.2642,-33.6291],"palmWidth":85.7185,"pinchDistance":52.9489,"pinchStrength":0,"r":[[0.60912,-0.299543,-0.734334],[-0.677969,0.283758,-0.678114],[0.411498,0.910909,-0.0302384]],"s":0.878359,"sphereCenter":[35.5449,181.17,-25.3523],"sphereRadius":118.481,"stabilizedPalmPosition":[146.548,177.518,41.7654],"t":[-27.2641,-2.85035,-19.6816],"timeVisible":24.3595,"type":"right","wrist":[114.945,138.41,92.9665]}],"id":285005,"interactionBox":{"center":[0,200,0],"size":[235.247,235.247,147.751]},"pointables":[{"bases":[[[0.958938,-0.266091,0.0981495],[0.0573688,0.520897,0.851689],[-0.277752,-0.811087,0.514774]],[[0.982661,-0.180121,0.0439722],[0.0509087,0.49016,0.870145],[-0.178285,-0.852819,0.490831]],[[0.982661,-0.180121,0.0439722],[0.107275,0.74576,0.657521],[-0.151226,-0.641404,0.752152]],[[0.982661,-0.180121,0.0439722],[0.13236,0.847559,0.51393],[-0.129839,-0.499199,0.856704]]],"btipPosition":[120.197,246.01,19.2123],"carpPosition":[103.819,173.176,86.8681],"dipPosition":[117.232,234.613,38.7705],"direction":[0.151226,0.641404,-0.752152],"extended":true,"handId":207,"id":2070,"length":50.838,"mcpPosition":[103.819,173.176,86.8681],"pipPosition":[112.203,213.281,63.7865],"stabilizedTipPosition":[129.155,239.077,24.4137],"timeVisible":24.3595,"tipPosition":[123.579,239.792,22.0362],"tipVelocity":[-318.281,93.9478,-6.36427],"tool":false,"touchDistance":0.312608,"touchZone":"hovering","type":0,"width":19.5844},{"bases":[[[0.285031,-0.788009,-0.545709],[0.928777,0.0863344,0.360444],[-0.23692,-0.60958,0.756493]],[[0.239838,-0.881433,-0.406882],[0.966343,0.176584,0.187078],[-0.0930479,-0.438056,0.894119]],[[0.239838,-0.881433,-0.406882],[0.957901,0.282988,-0.048401],[0.157805,-0.378144,0.912198]],[[0.239838,-0.881433,-0.406882],[0.907461,0.352469,-0.228651],[0.344953,-0.31439,0.884402]]],"btipPosition":[136.781,245.942,-41.6757],"carpPosition":[125.931,171.18,84.4733],"dipPosition":[142.53,240.702,-26.9358],"direction":[-0.157805,0.378144,-0.912198],"extended":true,"handId":207,"id":2071,"length":57.365,"mcpPosition":[142.351,213.428,32.0428],"pipPosition":[146.251,231.786,-5.42843],"stabilizedTipPosition":[147.015,239.994,-37.0661],"timeVisible":24.3595,"tipPosition":[139.824,241.638,-38.5912],"tipVelocity":[-338.909,71.8696,-31.6278],"tool":false,"touchDistance":0.306018,"touchZone":"hovering","type":1,"width":18.7071},{"bases":[[[0.0878636,-0.866215,-0.491885],[0.958167,-0.061535,0.279518],[-0.272391,-0.495867,0.824572]],[[0.0566248,-0.916554,-0.395883],[0.995253,0.0203859,0.0951578],[-0.0791468,-0.399392,0.913358]],[[0.0566248,-0.916554,-0.395883],[0.97548,0.135257,-0.173622],[0.21268,-0.376344,0.901738]],[[0.0566248,-0.916554,-0.395883],[0.908334,0.211874,-0.36061],[0.414395,-0.339174,0.844534]]],"btipPosition":[138.951,230.641,-59.2651],"carpPosition":[130.822,162.614,78.3695],"dipPosition":[146.547,224.423,-43.7839],"direction":[-0.21268,0.376344,-0.901738],"extended":true,"handId":207,"id":2072,"length":65.3629,"mcpPosition":[148.726,195.205,24.1737],"pipPosition":[152.447,213.984,-18.7707],"stabilizedTipPosition":[149.344,224.018,-54.0197],"timeVisible":24.3595,"tipPosition":[140.893,227.786,-54.8608],"tipVelocity":[-339.741,68.2343,-40.1605],"tool":false,"touchDistance":0.296031,"touchZone":"hovering","type":2,"width":18.3728},{"bases":[[[-0.025661,-0.922625,-0.384843],[0.952824,-0.139041,0.269804],[-0.302436,-0.359765,0.882667]],[[-0.0351465,-0.933469,-0.356933],[0.998064,-0.051126,0.0354296],[-0.051321,-0.354996,0.933458]],[[-0.0351465,-0.933469,-0.356933],[0.956565,0.0719999,-0.282489],[0.289394,-0.351358,0.890393]],[[-0.0351465,-0.933469,-0.356933],[0.86542,0.150192,-0.478006],[0.499812,-0.325697,0.802564]]],"btipPosition":[136.012,205.102,-59.154],"carpPosition":[132.858,152.969,72.3045],"dipPosition":[145.121,199.166,-44.5267],"direction":[-0.289394,0.351358,-0.890393],"extended":true,"handId":207,"id":2073,"length":62.8481,"mcpPosition":[150.705,174.199,20.2174],"pipPosition":[152.941,189.671,-20.4661],"stabilizedTipPosition":[147.171,198.673,-53.2893],"timeVisible":24.3595,"tipPosition":[136.833,203.824,-53.9049],"tipVelocity":[-346.217,58.8621,-50.3813],"tool":false,"touchDistance":0.281843,"touchZone":"hovering","type":3,"width":17.4829},{"bases":[[[-0.217571,-0.922322,-0.319351],[0.906746,-0.312085,0.283576],[-0.361213,-0.227872,0.904212]],[[-0.226853,-0.927914,-0.295828],[0.971228,-0.238141,0.00219377],[-0.0724845,-0.286819,0.955239]],[[-0.226853,-0.927914,-0.295828],[0.918415,-0.10273,-0.382048],[0.324117,-0.358362,0.875514]],[[-0.226853,-0.927914,-0.295828],[0.799475,-0.00394752,-0.600687],[0.556217,-0.372774,0.742739]]],"btipPosition":[134.866,177.551,-45.5349],"carpPosition":[128.17,142.105,65.9988],"dipPosition":[144.218,171.283,-33.0465],"direction":[-0.324117,0.358362,-0.875514],"extended":true,"handId":207,"id":2074,"length":49.2718,"mcpPosition":[147.902,154.553,16.6054],"pipPosition":[150.402,164.446,-16.3425],"stabilizedTipPosition":[145.95,173.033,-40.6393],"timeVisible":24.3595,"tipPosition":[139.734,175.124,-41.7603],"tipVelocity":[-379.66,46.9389,-48.6292],"tool":false,"touchDistance":0.292209,"touchZone":"hovering","type":4,"width":15.5297}],"r":[[0.60912,-0.299543,-0.734334],[-0.677969,0.283758,-0.678114],[0.411498,0.910909,-0.0302384]],"s":0.878359,"t":[-27.2641,-2.85035,-19.6816],"timestamp":1134238742606},{"currentFrameRate":114.97,"devices":[],"gestures":[],"hands":[{"armBasis":[[0.253943,-0.663478,-0.703782],[0.965045,0.12504,0.230334],[-0.0648204,-0.737673,0.672039]],"armWidth":61.1384,"confidence":1,"direction":[0.410444,0.476227,-0.777653],"elbow":[95.2223,-48.7556,263.369],"grabAngle":0.780717,"grabStrength":0,"id":207,"palmNormal":[-0.886099,0.00691785,-0.463445],"palmPosition":[132.398,182.116,38.9041],"palmVelocity":[-406.525,70.5543,-61.3521],"palmWidth":85.7185,"pinchDistance":53.1089,"pinchStrength":0,"r":[[0.603338,-0.302122,-0.738042],[-0.680237,0.288076,-0.67401],[0.416246,0.908699,-0.0317076]],"s":0.880909,"sphereCenter":[29.768,182.388,-25.5249],"sphereRadius":120.171,"stabilizedPalmPosition":[142.134,178.952,40.8729],"t":[-30.1739,-2.3475,-20.0729],"timeVisible":24.3682,"type":"right","wrist":[111.71,138.877,92.4305]}],"id":285006,"interactionBox":{"center":[0,200,0],"size":[235.247,235.247,147.751]},"pointables":[{"bases":[[[0.959288,-0.267086,0.0918249],[0.0628012,0.518703,0.852645],[-0.27536,-0.812165,0.514359]],[[0.983147,-0.179124,0.0365562],[0.0560789,0.485811,0.872263],[-0.174003,-0.855513,0.487668]],[[0.983147,-0.179124,0.0365562],[0.110708,0.742469,0.660669],[-0.145484,-0.645487,0.749787]],[[0.983147,-0.179124,0.0365562],[0.134772,0.845246,0.517103],[-0.123525,-0.503462,0.855142]]],"btipPosition":[116.39,246.89,19.108],"carpPosition":[100.549,173.697,86.5008],"dipPosition":[113.57,235.396,38.6305],"direction":[0.145484,0.645487,-0.749787],"extended":true,"handId":207,"id":2070,"length":50.838,"mcpPosition":[100.549,173.697,86.5008],"pipPosition":[108.731,213.928,63.5679],"stabilizedTipPosition":[124.015,241.058,24.1012],"timeVisible":24.3682,"tipPosition":[119.892,240.539,21.7601],"tipVelocity":[-432.905,98.4308,-12.9072],"tool":false,"touchDistance":0.318503,"touchZone":"hovering","type":0,"width":19.5844},{"bases":[[[0.281183,-0.786853,-0.549362],[0.930953,0.0846998,0.355179],[-0.232943,-0.611301,0.756339]],[[0.237064,-0.880038,-0.411501],[0.967711,0.176566,0.179889],[-0.0856521,-0.440859,0.89348]],[[0.237064,-0.880038,-0.411501],[0.958432,0.281085,-0.0489793],[0.15877,-0.382785,0.910092]],[[0.237064,-0.880038,-0.411501],[0.909713,0.349731,-0.223855],[0.340915,-0.32128,0.883491]]],"btipPosition":[132.954,246.912,-42.0761],"carpPosition":[122.645,171.689,83.9707],"dipPosition":[138.636,241.557,-27.3514],"direction":[-0.15877,0.382785,-0.910092],"extended":true,"handId":207,"id":2071,"length":57.365,"mcpPosition":[138.789,214.057,31.5508],"pipPosition":[142.379,232.532,-5.89366],"stabilizedTipPosition":[141.918,242.266,-37.7147],"timeVisible":24.3682,"tipPosition":[135.851,242.483,-38.9924],"tipVelocity":[-440.85,108.285,-46.3402],"tool":false,"touchDistance":0.311257,"touchZone":"hovering","type":1,"width":18.7071},{"bases":[[[0.0842741,-0.865041,-0.494573],[0.959748,-0.0629879,0.273709],[-0.267921,-0.497732,0.824913]],[[0.0539364,-0.915056,-0.399705],[0.995918,0.0202847,0.0879513],[-0.0723724,-0.402817,0.912415]],[[0.0539364,-0.915056,-0.399705],[0.975908,0.133054,-0.172915],[0.21141,-0.380749,0.900187]],[[0.0539364,-0.915056,-0.399705],[0.912329,0.207869,-0.352769],[0.405889,-0.345636,0.846044]]],"btipPosition":[135.201,231.686,-59.7807],"carpPosition":[127.494,163.135,77.8166],"dipPosition":[142.642,225.35,-44.2718],"direction":[-0.21141,0.380749,-0.900187],"extended":true,"handId":207,"id":2072,"length":65.3629,"mcpPosition":[145.103,195.849,23.5984],"pipPosition":[148.506,214.788,-19.3017],"stabilizedTipPosition":[144.547,226.414,-54.8663],"timeVisible":24.3682,"tipPosition":[136.832,228.669,-55.326],"tipVelocity":[-434.345,116.783,-58.4249],"tool":false,"touchDistance":0.303385,"touchZone":"hovering","type":2,"width":18.3728},{"bases":[[[-0.0286626,-0.921631,-0.387006],[0.954287,-0.140465,0.263831],[-0.297516,-0.361753,0.883526]],[[-0.0377822,-0.932302,-0.359702],[0.998261,-0.0515113,0.028656],[-0.0452447,-0.357994,0.932627]],[[-0.0377822,-0.932302,-0.359702],[0.957781,0.0688786,-0.279128],[0.285007,-0.355061,0.890338]],[[-0.0377822,-0.932302,-0.359702],[0.872295,0.144842,-0.467035],[0.487517,-0.331412,0.80777]]],"btipPosition":[132.427,206.089,-59.851],"carpPosition":[129.485,153.504,71.7154],"dipPosition":[141.312,200.048,-45.1288],"direction":[-0.285007,0.355061,-0.890338],"extended":true,"handId":207,"id":2073,"length":62.8481,"mcpPosition":[147.042,174.851,19.5777],"pipPosition":[149.014,190.454,-21.0697],"stabilizedTipPosition":[142.602,200.841,-54.4317],"timeVisible":24.3682,"tipPosition":[132.812,204.675,-54.4536],"tipVelocity":[-417.204,110.465,-77.4615],"tool":false,"touchDistance":0.290955,"touchZone":"hovering","type":3,"width":17.4829},{"bases":[[[-0.220183,-0.921343,-0.320384],[0.908152,-0.313507,0.27744],[-0.35606,-0.22987,0.905749]],[[-0.229358,-0.927003,-0.296749],[0.971078,-0.238714,-0.00483774],[-0.0663534,-0.289276,0.954943]],[[-0.229358,-0.927003,-0.296749],[0.918824,-0.105601,-0.380277],[0.321181,-0.359879,0.875973]],[[-0.229358,-0.927003,-0.296749],[0.804877,-0.00919377,-0.593371],[0.547329,-0.37494,0.748232]]],"btipPosition":[131.16,178.364,-46.2985],"carpPosition":[124.752,142.659,65.4101],"dipPosition":[140.363,172.06,-33.7177],"direction":[-0.321181,0.359879,-0.875973],"extended":true,"handId":207,"id":2074,"length":49.2718,"mcpPosition":[144.202,155.216,15.9328],"pipPosition":[146.491,165.194,-17.005],"stabilizedTip