{"frames":49,"data":[{"currentFrameRate":57.6533,"devices":[],"gestures":[],"hands":[{"armBasis":[[0.975033,0.160842,-0.153103],[-0.084542,0.906418,0.413834],[0.205337,-0.390558,0.897386]],"armWidth":52.9065,"confidence":1,"direction":[-0.0151542,0.485529,-0.874089],"elbow":[116.3,235.129,265.458],"grabAngle":0.771555,"grabStrength":0,"id":150,"palmNormal":[0.0836006,-0.870513,-0.484992],"palmPosition":[59.0266,354.053,-4.91591],"palmVelocity":[-84.8412,-622.164,-92.6392],"palmWidth":79.0936,"pinchDistance":35.7937,"pinchStrength":0,"r":[[0.705784,-0.114023,0.699191],[-0.192496,0.918961,0.344175],[-0.681773,-0.377504,0.626639]],"s":0.868354,"sphereCenter":[83.7452,277.801,-55.3463],"sphereRadius":92.369,"stabilizedPalmPosition":[59.1524,355.245,-4.75514],"t":[-54.3065,255.799,-39.7677],"timeVisible":14.8465,"type":"right","wrist":[68.108,326.792,54.8429]}],"id":118535,"interactionBox":{"center":[0,200,0],"size":[235.247,235.247,147.751]},"pointables":[{"bases":[[[0.323211,0.905716,0.274252],[-0.833357,0.135096,0.535971],[0.448387,-0.401781,0.798449]],[[0.252596,0.955576,0.151889],[-0.88635,0.165566,0.432403],[0.388046,-0.24385,0.888795]],[[0.252596,0.955576,0.151889],[-0.961722,0.265192,-0.0690202],[-0.106234,-0.128641,0.985985]],[[0.252596,0.955576,0.151889],[-0.856047,0.293877,-0.425229],[-0.450975,-0.022613,0.89225]]],"btipPosition":[37.6041,338.292,-50.2787],"carpPosition":[42.1649,323.455,35.4844],"dipPosition":[28.4639,337.834,-32.1948],"direction":[0.106234,0.128641,-0.985985],"extended":false,"handId":150,"id":1500,"length":45.1333,"mcpPosition":[42.1649,323.455,35.4844],"pipPosition":[25.3271,334.036,-3.08143],"stabilizedTipPosition":[35.6377,339.224,-45.9647],"timeVisible":14.8465,"tipPosition":[38.1786,335.906,-46.5929],"tipVelocity":[-94.3018,-616.865,-92.81],"tool":false,"touchDistance":0.309908,"touchZone":"hovering","type":0,"width":16.4672},{"bases":[[[0.997612,-0.0462683,-0.0512793],[0.0612111,0.93619,0.346124],[0.0319926,-0.348437,0.936786]],[[0.993026,-0.092127,0.0735692],[0.0912817,0.995715,0.0147773],[-0.0746154,-0.00795875,0.997181]],[[0.993026,-0.092127,0.0735692],[0.108306,0.959373,-0.260525],[-0.046579,0.266676,0.96266]],[[0.993026,-0.092127,0.0735692],[0.114917,0.89578,-0.429386],[-0.0263438,0.434845,0.90012]]],"btipPosition":[60.4636,354.398,-102.227],"carpPosition":[57.7134,346.579,34.5657],"dipPosition":[60.0349,361.475,-87.578],"direction":[0.046579,-0.266676,-0.96266],"extended":true,"handId":150,"id":1502,"length":58.0283,"mcpPosition":[55.7732,367.71,-22.2469],"pipPosition":[58.8878,368.042,-63.8713],"stabilizedTipPosition":[60.5536,357.566,-98.7392],"timeVisible":14.8465,"tipPosition":[62.0151,363.627,-99.6099],"tipVelocity":[-108.141,-793.555,-61.5398],"tool":false,"touchDistance":0.327827,"touchZone":"hovering","type":2,"width":15.4484},{"bases":[[[0.983975,-0.167481,0.06119],[0.133318,0.918907,0.371263],[-0.118407,-0.357155,0.92651]],[[0.986249,-0.159926,0.0416753],[0.160196,0.98708,-0.00318249],[-0.0406279,0.00981492,0.999126]],[[0.986249,-0.159926,0.0416753],[0.164971,0.937573,-0.306172],[0.00989138,0.308837,0.951063]],[[0.986249,-0.159926,0.0416753],[0.161021,0.873065,-0.46025],[0.0372209,0.460632,0.886811]]],"btipPosition":[75.5194,351.273,-92.6495],"carpPosition":[68.3396,347.068,33.6236],"dipPosition":[76.1216,358.726,-78.3005],"direction":[-0.00989138,-0.308837,-0.951063],"extended":true,"handId":150,"id":1503,"length":55.7958,"mcpPosition":[74.7869,366.515,-16.825],"pipPosition":[76.3589,366.135,-55.4842],"stabilizedTipPosition":[75.7132,353.597,-89.2872],"timeVisible":14.8465,"tipPosition":[76.3024,356.872,-89.649],"tipVelocity":[-84.3623,-714.88,-76.2135],"tool":false,"touchDistance":0.324641,"touchZone":"hovering","type":3,"width":14.7001},{"bases":[[[0.979695,0.160804,-0.119752],[-0.109708,0.92988,0.351122],[0.167816,-0.330854,0.92864]],[[0.986919,0.0599238,0.149667],[-0.0829504,0.984786,0.152694],[-0.13824,-0.163111,0.976875]],[[0.986919,0.0599238,0.149667],[-0.0643255,0.997622,0.0247396],[-0.147828,-0.0340434,0.988427]],[[0.986919,0.0599238,0.149667],[-0.0425508,0.992256,-0.116696],[-0.1555,0.108802,0.981826]]],"btipPosition":[47.3949,369.66,-95.1602],"carpPosition":[47.5885,343.331,35.7896],"dipPosition":[45.0941,371.27,-80.6328],"direction":[0.147828,0.0340434,-0.988427],"extended":true,"handId":150,"id":1501,"length":50.9279,"mcpPosition":[36.8565,364.489,-23.5977],"pipPosition":[41.9998,370.558,-59.9432],"stabilizedTipPosition":[47.0596,371.547,-91.599],"timeVisible":14.8465,"tipPosition":[47.8004,377.34,-90.5734],"tipVelocity":[-104.108,-750.986,-106.349],"tool":false,"touchDistance":0.332781,"touchZone":"hovering","type":1,"width":15.7294},{"bases":[[[0.928012,-0.357204,0.105822],[0.273751,0.846483,0.456647],[-0.252693,-0.394805,0.883332]],[[0.95448,-0.297564,-0.0205989],[0.298274,0.951915,0.0699329],[-0.00120111,-0.0728937,0.997339]],[[0.95448,-0.297564,-0.0205989],[0.28062,0.919243,-0.276123],[0.1011,0.257773,0.960901]],[[0.95448,-0.297564,-0.0205989],[0.256212,0.853277,-0.454174],[0.152723,0.428222,0.890675]]],"btipPosition":[87.9875,352.629,-72.1014],"carpPosition":[79.2061,341.256,32.5332],"dipPosition":[90.2672,359.021,-58.8061],"direction":[-0.1011,-0.257773,-0.960901],"extended":true,"handId":150,"id":1504,"length":43.7428,"mcpPosition":[91.9429,361.155,-11.9903],"pipPosition":[91.9796,363.388,-42.5302],"stabilizedTipPosition":[88.5722,354.902,-68.9555],"timeVisible":14.8465,"tipPosition":[88.3337,358.122,-69.0637],"tipVelocity":[-79.7824,-703.35,-84.4626],"tool":false,"touchDistance":0.323394,"touchZone":"hovering","type":4,"width":13.0578}],"r":[[0.705784,-0.114023,0.699191],[-0.192496,0.918961,0.344175],[-0.681773,-0.377504,0.626639]],"s":0.868354,"t":[-54.3065,255.799,-39.7677],"timestamp":1132226675686},{"currentFrameRate":57.6663,"devices":[],"gestures":[],"hands":[{"armBasis":[[0.970216,0.181911,-0.159965],[-0.105056,0.911,0.3988],[0.218274,-0.370117,0.902978]],"armWidth":52.9065,"confidence":1,"direction":[-0.0153727,0.488405,-0.872482],"elbow":[117.562,226.511,265.833],"grabAngle":0.834775,"grabStrength":0,"id":150,"palmNormal":[0.104047,-0.867066,-0.487207],"palmPosition":[57.2038,340.513,-5.91326],"palmVelocity":[-105.378,-782.762,-57.6568],"palmWidth":79.0936,"pinchDistance":42.271,"pinchStrength":0.0396397,"r":[[0.703261,-0.104226,0.70325],[-0.206503,0.916598,0.342352],[-0.68028,-0.385986,0.623084]],"s":0.86058,"sphereCenter":[81.7748,270.039,-54.0307],"sphereRadius":85.9885,"stabilizedPalmPosition":[57.3013,341.25,-5.85529],"t":[-55.7588,244.812,-40.9215],"timeVisible":14.8638,"type":"right","wrist":[66.333,313.377,53.9049]}],"id":118536,"interactionBox":{"center":[0,200,0],"size":[235.247,235.247,147.751]},"pointables":[{"bases":[[[0.304103,0.910374,0.280607],[-0.840862,0.11807,0.528214],[0.447741,-0.396583,0.801405]],[[0.234153,0.959219,0.158336],[-0.892882,0.147746,0.425363],[0.384623,-0.240975,0.891065]],[[0.234153,0.959219,0.158336],[-0.966633,0.247108,-0.0675203],[-0.103893,-0.137243,0.985074]],[[0.234153,0.959219,0.158336],[-0.863334,0.280042,-0.419798],[-0.447019,-0.0383998,0.8937]]],"btipPosition":[35.9417,324.753,-51.6529],"carpPosition":[40.5032,309.466,34.2112],"dipPosition":[26.8816,323.975,-33.5396],"direction":[0.103893,0.137243,-0.985074],"extended":false,"handId":150,"id":1500,"length":45.1333,"mcpPosition":[40.5032,309.466,34.2112],"pipPosition":[23.8139,319.922,-4.45313],"stabilizedTipPosition":[33.9422,325.268,-47.4147],"timeVisible":14.8638,"tipPosition":[36.9784,322.235,-47.8437],"tipVelocity":[-95.0402,-786.953,-79.0519],"tool":false,"touchDistance":0.318947,"touchZone":"hovering","type":0,"width":16.4672},{"bases":[[[0.998739,-0.0280887,-0.0416193],[0.0409054,0.935855,0.350003],[0.0291185,-0.351264,0.935823]],[[0.994286,-0.0726949,0.0781713],[0.0749371,0.996846,-0.0261383],[-0.0760246,0.0318469,0.996597]],[[0.994286,-0.0726949,0.0781713],[0.0936709,0.945353,-0.312305],[-0.0511965,0.317843,0.94676]],[[0.994286,-0.0726949,0.0781713],[0.102586,0.853203,-0.511391],[-0.0295205,0.516488,0.855786]]],"btipPosition":[58.7885,336.611,-102.07],"carpPosition":[55.6398,332.87,33.5269],"dipPosition":[58.3081,345.016,-88.1424],"direction":[0.0511965,-0.317843,-0.94676],"extended":true,"handId":150,"id":1502,"length":58.0283,"mcpPosition":[53.8739,354.173,-23.2272],"pipPosition":[57.0473,352.844,-64.8273],"stabilizedTipPosition":[58.7969,339.749,-98.8582],"timeVisible":14.8638,"tipPosition":[60.3987,347.612,-100.136],"tipVelocity":[-97.5244,-1010.62,-0.514256],"tool":false,"touchDistance":0.332855,"touchZone":"hovering","type":2,"width":15.4484},{"bases":[[[0.986194,-0.149942,0.0702829],[0.113064,0.919782,0.375789],[-0.120992,-0.362654,0.924036]],[[0.988234,-0.143311,0.0534392],[0.145453,0.988612,-0.0385869],[-0.0473007,0.0459058,0.997825]],[[0.988234,-0.143311,0.0534392],[0.15295,0.927026,-0.342388],[-0.000471379,0.346533,0.938038]],[[0.988234,-0.143311,0.0534392],[0.150887,0.856264,-0.494009],[0.0250391,0.49626,0.867813]]],"btipPosition":[74.2885,335.182,-92.777],"carpPosition":[66.2641,333.554,32.6912],"dipPosition":[74.6937,343.211,-78.7353],"direction":[0.000471379,-0.346533,-0.938038],"extended":true,"handId":150,"id":1503,"length":55.7958,"mcpPosition":[72.8521,353.301,-17.6227],"pipPosition":[74.6824,351.525,-56.2316],"stabilizedTipPosition":[74.4166,337.463,-89.5406],"timeVisible":14.8638,"tipPosition":[75.0985,342.724,-90.2991],"tipVelocity":[-73.7775,-922.587,-11.4562],"tool":false,"touchDistance":0.33124,"touchZone":"hovering","type":3,"width":14.7001},{"bases":[[[0.977755,0.178878,-0.109535],[-0.129913,0.926447,0.353296],[0.164676,-0.331207,0.929077]],[[0.985683,0.0820472,0.1473],[-0.0991931,0.98862,0.113098],[-0.136344,-0.12609,0.982604]],[[0.985683,0.0820472,0.1473],[-0.0786816,0.996491,-0.0285417],[-0.149125,0.0165432,0.98868]],[[0.985683,0.0820472,0.1473],[-0.0546722,0.981944,-0.181102],[-0.159499,0.170456,0.972371]]],"btipPosition":[45.5868,352.439,-96.4166],"carpPosition":[45.5637,329.436,34.6397],"dipPosition":[43.2268,354.961,-82.0291],"direction":[0.149125,-0.0165432,-0.98868],"extended":true,"handId":150,"id":1501,"length":50.9279,"mcpPosition":[35.0325,350.616,-24.7755],"pipPosition":[40.1053,355.308,-61.3342],"stabilizedTipPosition":[45.1792,354.262,-93.0063],"timeVisible":14.8638,"tipPosition":[46.1232,361.707,-91.9006],"tipVelocity":[-105.317,-983.422,-74.4927],"tool":false,"touchDistance":0.330827,"touchZone":"hovering","type":1,"width":15.7294},{"bases":[[[0.933233,-0.340807,0.113694],[0.25394,0.849586,0.462296],[-0.254147,-0.402559,0.879407]],[[0.958268,-0.285871,-0.00101773],[0.285759,0.95778,0.0316251],[-0.00806593,-0.0305962,0.999499]],[[0.958268,-0.285871,-0.00101773],[0.27083,0.908979,-0.316872],[0.0915097,0.303373,0.948468]],[[0.958268,-0.285871,-0.00101773],[0.249236,0.837199,-0.486806],[0.140016,0.466237,0.87351]]],"btipPosition":[86.6609,337.072,-72.3487],"carpPosition":[77.244,327.943,31.6874],"dipPosition":[88.751,344.032,-59.3096],"direction":[-0.0915097,-0.303373,-0.948468],"extended":true,"handId":150,"id":1504,"length":43.7428,"mcpPosition":[90.054,348.234,-12.6382],"pipPosition":[90.301,349.17,-43.2443],"stabilizedTipPosition":[87.1884,339.203,-69.3368],"timeVisible":14.8638,"tipPosition":[87.0715,344.3,-69.6912],"tipVelocity":[-79.2093,-891.806,-17.7011],"tool":false,"touchDistance":0.330252,"touchZone":"hovering","type":4,"width":13.0578}],"r":[[0.703261,-0.104226,0.70325],[-0.206503,0.916598,0.342352],[-0.68028,-0.385986,0.623084]],"s":0.86058,"t":[-55.7588,244.812,-40.9215],"timestamp":1132226692984},{"currentFrameRate":57.65,"devices":[],"gestures":[],"hands":[{"armBasis":[[0.966861,0.190645,-0.169807],[-0.113396,0.916592,0.383408],[0.228738,-0.351446,0.907835]],"armWidth":52.9065,"confidence":1,"direction":[-0.0154478,0.472658,-0.881111],"elbow":[118.222,216.047,267.186],"grabAngle":0.869152,"grabStrength":0,"id":150,"palmNormal":[0.112427,-0.874807,-0.471247],"palmPosition":[55.3413,324.524,-6.19679],"palmVelocity":[-107.039,-918.893,-16.2947],"palmWidth":79.0936,"pinchDistance":46.341,"pinchStrength":0.0569834,"r":[[0.700692,-0.0928564,0.707396],[-0.219307,0.91546,0.337397],[-0.678922,-0.391548,0.621091]],"s":0.855061,"sphereCenter":[79.8484,256.517,-51.759],"sphereRadius":82.4034,"stabilizedPalmPosition":[55.4045,325.064,-6.18577],"t":[-57.4162,231.324,-41.6401],"timeVisible":14.8812,"type":"right","wrist":[64.5376,298.531,54.1184]}],"id":118537,"interactionBox":{"center":[0,200,0],"size":[235.247,235.247,147.751]},"pointables":[{"bases":[[[0.296226,0.917472,0.265508],[-0.843845,0.121182,0.522724],[0.44741,-0.378892,0.810102]],[[0.224597,0.96449,0.138976],[-0.894417,0.147439,0.422232],[0.386748,-0.219135,0.895771]],[[0.224597,0.96449,0.138976],[-0.969479,0.235557,-0.0680012],[-0.0983234,-0.119462,0.987958]],[[0.224597,0.96449,0.138976],[-0.868597,0.262799,-0.42009],[-0.441696,-0.0263633,0.896778]]],"btipPosition":[33.7822,307.644,-51.8063],"carpPosition":[38.7082,294.073,34.4095],"dipPosition":[24.83,307.109,-33.6307],"direction":[0.0983234,0.119462,-0.987958],"extended":false,"handId":150,"id":1500,"length":45.1333,"mcpPosition":[38.7082,294.073,34.4095],"pipPosition":[21.9268,303.582,-4.45906],"stabilizedTipPosition":[31.7907,308.061,-47.6195],"timeVisible":14.8812,"tipPosition":[35.2822,305.434,-47.864],"tipVelocity":[-122.685,-980.081,-7.99555],"tool":false,"touchDistance":0.331457,"touchZone":"hovering","type":0,"width":16.4672},{"bases":[[[0.999079,-0.0213713,-0.0371974],[0.0325683,0.94222,0.333407],[0.0279228,-0.334312,0.942049]],[[0.9948,-0.0627681,0.0802095],[0.0684225,0.995211,-0.0698077],[-0.0754437,0.0749328,0.994331]],[[0.9948,-0.0627681,0.0802095],[0.0878286,0.927432,-0.363532],[-0.0515707,0.368686,0.928122]],[[0.9948,-0.0627681,0.0802095],[0.0967803,0.827925,-0.552426],[-0.0317327,0.557316,0.829694]]],"btipPosition":[56.9163,316.571,-101.629],"carpPosition":[53.6741,317.574,33.367],"dipPosition":[56.3999,325.641,-88.1262],"direction":[0.0515707,-0.368686,-0.928122],"extended":true,"handId":150,"id":1502,"length":58.0283,"mcpPosition":[51.9807,337.848,-23.7647],"pipPosition":[55.1299,334.72,-65.2701],"stabilizedTipPosition":[56.8797,319.524,-98.5369],"timeVisible":14.8812,"tipPosition":[58.5762,328.386,-100.239],"tipVelocity":[-108.075,-1142.92,19.7202],"tool":false,"touchDistance":0.338049,"touchZone":"hovering","type":2,"width":15.4484},{"bases":[[[0.986982,-0.141302,0.0768112],[0.104738,0.927148,0.359758],[-0.12205,-0.34703,0.929879]],[[0.988754,-0.13591,0.0623981],[0.14059,0.986991,-0.0779922],[-0.0509865,0.0858876,0.994999]],[[0.988754,-0.13591,0.0623981],[0.149488,0.910197,-0.386258],[-0.0042983,0.391242,0.920278]],[[0.988754,-0.13591,0.0623981],[0.147915,0.827246,-0.542019],[0.0220472,0.545154,0.838046]]],"btipPosition":[72.6612,315.688,-92.2084],"carpPosition":[64.2964,318.322,32.5609],"dipPosition":[73.018,324.509,-78.6483],"direction":[0.0042983,-0.391242,-0.920278],"extended":true,"handId":150,"id":1503,"length":55.7958,"mcpPosition":[70.942,337.218,-18.0711],"pipPosition":[72.9148,333.895,-56.5707],"stabilizedTipPosition":[72.7712,318.047,-89.0971],"timeVisible":14.8812,"tipPosition":[73.4599,324.42,-90.3589],"tipVelocity":[-94.1625,-1109.87,26.3124],"tool":false,"touchDistance":0.338317,"touchZone":"hovering","type":3,"width":14.7001},{"bases":[[[0.976842,0.184191,-0.108877],[-0.138188,0.931598,0.336198],[0.163354,-0.313366,0.935477]],[[0.98554,0.0957363,0.139804],[-0.106884,0.991475,0.0745208],[-0.131478,-0.0883861,0.987371]],[[0.98554,0.0957363,0.139804],[-0.086954,0.993913,-0.0676439],[-0.145429,0.0545092,0.987866]],[[0.98554,0.0957363,0.139804],[-0.0635262,0.97367,-0.218934],[-0.157083,0.206887,0.965672]]],"btipPosition":[43.4327,333.211,-97.0253],"carpPosition":[43.6192,314.084,34.5014],"dipPosition":[41.1084,336.272,-82.7369],"direction":[0.145429,-0.0545092,-0.987866],"extended":true,"handId":150,"id":1501,"length":50.9279,"mcpPosition":[33.1726,334.124,-25.3231],"pipPosition":[38.0643,337.413,-62.0591],"stabilizedTipPosition":[42.9979,334.805,-93.707],"timeVisible":14.8812,"tipPosition":[44.3026,343.116,-92.7023],"tipVelocity":[-123.328,-1097.97,-36.2947],"tool":false,"touchDistance":0.333333,"touchZone":"hovering","type":1,"width":15.7294},{"bases":[[[0.935259,-0.331754,0.123413],[0.245778,0.859558,0.448055],[-0.254725,-0.388715,0.885447]],[[0.958943,-0.283086,0.0170555],[0.283277,0.958986,-0.010006],[-0.0135235,0.0144266,0.999804]],[[0.958943,-0.283086,0.0170555],[0.269666,0.891562,-0.363865],[0.0877991,0.353525,0.931295]],[[0.958943,-0.283086,0.0170555],[0.247019,0.804197,-0.5406],[0.13932,0.522618,0.841107]]],"btipPosition":[85.0078,318.138,-71.8749],"carpPosition":[75.3214,312.776,31.7004],"dipPosition":[87.0875,325.939,-59.3195],"direction":[-0.0877991,-0.353525,-0.931296],"extended":true,"handId":150,"id":1504,"length":43.7428,"mcpPosition":[88.1605,332.369,-12.9297],"pipPosition":[88.5746,331.927,-43.5451],"stabilizedTipPosition":[85.5217,320.334,-68.9945],"timeVisible":14.8812,"tipPosition":[85.4439,326.534,-69.8074],"tipVelocity":[-95.1444,-1077.07,20.8349],"tool":false,"touchDistance":0.335998,"touchZone":"hovering","type":4,"width":13.0578}],"r":[[0.700692,-0.0928564,0.707396],[-0.219307,0.91546,0.337397],[-0.678922,-0.391548,0.621091]],"s":0.855061,"t":[-57.4162,231.324,-41.6401],"timestamp":1132226710384},{"currentFrameRate":57.6379,"devices":[],"gestures":[],"hands":[{"armBasis":[[0.966284,0.178155,-0.185891],[-0.100684,0.925929,0.364029],[0.236975,-0.333039,0.912649]],"armWidth":52.9065,"confidence":1,"direction":[-0.012165,0.467446,-0.883938],"elbow":[118.359,203.82,268.863],"grabAngle":0.898772,"grabStrength":0,"id":150,"palmNormal":[0.0999506,-0.879008,-0.466214],"palmPosition":[53.5938,307.583,-5.83053],"palmVelocity":[-100.49,-974.206,21.0612],"palmWidth":79.0936,"pinchDistance":45.9291,"pinchStrength":0.0703701,"r":[[0.698726,-0.0846604,0.710363],[-0.227012,0.915413,0.332391],[-0.678416,-0.393511,0.620404]],"s":0.850962,"sphereCenter":[77.0382,241.712,-50.0245],"sphereRadius":79.4514,"stabilizedPalmPosition":[53.632,307.952,-5.83803],"t":[-59.1187,216.109,-41.8163],"timeVisible":14.8986,"type":"right","wrist":[62.7414,281.984,54.6654]}],"id":118538,"interactionBox":{"center":[0,200,0],"size":[235.247,235.247,147.751]},"pointables":[{"bases":[[[0.30858,0.915256,0.259007],[-0.840656,0.135009,0.524472],[0.445058,-0.379577,0.811076]],[[0.234268,0.963788,0.127402],[-0.892975,0.161519,0.420128],[0.384337,-0.212189,0.898477]],[[0.234268,0.963788,0.127402],[-0.967514,0.243948,-0.0663798],[-0.0950555,-0.107712,0.989627]],[[0.234268,0.963788,0.127402],[-0.869984,0.266321,-0.41497],[-0.433873,-0.0136236,0.900871]]],"btipPosition":[31.6251,290.256,-51.455],"carpPosition":[36.7015,277.592,35.0105],"dipPosition":[22.8314,289.98,-33.1963],"direction":[0.0950555,0.107712,-0.989627],"extended":false,"handId":150,"id":1500,"length":45.1333,"mcpPosition":[36.7015,277.592,35.0105],"pipPosition":[20.0247,286.799,-3.97544],"stabilizedTipPosition":[29.6461,290.548,-47.2627],"timeVisible":14.8986,"tipPosition":[33.0602,288.546,-47.3185],"tipVelocity":[-121.944,-996.459,21.3023],"tool":false,"touchDistance":0.337202,"touchZone":"hovering","type":0,"width":16.4672},{"bases":[[[0.978751,0.171172,-0.112898],[-0.125404,0.935298,0.330896],[0.162233,-0.309707,0.936889]],[[0.987955,0.0872506,0.127798],[-0.094808,0.994014,0.0542862],[-0.122297,-0.0657486,0.990313]],[[0.987955,0.0872506,0.127798],[-0.0763769,0.993219,-0.0876538],[-0.134579,0.0768372,0.987919]],[[0.987955,0.0872506,0.127798],[-0.0547341,0.969527,-0.238791],[-0.144739,0.22892,0.962625]]],"btipPosition":[40.9986,314.796,-96.7172],"carpPosition":[41.8648,297.54,34.9654],"dipPosition":[38.857,318.184,-82.4739],"direction":[0.134579,-0.0768372,-0.987919],"extended":true,"handId":150,"id":1501,"length":50.9279,"mcpPosition":[31.4898,317.346,-24.9494],"pipPosition":[36.04,319.792,-61.7949],"stabilizedTipPosition":[40.5775,316.127,-93.4489],"timeVisible":14.8986,"tipPosition":[42.3828,325.055,-92.4886],"tipVelocity":[-137.556,-1054.59,17.1231],"tool":false,"touchDistance":0.3378,"touchZone":"hovering","type":1,"width":15.7294},{"bases":[[[0.998613,-0.0342147,-0.0400274],[0.0454634,0.943745,0.327535],[0.0265691,-0.3289,0.943991]],[[0.994312,-0.0743618,0.0762478],[0.081631,0.991919,-0.0971283],[-0.0684089,0.1028,0.992347]],[[0.994312,-0.0743618,0.0762478],[0.0985074,0.914279,-0.392926],[-0.040493,0.398202,0.916404]],[[0.994312,-0.0743618,0.0762478],[0.104791,0.810977,-0.575618],[-0.0190312,0.580334,0.814156]]],"btipPosition":[54.5105,297.299,-100.709],"carpPosition":[51.9594,300.895,33.7799],"dipPosition":[54.2008,306.744,-87.4598],"direction":[0.040493,-0.398202,-0.916404],"extended":true,"handId":150,"id":1502,"length":58.0283,"mcpPosition":[50.3481,320.841,-23.4696],"pipPosition":[53.2036,316.55,-64.8922],"stabilizedTipPosition":[54.5057,300.018,-97.6858],"timeVisible":14.8986,"tipPosition":[56.3617,309.62,-99.6649],"tipVelocity":[-135.609,-1103.26,49.5196],"tool":false,"touchDistance":0.350495,"touchZone":"hovering","type":2,"width":15.4484},{"bases":[[[0.98535,-0.153288,0.0747486],[0.117517,0.927923,0.353763],[-0.123589,-0.339797,0.932343]],[[0.986707,-0.149369,0.0640204],[0.155542,0.982151,-0.105765],[-0.0470797,0.114317,0.992328]],[[0.986707,-0.149369,0.0640204],[0.162422,0.893385,-0.418906],[0.00537686,0.423736,0.90577]],[[0.986707,-0.149369,0.0640204],[0.158688,0.80063,-0.577763],[0.0350435,0.580242,0.81369]]],"btipPosition":[70.4428,296.029,-91.1203],"carpPosition":[62.5878,301.504,32.9377],"dipPosition":[71.0098,305.417,-77.9544],"direction":[-0.00537686,-0.423736,-0.90577],"extended":true,"handId":150,"id":1503,"length":55.7958,"mcpPosition":[69.3172,320.006,-17.8286],"pipPosition":[71.1388,315.583,-56.2247],"stabilizedTipPosition":[70.5976,298.408,-88.1033],"timeVisible":14.8986,"tipPosition":[71.3487,305.72,-89.8115],"tipVelocity":[-124.787,-1122.98,57.3566],"tool":false,"touchDistance":0.35278,"touchZone":"hovering","type":3,"width":14.7001},{"bases":[[[0.931371,-0.342784,0.122668],[0.257961,0.859095,0.442054],[-0.256913,-0.380073,0.888561]],[[0.953829,-0.299304,0.0250644],[0.300135,0.952984,-0.0417154],[-0.0114003,0.0473121,0.998815]],[[0.953829,-0.299304,0.0250644],[0.283672,0.870294,-0.40264],[0.0986985,0.39116,0.915015]],[[0.953829,-0.299304,0.0250644],[0.256979,0.770045,-0.583946],[0.155477,0.563425,0.811406]]],"btipPosition":[82.8452,298.486,-70.9044],"carpPosition":[73.5393,295.814,32.0784],"dipPosition":[85.166,306.897,-58.7924],"direction":[-0.0986985,-0.39116,-0.915015],"extended":true,"handId":150,"id":1504,"length":43.7428,"mcpPosition":[86.4887,314.971,-12.7086],"pipPosition":[86.8378,313.522,-43.2937],"stabilizedTipPosition":[83.4085,300.695,-68.1307],"timeVisible":14.8986,"tipPosition":[83.5088,307.86,-69.3778],"tipVelocity":[-121.17,-1121.98,49.9443],"tool":false,"touchDistance":0.348759,"touchZone":"hovering","type":4,"width":13.0578}],"r":[[0.698726,-0.0846604,0.710363],[-0.227012,0.915413,0.332391],[-0.678416,-0.393511,0.620404]],"s":0.850962,"t":[-59.1187,216.109,-41.8163],"timestamp":1132226727774},{"currentFrameRate":57.6328,"devices":[],"gestures":[],"hands":[{"armBasis":[[0.968028,0.150051,-0.201014],[-0.072684,0.934766,0.347749],[0.240081,-0.32202,0.915786]],"armWidth":52.9065,"confidence":1,"direction":[-0.00857486,0.45586,-0.89001],"elbow":[117.348,189.688,270.449],"grabAngle":0.912362,"grabStrength":0,"id":150,"palmNormal":[0.0721765,-0.887439,-0.455239],"palmPosition":[51.9054,290.249,-5.24663],"palmVelocity":[-97.2085,-997.998,33.6195],"palmWidth":79.0936,"pinchDistance":45.2952,"pinchStrength":0.0858304,"r":[[0.698036,-0.079869,0.711595],[-0.22769,0.917426,0.326323],[-0.678899,-0.389808,0.622211]],"s":0.84762,"sphereCenter":[73.1192,224.796,-48.1381],"sphereRadius":77.6558,"stabilizedPalmPosition":[51.9294,290.495,-5.25483],"t":[-60.8141,199.835,-41.6124],"timeVisible":14.9159,"type":"right","wrist":[61.0012,265.266,55.5152]}],"id":118539,"interactionBox":{"center":[0,200,0],"size":[235.247,235.247,147.751]},"pointables":[{"bases":[[[0.335103,0.910123,0.243686],[-0.831597,0.164129,0.530573],[0.442891,-0.380445,0.811856]],[[0.262222,0.95818,0.114588],[-0.88656,0.192305,0.420749],[0.381118,-0.211919,0.899911]],[[0.262222,0.95818,0.114588],[-0.960812,0.270295,-0.0614904],[-0.0898914,-0.0939732,0.991508]],[[0.262222,0.95818,0.114588],[-0.870272,0.286114,-0.400956],[-0.416973,0.00541678,0.908903]]],"btipPosition":[29.2015,273.12,-50.5918],"carpPosition":[34.6333,261.26,36.1542],"dipPosition":[20.7504,273.23,-32.1704],"direction":[0.0898914,0.0939732,-0.991508],"extended":false,"handId":150,"id":1500,"length":45.1333,"mcpPosition":[34.6333,261.26,36.1542],"pipPosition":[18.0962,270.455,-2.89395],"stabilizedTipPosition":[27.2895,273.376,-46.3669],"timeVisible":14.9159,"tipPosition":[30.403,271.255,-46.2784],"tipVelocity":[-135.004,-981.527,51.855],"tool":false,"touchDistance":0.350324,"touchZone":"hovering","type":0,"width":16.4672},{"bases":[[[0.981757,0.143714,-0.124501],[-0.0974726,0.942586,0.319422],[0.163258,-0.301459,0.939398]],[[0.991486,0.0641259,0.113325],[-0.0679462,0.997233,0.0301725],[-0.111077,-0.0376156,0.9931]],[[0.991486,0.0641259,0.113325],[-0.0519708,0.992885,-0.107136],[-0.119389,0.100335,0.987765]],[[0.991486,0.0641259,0.113325],[-0.0336169,0.966882,-0.253001],[-0.125796,0.247037,0.960806]]],"btipPosition":[38.3717,295.984,-96.1257],"carpPosition":[40.3191,281.061,35.7908],"dipPosition":[36.5104,299.639,-81.9094],"direction":[0.119389,-0.100335,-0.987765],"extended":true,"handId":150,"id":1501,"length":50.9279,"mcpPosition":[29.8786,300.34,-24.2845],"pipPosition":[34.0113,301.739,-61.2336],"stabilizedTipPosition":[37.9933,297.189,-92.8672],"timeVisible":14.9159,"tipPosition":[40.2063,306.448,-92.0565],"tipVelocity":[-147.535,-1079.63,33.6976],"tool":false,"touchDistance":0.346132,"touchZone":"hovering","type":1,"width":15.7294},{"bases":[[[0.996923,-0.0611435,-0.0490572],[0.0735162,0.946466,0.314322],[0.0272122,-0.316961,0.948048]],[[0.992461,-0.100421,0.0702577],[0.108806,0.985792,-0.127966],[-0.0564089,0.134646,0.989287]],[[0.992461,-0.100421,0.0702577],[0.120708,0.900165,-0.418489],[-0.0212182,0.423815,0.9055]],[[0.992461,-0.100421,0.0702577],[0.122502,0.795332,-0.593667],[0.00373871,0.597798,0.801638]]],"btipPosition":[51.6524,277.568,-99.6712],"carpPosition":[50.4864,284.132,34.4642],"dipPosition":[51.7132,287.297,-86.6253],"direction":[0.0212182,-0.423815,-0.9055],"extended":true,"handId":150,"id":1502,"length":58.0283,"mcpPosition":[48.836,303.354,-23.0314],"pipPosition":[51.1907,297.734,-64.3262],"stabilizedTipPosition":[51.7178,280.172,-96.689],"timeVisible":14.9159,"tipPosition":[53.6479,290.172,-98.9467],"tipVelocity":[-159.658,-1132.29,57.0793],"tool":false,"touchDistance":0.363649,"touchZone":"hovering","type":2,"width":15.4484},{"bases":[[[0.981664,-0.178294,0.0674362],[0.145384,0.929092,0.340075],[-0.123288,-0.324035,0.937977]],[[0.982403,-0.176298,0.0616678],[0.183322,0.973351,-0.137772],[-0.0357354,0.146653,0.988542]],[[0.982403,-0.176298,0.0616678],[0.185094,0.874805,-0.447723],[0.0249854,0.451259,0.892043]],[[0.982403,-0.176298,0.0616678],[0.177274,0.776197,-0.605055],[0.0588038,0.60534,0.793792]]],"btipPosition":[67.6631,275.798,-90.0542],"carpPosition":[61.1183,284.449,33.5128],"dipPosition":[68.6146,285.592,-77.2102],"direction":[-0.0249854,-0.451259,-0.892043],"extended":true,"handId":150,"id":1503,"length":55.7958,"mcpPosition":[67.8313,302.093,-17.5602],"pipPosition":[69.214,296.418,-55.8099],"stabilizedTipPosition":[67.902,278.201,-87.1075],"timeVisible":14.9159,"tipPosition":[68.7013,286.074,-89.1709],"tipVelocity":[-154.955,-1159.46,57.1189],"tool":false,"touchDistance":0.365716,"touchZone":"hovering","type":3,"width":14.7001},{"bases":[[[0.92319,-0.365645,0.11842],[0.284831,0.857748,0.427947],[-0.258051,-0.361347,0.896012]],[[0.944312,-0.327811,0.0285309],[0.329046,0.941203,-0.0765889],[-0.00174668,0.0817118,0.996654]],[[0.944312,-0.327811,0.0285309],[0.306806,0.845822,-0.436412],[0.118929,0.420863,0.899294]],[[0.944312,-0.327811,0.0285309],[0.274646,0.737458,-0.617029],[0.181229,0.590504,0.786423]]],"btipPosition":[80.2478,278.228,-70.0268],"carpPosition":[71.9072,278.46,32.6263],"dipPosition":[82.9531,287.043,-58.2876],"direction":[-0.118929,-0.420863,-0.899294],"extended":true,"handId":150,"id":1504,"length":43.7428,"mcpPosition":[84.914,296.673,-12.5363],"pipPosition":[84.9675,294.171,-43.0553],"stabilizedTipPosition":[80.8931,280.441,-67.3341],"timeVisible":14.9159,"tipPosition":[81.1637,288.202,-68.9336],"tipVelocity":[-144.458,-1161.06,45.5945],"tool":false,"touchDistance":0.359095,"touchZone":"hovering","type":4,"width":13.0578}],"r":[[0.698036,-0.079869,0.711595],[-0.22769,0.917426,0.326323],[-0.678899,-0.389808,0.622211]],"s":0.84762,"t":[-60.8141,199.835,-41.6124],"timestamp":1132226745142},{"currentFrameRate":57.6619,"devices":[],"gestures":[],"hands":[{"armBasis":[[0.969864,0.127126,-0.207852],[-0.0509634,0.940067,0.337159],[0.238257,-0.316406,0.918216]],"armWidth":52.9065,"confidence":1,"direction":[-0.00815145,0.433665,-0.901037],"elbow":[115.285,174.088,272.119],"grabAngle":0.924289,"grabStrength":0,"id":150,"palmNormal":[0.050388,-0.899744,-0.433499],"palmPosition":[50.2229,272.102,-4.62769],"palmVelocity":[-97.561,-1052.23,35.8892],"palmWidth":79.0936,"pinchDistance":44.6526,"pinchStrength":0.102152,"r":[[0.698481,-0.0752347,0.711663],[-0.223992,0.921506,0.317262],[-0.67967,-0.381008,0.626802]],"s":0.844283,"sphereCenter":[69.8299,206.575,-45.492],"sphereRadius":76.0796,"stabilizedPalmPosition":[50.2389,272.275,-4.63357],"t":[-62.503,182.624,-41.201],"timeVisible":14.9332,"type":"right","wrist":[59.3667,248.348,56.6148]}],"id":118540,"interactionBox":{"center":[0,200,0],"size":[235.247,235.247,147.751]},"pointables":[{"bases":[[[0.355214,0.909069,0.217753],[-0.823098,0.193751,0.533826],[0.443095,-0.368854,0.817076]],[[0.281753,0.955476,0.0876423],[-0.880699,0.221287,0.418809],[0.380768,-0.195187,0.903835]],[[0.281753,0.955476,0.0876423],[-0.955999,0.287337,-0.059185],[-0.0817326,-0.0671104,0.994392]],[[0.281753,0.955476,0.0876423],[-0.872958,0.293181,-0.389857],[-0.398194,0.0333356,0.916695]]],"btipPosition":[26.7445,254.275,-49.5177],"carpPosition":[32.7826,244.5,37.6417],"dipPosition":[18.674,254.951,-30.9384],"direction":[0.0817326,0.0671104,-0.994392],"extended":false,"handId":150,"id":1500,"length":45.1333,"mcpPosition":[32.7826,244.5,37.6417],"pipPosition":[16.2606,252.969,-1.57679],"stabilizedTipPosition":[24.9104,254.605,-45.2548],"timeVisible":14.9332,"tipPosition":[27.9226,252.547,-44.977],"tipVelocity":[-137.395,-1085.15,64.3853],"tool":false,"touchDistance":0.365281,"touchZone":"hovering","type":0,"width":16.4672},{"bases":[[[0.98315,0.121054,-0.136975],[-0.0758967,0.951988,0.296578],[0.1663,-0.281185,0.945135]],[[0.993605,0.0472706,0.102537],[-0.046482,0.998868,-0.010068],[-0.102897,0.00523746,0.994678]],[[0.993605,0.0472706,0.102537],[-0.0320473,0.988864,-0.14533],[-0.108265,0.141115,0.984055]],[[0.993605,0.0472706,0.102537],[-0.0165008,0.959185,-0.282297],[-0.111697,0.2788,0.953832]]],"btipPosition":[35.9643,274.878,-95.4307],"carpPosition":[38.852,264.17,36.7306],"dipPosition":[34.3116,279.003,-81.3175],"direction":[0.108265,-0.141115,-0.984055],"extended":true,"handId":150,"id":1501,"length":50.9279,"mcpPosition":[28.217,282.152,-23.7115],"pipPosition":[32.0454,281.957,-60.7194],"stabilizedTipPosition":[35.6149,276.099,-92.1933],"timeVisible":14.9332,"tipPosition":[37.8669,285.731,-91.7351],"tipVelocity":[-136.81,-1217.56,38.9278],"tool":false,"touchDistance":0.354922,"touchZone":"hovering","type":1,"width":15.7294},{"bases":[[[0.995016,-0.0821248,-0.0565632],[0.0950786,0.952344,0.28983],[0.0300654,-0.293763,0.955405]],[[0.990479,-0.119621,0.0681318],[0.129648,0.976964,-0.169509],[-0.0462855,0.176728,0.983171]],[[0.990479,-0.119621,0.0681318],[0.137531,0.881461,-0.451787],[-0.00601253,0.456856,0.889521]],[[0.990479,-0.119621,0.0681318],[0.136002,0.773652,-0.618843],[0.0213161,0.622217,0.782555]]],"btipPosition":[48.9743,256.066,-98.387],"carpPosition":[49.0644,267.004,35.2352],"dipPosition":[49.3212,266.192,-85.6517],"direction":[0.00601253,-0.456856,-0.889521],"extended":true,"handId":150,"id":1502,"length":58.0283,"mcpPosition":[47.2411,284.82,-22.7066],"pipPosition":[49.1731,277.443,-63.7461],"stabilizedTipPosition":[49.0873,258.667,-95.4733],"timeVisible":14.9332,"tipPosition":[50.9321,268.91,-98.1186],"tipVelocity":[-151.472,-1241.51,70.3214],"tool":false,"touchDistance":0.378809,"touchZone":"hovering","type":2,"width":15.4484},{"bases":[[[0.978577,-0.196016,0.0629626],[0.166835,0.934193,0.315356],[-0.120634,-0.298096,0.946882]],[[0.978654,-0.195827,0.0623628],[0.203992,0.962492,-0.178877],[-0.0249947,0.18778,0.981893]],[[0.978654,-0.195827,0.0623628],[0.201331,0.852581,-0.482257],[0.0412695,0.484518,0.873807]],[[0.978654,-0.195827,0.0623628],[0.189942,0.745963,-0.638327],[0.0784812,0.636546,0.767235]]],"btipPosition":[64.9666,254.128,-88.7478],"carpPosition":[59.6909,267.086,34.1796],"dipPosition":[66.2365,264.428,-76.3335],"direction":[-0.0412695,-0.484518,-0.873807],"extended":true,"handId":150,"id":1503,"length":55.7958,"mcpPosition":[66.2594,283.317,-17.3783],"pipPosition":[67.2266,276.052,-55.3707],"stabilizedTipPosition":[65.2723,256.609,-85.8988],"timeVisible":14.9332,"tipPosition":[66.067,264.865,-88.3789],"tipVelocity":[-152.11,-1249.76,70.0207],"tool":false,"touchDistance":0.380591,"touchZone":"hovering","type":3,"width":14.7001},{"bases":[[[0.91693,-0.380843,0.119153],[0.305691,0.862302,0.403718],[-0.256499,-0.333757,0.907091]],[[0.936353,-0.349134,0.0367201],[0.35098,0.928776,-0.119113],[0.00748179,0.12442,0.992201]],[[0.936353,-0.349134,0.0367201],[0.324111,0.819542,-0.472549],[0.134889,0.454374,0.880539]],[[0.936353,-0.349134,0.0367201],[0.287073,0.70128,-0.65253],[0.20207,0.62154,0.756873]]],"btipPosition":[77.7496,256.903,-68.9709],"carpPosition":[70.3513,260.864,33.3455],"dipPosition":[80.766,266.181,-57.6728],"direction":[-0.134889,-0.454374,-0.880539],"extended":true,"handId":150,"id":1504,"length":43.7428,"mcpPosition":[83.2799,277.687,-12.3755],"pipPosition":[83.0508,273.877,-42.7581],"stabilizedTipPosition":[78.4586,259.17,-66.3783],"timeVisible":14.9332,"tipPosition":[78.7997,267.324,-68.3697],"tipVelocity":[-140.708,-1230.36,55.3434],"tool":false,"touchDistance":0.370836,"touchZone":"hovering","type":4,"width":13.0578}],"r":[[0.698481,-0.0752347,0.711663],[-0.223992,0.921506,0.317262],[-0.67967,-0.381008,0.626802]],"s":0.844283,"t":[-62.503,182.624,-41.201],"timestamp":1132226762388},{"currentFrameRate":57.6181,"devices":[],"gestures":[{"direction":[-0.114633,-0.993229,0.0188598],"duration":0,"handIds":[150],"id":51,"pointableIds":[1502],"position":[46.1251,235.309,-93.8293],"speed":257.491,"startPosition":[62.974,381.295,-96.6014],"state":"start","type":"swipe"},{"direction":[-0.104621,-0.994355,0.0176662],"duration":0,"handIds":[150],"id":52,"pointableIds":[1503],"position":[62.2919,233.435,-84.4139],"speed":255.925,"startPosition":[77.0868,374.051,-86.9121],"state":"start","type":"swipe"}],"hands":[{"armBasis":[[0.971516,0.100167,-0.214764],[-0.025651,0.9454,0.324902],[0.235582,-0.310138,0.92104]],"armWidth":52.9065,"confidence":1,"direction":[-0.00455685,0.4132,-0.910629],"elbow":[112.59,157.212,273.946],"grabAngle":0.94126,"grabStrength":0,"id":150,"palmNormal":[0.0253329,-0.910298,-0.413177],"palmPosition":[48.2837,252.658,-3.8948],"palmVelocity":[-110.804,-1111.04,41.8766],"palmWidth":79.0936,"pinchDistance":43.66,"pinchStrength":0.13352,"r":[[0.699525,-0.071679,0.711004],[-0.216089,0.92716,0.306071],[-0.681153,-0.367744,0.633083]],"s":0.839016,"sphereCenter":[66.2588,187.867,-42.4875],"sphereRadius":73.6121,"stabilizedPalmPosition":[48.2949,252.77,-3.89901],"t":[-64.3171,164.297,-40.6289],"timeVisible":14.9507,"type":"right","wrist":[57.2991,230.001,57.7785]}],"id":118541,"interactionBox":{"center":[0,200,0],"size":[235.247,235.247,147.751]},"pointables":[{"bases":[[[0.378716,0.904865,0.194406],[-0.814078,0.22576,0.535079],[0.440285,-0.360905,0.822129]],[[0.300194,0.952295,0.0549289],[-0.875183,0.252067,0.412938],[0.379393,-0.172034,0.909101]],[[0.300194,0.952295,0.0549289],[-0.95134,0.303096,-0.0555361],[-0.0695355,-0.0355845,0.996945]],[[0.300194,0.952295,0.0549289],[-0.878852,0.298509,-0.372171],[-0.370813,0.063449,0.926538]]],"btipPosition":[23.6116,233.683,-48.5461],"carpPosition":[30.5052,226.453,39.1166],"dipPosition":[16.0961,234.969,-29.7673],"direction":[0.0695355,0.0355845,-0.996945],"extended":false,"handId":150,"id":1500,"length":45.1333,"mcpPosition":[30.5052,226.453,39.1166],"pipPosition":[14.0429,233.918,-0.330356],"stabilizedTipPosition":[21.9002,234.095,-44.2328],"timeVisible":14.9507,"tipPosition":[25.0302,232.808,-43.6602],"tipVelocity":[-171.716,-1168.63,58.1377],"tool":false,"touchDistance":0.377348,"touchZone":"hovering","type":0,"width":16.4672},{"bases":[[[0.984712,0.0939745,-0.146667],[-0.0506174,0.96003,0.275283],[0.166674,-0.26365,0.95011]],[[0.995096,0.0250247,0.0957003],[-0.0184703,0.997461,-0.0687721],[-0.0971784,0.0666672,0.993032]],[[0.995096,0.0250247,0.0957003],[-0.00551269,0.979996,-0.198939],[-0.0987643,0.197436,0.975328]],[[0.995096,0.0250247,0.0957003],[0.00899523,0.940569,-0.339483],[-0.0985082,0.338679,0.935731]]],"btipPosition":[33.5223,251.18,-94.2542],"carpPosition":[37.0408,245.944,37.7135],"dipPosition":[32.0648,256.191,-80.4088],"direction":[0.0987643,-0.197436,-0.975328],"extended":true,"handId":150,"id":1501,"length":50.9279,"mcpPosition":[26.3818,262.804,-23.0468],"pipPosition":[29.9974,260.324,-59.9934],"stabilizedTipPosition":[33.2061,252.519,-91.0786],"timeVisible":14.9507,"tipPosition":[35.248,262.834,-91.1822],"tipVelocity":[-136.969,-1342.43,63.7019],"tool":false,"touchDistance":0.369486,"touchZone":"hovering","type":1,"width":15.7294},{"bases":[[[0.992281,-0.107557,-0.0617205],[0.12026,0.956075,0.267317],[0.0302575,-0.272676,0.96163]],[[0.987298,-0.143345,0.0685195],[0.155088,0.963165,-0.219682],[-0.0345053,0.227518,0.973162]],[[0.987298,-0.143345,0.0685195],[0.158511,0.859334,-0.48623],[0.0108178,0.490915,0.87114]],[[0.987298,-0.143345,0.0685195],[0.153349,0.746958,-0.646944],[0.0415553,0.649234,0.759452]]],"btipPosition":[45.9695,232.879,-96.672],"carpPosition":[47.3069,248.494,36.0813],"dipPosition":[46.6458,243.445,-84.3126],"direction":[-0.0108178,-0.490915,-0.87114],"extended":true,"handId":150,"id":1502,"length":58.0283,"mcpPosition":[45.4719,265.031,-22.2379],"pipPosition":[46.9122,255.534,-62.8597],"stabilizedTipPosition":[46.1486,235.494,-93.8424],"timeVisible":14.9507,"tipPosition":[47.9846,246.075,-96.9292],"tipVelocity":[-167.361,-1319.12,93.0556],"tool":false,"touchDistance":0.39869,"touchZone":"hovering","type":2,"width":15.4484},{"bases":[[[0.97401,-0.218277,0.0604893],[0.19175,0.936768,0.292742],[-0.120563,-0.273535,0.954276]],[[0.973399,-0.219633,0.0652297],[0.228835,0.946031,-0.229476],[-0.0113089,0.238298,0.971126]],[[0.973399,-0.219633,0.0652297],[0.221502,0.829332,-0.512976],[0.0585694,0.513779,0.855921]],[[0.973399,-0.219633,0.0652297],[0.206787,0.71959,-0.662895],[0.0986548,0.65875,0.745866]]],"btipPosition":[61.9248,230.983,-87.1896],"carpPosition":[57.9239,248.294,34.9489],"dipPosition":[63.5211,241.642,-75.1211],"direction":[-0.0585694,-0.513779,-0.855921],"extended":true,"handId":150,"id":1503,"length":55.7958,"mcpPosition":[64.4886,263.188,-17.0116],"pipPosition":[64.9262,253.968,-54.5874],"stabilizedTipPosition":[62.3017,233.51,-84.4187],"timeVisible":14.9507,"tipPosition":[63.2144,242.244,-87.2773],"tipVelocity":[-169.52,-1317.79,84.4895],"tool":false,"touchDistance":0.398045,"touchZone":"hovering","type":3,"width":14.7001},{"bases":[[[0.908349,-0.400229,0.121323],[0.3295,0.863543,0.381737],[-0.25755,-0.306775,0.916274]],[[0.925809,-0.374829,0.0487953],[0.377421,0.909579,-0.173836],[0.0207757,0.179355,0.983565]],[[0.925809,-0.374829,0.0487953],[0.346828,0.791