{"frames":51,"data":[{"currentFrameRate":57.6672,"devices":[],"gestures":[],"hands":[{"armBasis":[[0.967624,0.2167,-0.129403],[-0.078274,0.745061,0.662388],[0.239953,-0.630813,0.737901]],"armWidth":50.6308,"confidence":1,"direction":[0.114986,0.541069,-0.83308],"elbow":[97.6297,205.598,301.654],"grabAngle":2.70907,"grabStrength":0,"id":147,"palmNormal":[0.0609035,-0.840905,-0.537745],"palmPosition":[40.5373,382.934,76.8328],"palmVelocity":[13.5377,14.5297,-0.341424],"palmWidth":77.2498,"pinchDistance":46.9117,"pinchStrength":0.302441,"r":[[0.990796,0.118132,0.0660924],[-0.115107,0.992199,-0.0478664],[-0.0712314,0.0398181,0.996665]],"s":1.00875,"sphereCenter":[52.7594,357.997,44.3478],"sphereRadius":41.8159,"stabilizedPalmPosition":[38.8671,384.778,77.5166],"t":[8.27238,63.763,20.1229],"timeVisible":11.8807,"type":"right","wrist":[42.6259,350.198,132.506]}],"id":114824,"interactionBox":{"center":[0,200,0],"size":[235.247,235.247,147.751]},"pointables":[{"bases":[[[0.36694,0.853244,0.370581],[-0.870064,0.173834,0.461271],[0.329157,-0.491688,0.806163]],[[0.274254,0.948263,0.159945],[-0.94099,0.230325,0.247967],[0.198299,-0.218512,0.955474]],[[0.274254,0.948263,0.159945],[-0.96062,0.277865,-0.000223891],[-0.0446554,-0.153585,0.987126]],[[0.274254,0.948263,0.159945],[-0.937454,0.300708,-0.175373],[-0.214396,-0.101844,0.971423]]],"btipPosition":[14.796,367.812,24.1546],"carpPosition":[17.686,352.127,112.189],"dipPosition":[10.5658,365.803,43.3215],"direction":[0.0446554,0.153585,-0.987126],"extended":false,"handId":147,"id":1470,"length":43.9376,"mcpPosition":[17.686,352.127,112.189],"pipPosition":[9.28218,361.388,71.6963],"stabilizedTipPosition":[11.6897,367.331,28.8346],"timeVisible":11.8807,"tipPosition":[12.2905,367.172,28.8761],"tipVelocity":[14.4251,28.5778,-2.31634],"tool":false,"touchDistance":0.333297,"touchZone":"hovering","type":0,"width":15.6066},{"bases":[[[0.996729,0.0799086,-0.0120712],[-0.0681097,0.911001,0.406741],[0.043499,-0.404588,0.913464]],[[0.997186,0.0493571,0.056433],[-0.0605435,0.974101,0.217856],[-0.0442187,-0.22066,0.974348]],[[0.997186,0.0493571,0.056433],[-0.0496358,0.998761,0.00354657],[-0.056188,-0.00633769,0.9984]],[[0.997186,0.0493571,0.056433],[-0.0428057,0.992794,-0.111925],[-0.0615507,0.109194,0.992113]]],"btipPosition":[25.425,402.746,-12.546],"carpPosition":[24.5088,370.926,114.435],"dipPosition":[24.5384,404.318,1.7447],"direction":[0.056188,0.00633769,-0.9984],"extended":true,"handId":147,"id":1471,"length":49.5787,"mcpPosition":[21.7918,396.197,57.3805],"pipPosition":[23.3934,404.189,22.0894],"stabilizedTipPosition":[24.2997,402.041,-9.5821],"timeVisible":11.8807,"tipPosition":[26.2301,402.229,-8.97773],"tipVelocity":[11.1511,10.2006,3.55231],"tool":false,"touchDistance":0.333382,"touchZone":"hovering","type":1,"width":14.9074},{"bases":[[[0.990351,-0.13197,0.0422907],[0.102351,0.902292,0.418801],[-0.0934275,-0.410431,0.907093]],[[0.994171,-0.107121,-0.0121783],[0.0612433,0.6541,-0.753925],[0.0887271,0.748785,0.656848]],[[0.994171,-0.107121,-0.0121783],[-0.0822376,-0.680449,-0.728166],[0.0697152,0.724924,-0.685292]],[[0.994171,-0.107121,-0.0121783],[-0.107649,-0.980137,-0.166565],[0.00590616,0.166905,-0.985955]]],"btipPosition":[34.8597,347.131,66.0699],"carpPosition":[34.6962,373.272,114.442],"dipPosition":[34.9533,349.776,50.4495],"direction":[-0.0697152,-0.724924,0.685292],"extended":false,"handId":147,"id":1472,"length":56.491,"mcpPosition":[40.2301,397.582,60.7122],"pipPosition":[36.6246,367.155,34.0204],"stabilizedTipPosition":[33.8629,348.864,63.7427],"timeVisible":11.8807,"tipPosition":[34.2685,347.342,59.8655],"tipVelocity":[8.52192,18.7563,-4.79534],"tool":false,"touchDistance":0.333333,"touchZone":"none","type":2,"width":14.641},{"bases":[[[0.955256,-0.25857,0.143624],[0.169815,0.877014,0.449455],[-0.242176,-0.404955,0.881682]],[[0.960187,-0.249906,0.124854],[0.256699,0.612957,-0.747254],[0.110213,0.749554,0.652704]],[[0.960187,-0.249906,0.124854],[-0.0827151,-0.681216,-0.727394],[0.266832,0.688107,-0.674766]],[[0.960187,-0.249906,0.124854],[-0.230195,-0.961006,-0.153223],[0.158276,0.118382,-0.980273]]],"btipPosition":[45.1208,348.244,74.2943],"carpPosition":[45.1181,372.878,114.569],"dipPosition":[47.6139,350.109,58.8532],"direction":[-0.266832,-0.688107,0.674766],"extended":false,"handId":147,"id":1473,"length":54.3176,"mcpPosition":[57.9972,394.413,67.6802],"pipPosition":[53.8457,366.179,43.0942],"stabilizedTipPosition":[44.3953,350.24,71.9101],"timeVisible":11.8807,"tipPosition":[45.6088,348.645,69.1012],"tipVelocity":[9.63637,16.5105,-5.51808],"tool":false,"touchDistance":0.333333,"touchZone":"none","type":3,"width":13.9319},{"bases":[[[0.879529,-0.445031,0.168453],[0.294258,0.786875,0.542439],[-0.373954,-0.427522,0.823033]],[[0.870011,-0.455469,0.188757],[0.457887,0.604474,-0.651882],[0.182813,0.653574,0.734452]],[[0.870011,-0.455469,0.188757],[-0.129208,-0.580099,-0.804233],[0.475801,0.675303,-0.563542]],[[0.870011,-0.455469,0.188757],[-0.397931,-0.874729,-0.276585],[0.291087,0.16552,-0.942269]]],"btipPosition":[56.1635,354.378,74.6933],"carpPosition":[55.2795,366.355,114.119],"dipPosition":[60.3935,356.783,61.0004],"direction":[-0.475801,-0.675303,0.563542],"extended":false,"handId":147,"id":1474,"length":42.584,"mcpPosition":[73.6889,387.401,73.6021],"pipPosition":[68.2392,367.918,51.708],"stabilizedTipPosition":[55.7321,356.821,72.7409],"timeVisible":11.8807,"tipPosition":[57.741,354.834,70.6789],"tipVelocity":[10.4931,14.9982,-5.45136],"tool":false,"touchDistance":0.333333,"touchZone":"none","type":4,"width":12.3754}],"r":[[0.990796,0.118132,0.0660924],[-0.115107,0.992199,-0.0478664],[-0.0712314,0.0398181,0.996665]],"s":1.00875,"t":[8.27238,63.763,20.1229],"timestamp":1132170542123},{"currentFrameRate":57.6481,"devices":[],"gestures":[],"hands":[{"armBasis":[[0.968495,0.210395,-0.133232],[-0.0715097,0.747427,0.660484],[0.238544,-0.630149,0.738925]],"armWidth":50.6308,"confidence":1,"direction":[0.117107,0.53765,-0.834996],"elbow":[97.5069,205.624,301.8],"grabAngle":2.71062,"grabStrength":0,"id":147,"palmNormal":[0.0536786,-0.842979,-0.535262],"palmPosition":[40.8399,382.651,76.649],"palmVelocity":[17.3791,-16.2888,-10.5584],"palmWidth":77.2498,"pinchDistance":46.8402,"pinchStrength":0.303844,"r":[[0.991104,0.115832,0.0655357],[-0.112909,0.992508,-0.0466856],[-0.0704524,0.0388708,0.996758]],"s":1.00751,"sphereCenter":[52.6215,357.534,44.2272],"sphereRadius":41.7078,"stabilizedPalmPosition":[38.9011,384.742,77.5016],"t":[8.5285,63.7805,20.0415],"timeVisible":11.8981,"type":"right","wrist":[42.826,350.072,132.418]}],"id":114825,"interactionBox":{"center":[0,200,0],"size":[235.247,235.247,147.751]},"pointables":[{"bases":[[[0.373884,0.851709,0.367156],[-0.867797,0.181541,0.462571],[0.327322,-0.491564,0.806985]],[[0.280384,0.947424,0.154182],[-0.939155,0.237562,0.248097],[0.198426,-0.214363,0.956387]],[[0.280384,0.947424,0.154182],[-0.958885,0.283794,-0.000109629],[-0.0438597,-0.147812,0.988042]],[[0.280384,0.947424,0.154182],[-0.935919,0.305504,-0.175281],[-0.213169,-0.0951555,0.972371]]],"btipPosition":[14.8999,367.33,24.0307],"carpPosition":[17.8424,352.119,112.149],"dipPosition":[10.6939,365.452,43.2163],"direction":[0.0438597,0.147812,-0.988042],"extended":false,"handId":147,"id":1470,"length":43.9376,"mcpPosition":[17.8424,352.119,112.149],"pipPosition":[9.4332,361.204,71.6175],"stabilizedTipPosition":[11.7637,367.317,28.8217],"timeVisible":11.8981,"tipPosition":[12.3997,366.944,28.7962],"tipVelocity":[6.28974,-25.948,-6.86928],"tool":false,"touchDistance":0.333232,"touchZone":"hovering","type":0,"width":15.6066},{"bases":[[[0.997252,0.0726644,-0.0144293],[-0.0606587,0.91272,0.404057],[0.0425305,-0.402072,0.91462]],[[0.997665,0.0427078,0.0533014],[-0.0530424,0.976109,0.210708],[-0.0430291,-0.213044,0.976095]],[[0.997665,0.0427078,0.0533014],[-0.0424647,0.999082,-0.00568604],[-0.0534953,0.00340933,0.998562]],[[0.997665,0.0427078,0.0533014],[-0.0360246,0.992048,-0.120592],[-0.0580278,0.11839,0.99127]]],"btipPosition":[25.6335,401.93,-12.7856],"carpPosition":[24.8055,370.875,114.322],"dipPosition":[24.7977,403.635,1.49301],"direction":[0.0534953,-0.00340933,-0.998562],"extended":true,"handId":147,"id":1471,"length":49.5787,"mcpPosition":[22.1491,395.988,57.1953],"pipPosition":[23.7076,403.705,21.841],"stabilizedTipPosition":[24.3397,402.051,-9.57927],"timeVisible":11.8981,"tipPosition":[26.4649,401.796,-9.19762],"tipVelocity":[12.6492,-45.0893,-13.9201],"tool":false,"touchDistance":0.333134,"touchZone":"hovering","type":1,"width":14.9074},{"bases":[[[0.989461,-0.138993,0.0406028],[0.10976,0.902816,0.415783],[-0.0944479,-0.406944,0.908557]],[[0.993344,-0.114341,-0.013951],[0.064287,0.6508,-0.756522],[0.095581,0.75059,0.653819]],[[0.993344,-0.114341,-0.013951],[-0.0886926,-0.681938,-0.726013],[0.0734995,0.722417,-0.68754]],[[0.993344,-0.114341,-0.013951],[-0.115077,-0.979725,-0.163998],[0.0050836,0.164512,-0.986362]]],"btipPosition":[34.8773,346.824,66.0248],"carpPosition":[35.0096,373.147,114.3],"dipPosition":[34.9579,349.431,50.398],"direction":[-0.0734995,-0.722417,0.68754],"extended":false,"handId":147,"id":1472,"length":56.491,"mcpPosition":[40.604,397.251,60.4837],"pipPosition":[36.72,366.75,33.915],"stabilizedTipPosition":[33.8851,348.833,63.7145],"timeVisible":11.8981,"tipPosition":[34.2793,347.054,59.8114],"tipVelocity":[0.842051,-18.1297,-2.67431],"tool":false,"touchDistance":0.333333,"touchZone":"none","type":2,"width":14.641},{"bases":[[[0.953669,-0.265024,0.142402],[0.177106,0.877146,0.446372],[-0.243207,-0.400471,0.883444]],[[0.957651,-0.258204,0.127421],[0.263404,0.606879,-0.749878],[0.116292,0.751684,0.64919]],[[0.957651,-0.258204,0.127421],[-0.0879837,-0.683786,-0.724359],[0.274161,0.682471,-0.677546]],[[0.957651,-0.258204,0.127421],[-0.238811,-0.959492,-0.149482],[0.160856,0.112722,-0.98052]]],"btipPosition":[45.0454,347.946,74.2392],"carpPosition":[45.4287,372.678,114.406],"dipPosition":[47.5792,349.722,58.7941],"direction":[-0.274161,-0.682471,0.677546],"extended":false,"handId":147,"id":1473,"length":54.3176,"mcpPosition":[58.3626,393.975,67.4239],"pipPosition":[53.9821,365.661,42.9703],"stabilizedTipPosition":[44.4199,350.203,71.8857],"timeVisible":11.8981,"tipPosition":[45.6469,348.302,69.0257],"tipVelocity":[-3.79404,-18.2862,-3.21756],"tool":false,"touchDistance":0.333333,"touchZone":"none","type":3,"width":13.9319},{"bases":[[[0.87665,-0.450855,0.16797],[0.301093,0.786398,0.539372],[-0.37527,-0.422266,0.825145]],[[0.863824,-0.464509,0.195037],[0.467451,0.594636,-0.654139],[0.187877,0.656231,0.730796]],[[0.863824,-0.464509,0.195037],[-0.132921,-0.583559,-0.801119],[0.485943,0.666101,-0.565835]],[[0.863824,-0.464509,0.195037],[-0.40715,-0.871682,-0.272761],[0.296711,0.156208,-0.942105]]],"btipPosition":[56.0906,354.052,74.5699],"carpPosition":[55.5417,366.08,113.955],"dipPosition":[60.4023,356.322,60.8794],"direction":[-0.485943,-0.666101,0.565835],"extended":false,"handId":147,"id":1474,"length":42.584,"mcpPosition":[74.0158,386.868,73.3343],"pipPosition":[68.4152,367.306,51.5491],"stabilizedTipPosition":[55.7578,356.778,72.7158],"timeVisible":11.8981,"tipPosition":[57.8193,354.41,70.5548],"tipVelocity":[-3.11004,-20.4833,-7.05771],"tool":false,"touchDistance":0.333333,"touchZone":"none","type":4,"width":12.3754}],"r":[[0.991104,0.115832,0.0655357],[-0.112909,0.992508,-0.0466856],[-0.0704524,0.0388708,0.996758]],"s":1.00751,"t":[8.5285,63.7805,20.0415],"timestamp":1132170559533},{"currentFrameRate":57.6717,"devices":[],"gestures":[],"hands":[{"armBasis":[[0.968651,0.210179,-0.132435],[-0.0722962,0.748525,0.659154],[0.237671,-0.628916,0.740255]],"armWidth":50.6308,"confidence":1,"direction":[0.119974,0.535422,-0.83602],"elbow":[97.6284,205.651,301.901],"grabAngle":2.71141,"grabStrength":0,"id":147,"palmNormal":[0.0539103,-0.844373,-0.533036],"palmPosition":[41.3307,382.264,76.3647],"palmVelocity":[28.4352,-22.3929,-16.4712],"palmWidth":77.2498,"pinchDistance":46.8941,"pinchStrength":0.304958,"r":[[0.991344,0.113757,0.0655397],[-0.110859,0.992757,-0.0462909],[-0.0703309,0.0386246,0.996776]],"s":1.00631,"sphereCenter":[52.9721,357.095,44.032],"sphereRadius":41.6168,"stabilizedPalmPosition":[38.9453,384.697,77.4809],"t":[8.90196,63.596,19.8586],"timeVisible":11.9153,"type":"right","wrist":[43.1475,349.816,132.214]}],"id":114826,"interactionBox":{"center":[0,200,0],"size":[235.247,235.247,147.751]},"pointables":[{"bases":[[[0.374093,0.852111,0.366006],[-0.868733,0.183854,0.459892],[0.324587,-0.490004,0.809036]],[[0.280202,0.948107,0.150268],[-0.939698,0.238933,0.244702],[0.1961,-0.209773,0.957883]],[[0.280202,0.948107,0.150268],[-0.958851,0.283893,-0.00325386],[-0.0457451,-0.143173,0.98864]],[[0.280202,0.948107,0.150268],[-0.935909,0.304627,-0.176852],[-0.21345,-0.0910833,0.972699]]],"btipPosition":[15.4169,366.654,23.6756],"carpPosition":[18.201,351.851,111.881],"dipPosition":[11.2053,364.857,42.8677],"direction":[0.0457451,0.143173,-0.98864],"extended":false,"handId":147,"id":1470,"length":43.9376,"mcpPosition":[18.201,351.851,111.881],"pipPosition":[9.8904,360.742,71.286],"stabilizedTipPosition":[11.856,367.28,28.7965],"timeVisible":11.9153,"tipPosition":[13.0119,366.474,28.4728],"tipVelocity":[29.875,-38.0775,-20.4866],"tool":false,"touchDistance":0.333034,"touchZone":"hovering","type":0,"width":15.6066},{"bases":[[[0.997383,0.0712859,-0.0120494],[-0.0604597,0.913799,0.401642],[0.0396422,-0.399862,0.915718]],[[0.997596,0.0416668,0.0553708],[-0.0523066,0.976882,0.207281],[-0.0454541,-0.209679,0.976713]],[[0.997596,0.0416668,0.0553708],[-0.0410508,0.999082,-0.0122175],[-0.0558291,0.0099151,0.998391]],[[0.997596,0.0416668,0.0553708],[-0.0344144,0.99143,-0.126024],[-0.0601473,0.123815,0.990481]]],"btipPosition":[26.3583,401.188,-13.1582],"carpPosition":[25.1839,370.603,114.026],"dipPosition":[25.4919,402.971,1.10895],"direction":[0.0558291,-0.0099151,-0.998391],"extended":true,"handId":147,"id":1471,"length":49.5787,"mcpPosition":[22.7079,395.579,56.8302],"pipPosition":[24.3542,403.173,21.4534],"stabilizedTipPosition":[24.4122,402.033,-9.59112],"timeVisible":11.9153,"tipPosition":[27.1916,401.219,-9.56864],"tipVelocity":[41.5793,-41.9572,-21.7429],"tool":false,"touchDistance":0.333011,"touchZone":"hovering","type":1,"width":14.9074},{"bases":[[[0.989164,-0.140224,0.0434858],[0.109915,0.903695,0.413829],[-0.0973267,-0.404565,0.909315]],[[0.993221,-0.115713,-0.0111187],[0.0671685,0.649333,-0.757533],[0.0948757,0.75165,0.652703]],[[0.993221,-0.115713,-0.0111187],[-0.0877306,-0.683396,-0.724757],[0.0762651,0.720819,-0.688914]],[[0.993221,-0.115713,-0.0111187],[-0.11598,-0.979948,-0.162018],[0.00785182,0.162209,-0.986725]]],"btipPosition":[35.3479,346.43,65.788],"carpPosition":[35.3911,372.861,114.024],"dipPosition":[35.4722,349,50.1554],"direction":[-0.0762651,-0.720819,0.688914],"extended":false,"handId":147,"id":1472,"length":56.491,"mcpPosition":[41.156,396.825,60.1628],"pipPosition":[37.3006,366.28,33.6395],"stabilizedTipPosition":[33.9186,348.792,63.6803],"timeVisible":11.9153,"tipPosition":[34.7663,346.635,59.6032],"tipVelocity":[27.8426,-23.3463,-13.7987],"tool":false,"touchDistance":0.333333,"touchZone":"none","type":2,"width":14.641},{"bases":[[[0.952941,-0.265954,0.145504],[0.177147,0.87801,0.444655],[-0.246012,-0.397954,0.883805]],[[0.956244,-0.26044,0.133302],[0.269105,0.60416,-0.750049],[0.114807,0.753102,0.647809]],[[0.956244,-0.26044,0.133302],[-0.0861915,-0.68617,-0.722317],[0.279588,0.679222,-0.678593]],[[0.956244,-0.26044,0.133302],[-0.240711,-0.959319,-0.147532],[0.166302,0.10899,-0.980033]]],"btipPosition":[45.4185,347.594,74.0407],"carpPosition":[45.8092,372.378,114.158],"dipPosition":[48.0381,349.311,58.6033],"direction":[-0.279588,-0.679222,0.678593],"extended":false,"handId":147,"id":1473,"length":54.3176,"mcpPosition":[58.8923,393.542,67.1566],"pipPosition":[54.5678,365.174,42.755],"stabilizedTipPosition":[44.4524,350.158,71.8573],"timeVisible":11.9153,"tipPosition":[46.1103,347.891,68.8475],"tipVelocity":[22.7589,-21.1598,-11.3981],"tool":false,"touchDistance":0.333333,"touchZone":"none","type":3,"width":13.9319},{"bases":[[[0.875606,-0.451617,0.171334],[0.300773,0.787325,0.538196],[-0.377954,-0.419716,0.825221]],[[0.859584,-0.468242,0.204609],[0.476413,0.589562,-0.652263],[0.184788,0.658153,0.729855]],[[0.859584,-0.468242,0.204609],[-0.129347,-0.586753,-0.799369],[0.494353,0.660659,-0.564929]],[[0.859584,-0.468242,0.204609],[-0.409583,-0.87077,-0.272033],[0.305544,0.150031,-0.940284]]],"btipPosition":[56.4205,353.735,74.3469],"carpPosition":[55.9144,365.766,113.749],"dipPosition":[60.8606,355.915,60.6829],"direction":[-0.494353,-0.660659,0.564929],"extended":false,"handId":147,"id":1474,"length":42.584,"mcpPosition":[74.5207,386.429,73.1247],"pipPosition":[69.0122,366.809,51.3676],"stabilizedTipPosition":[55.7891,356.731,72.6877],"timeVisible":11.9153,"tipPosition":[58.2795,353.988,70.3917],"tipVelocity":[20.8244,-19.5727,-12.5616],"tool":false,"touchDistance":0.333333,"touchZone":"none","type":4,"width":12.3754}],"r":[[0.991344,0.113757,0.0655397],[-0.110859,0.992757,-0.0462909],[-0.0703309,0.0386246,0.996776]],"s":1.00631,"t":[8.90196,63.596,19.8586],"timestamp":1132170576794},{"currentFrameRate":57.6614,"devices":[],"gestures":[],"hands":[{"armBasis":[[0.969533,0.203678,-0.136096],[-0.0661372,0.752592,0.655157],[0.235865,-0.626195,0.743133]],"armWidth":50.6308,"confidence":1,"direction":[0.123158,0.536052,-0.835153],"elbow":[97.5439,205.111,302.035],"grabAngle":2.71019,"grabStrength":0,"id":147,"palmNormal":[0.0479895,-0.843792,-0.534521],"palmPosition":[41.8316,381.156,75.8584],"palmVelocity":[28.8256,-63.7833,-29.1392],"palmWidth":77.2498,"pinchDistance":47.0453,"pinchStrength":0.313089,"r":[[0.991689,0.110745,0.0654834],[-0.107892,0.993115,-0.0456211],[-0.0700848,0.0381768,0.99681]],"s":1.00439,"sphereCenter":[52.8842,356.049,43.4693],"sphereRadius":41.4106,"stabilizedPalmPosition":[39.026,384.598,77.4355],"t":[9.33915,62.9496,19.514],"timeVisible":11.9327,"type":"right","wrist":[43.477,348.652,131.688]}],"id":114827,"interactionBox":{"center":[0,200,0],"size":[235.247,235.247,147.751]},"pointables":[{"bases":[[[0.379976,0.848949,0.367293],[-0.867258,0.188878,0.460638],[0.321685,-0.493569,0.808027]],[[0.284648,0.947213,0.147524],[-0.93857,0.244051,0.24398],[0.195097,-0.20791,0.958494]],[[0.284648,0.947213,0.147524],[-0.957418,0.288644,-0.00597104],[-0.0482379,-0.139543,0.98904]],[[0.284648,0.947213,0.147524],[-0.933543,0.308873,-0.181922],[-0.217885,-0.0859364,0.972184]]],"btipPosition":[15.9332,365.355,23.1008],"carpPosition":[18.5157,350.837,111.333],"dipPosition":[11.6341,363.66,42.2828],"direction":[0.0482379,0.139543,-0.98904],"extended":false,"handId":147,"id":1470,"length":43.9376,"mcpPosition":[18.5157,350.837,111.333],"pipPosition":[10.2475,359.649,70.7126],"stabilizedTipPosition":[11.9975,367.174,28.7377],"timeVisible":11.9327,"tipPosition":[13.4304,365.619,27.9402],"tipVelocity":[28.553,-73.4043,-33.2095],"tool":false,"touchDistance":0.332837,"touchZone":"hovering","type":0,"width":15.6066},{"bases":[[[0.997833,0.064618,-0.0124197],[-0.0541368,0.913487,0.40325],[0.0374024,-0.401703,0.915006]],[[0.997932,0.0354749,0.0536117],[-0.0458541,0.977297,0.206852],[-0.0450565,-0.208883,0.976902]],[[0.997932,0.0354749,0.0536117],[-0.0347697,0.999297,-0.0140302],[-0.0540717,0.0121371,0.998463]],[[0.997932,0.0354749,0.0536117],[-0.0282929,0.99121,-0.129238],[-0.0577251,0.127454,0.990163]]],"btipPosition":[26.8543,400.111,-13.6361],"carpPosition":[25.6252,369.538,113.507],"dipPosition":[26.0228,401.947,0.626533],"direction":[0.0540717,-0.0121371,-0.998463],"extended":true,"handId":147,"id":1471,"length":49.5787,"mcpPosition":[23.289,394.629,56.3561],"pipPosition":[24.921,402.195,20.9725],"stabilizedTipPosition":[24.5172,401.963,-9.62679],"timeVisible":11.9327,"tipPosition":[27.7619,400.357,-10.0398],"tipVelocity":[29.0091,-61.2568,-27.559],"tool":false,"touchDistance":0.332918,"touchZone":"hovering","type":1,"width":14.9074},{"bases":[[[0.988223,-0.146928,0.042754],[0.116172,0.90222,0.415336],[-0.099598,-0.405477,0.908663]],[[0.992417,-0.12235,-0.01181],[0.0713352,0.651525,-0.755265],[0.100101,0.748696,0.655313]],[[0.992417,-0.12235,-0.01181],[-0.0923318,-0.678594,-0.728687],[0.0811404,0.724251,-0.684745]],[[0.992417,-0.12235,-0.01181],[-0.122596,-0.978286,-0.167115],[0.00889286,0.167295,-0.985867]]],"btipPosition":[35.5929,345.307,65.0873],"carpPosition":[35.8473,371.728,113.504],"dipPosition":[35.7337,347.958,49.4683],"direction":[-0.0811404,-0.724251,0.684745],"extended":false,"handId":147,"id":1472,"length":56.491,"mcpPosition":[41.7467,395.745,59.6817],"pipPosition":[37.679,365.321,33.0523],"stabilizedTipPosition":[33.9673,348.71,63.6179],"timeVisible":11.9327,"tipPosition":[35.0262,345.604,59.0624],"tipVelocity":[14.3175,-63.5182,-40.1427],"tool":false,"touchDistance":0.333333,"touchZone":"none","type":2,"width":14.641},{"bases":[[[0.951207,-0.272588,0.144573],[0.183245,0.876031,0.446083],[-0.248248,-0.397825,0.883237]],[[0.953099,-0.269502,0.137736],[0.278642,0.603672,-0.746953],[0.118159,0.750299,0.650453]],[[0.953099,-0.269502,0.137736],[-0.0881286,-0.682486,-0.725566],[0.289545,0.679398,-0.674227]],[[0.953099,-0.269502,0.137736],[-0.248512,-0.956609,-0.152121],[0.172756,0.110757,-0.978718]]],"btipPosition":[45.5298,346.458,73.3228],"carpPosition":[46.262,371.175,113.632],"dipPosition":[48.251,348.202,57.9062],"direction":[-0.289545,-0.679398,0.674227],"extended":false,"handId":147,"id":1473,"length":54.3176,"mcpPosition":[59.464,392.332,66.6611],"pipPosition":[55.0132,364.069,42.1599],"stabilizedTipPosition":[44.4981,350.069,71.8015],"timeVisible":11.9327,"tipPosition":[46.3741,346.766,68.2989],"tipVelocity":[7.74747,-65.0536,-41.0342],"tool":false,"touchDistance":0.333333,"touchZone":"none","type":3,"width":13.9319},{"bases":[[[0.872641,-0.457774,0.17012],[0.306305,0.784358,0.539407],[-0.380361,-0.4186,0.824681]],[[0.851185,-0.479382,0.213724],[0.490897,0.582997,-0.647406],[0.185754,0.655979,0.731565]],[[0.851185,-0.479382,0.213724],[-0.12772,-0.584134,-0.801546],[0.50909,0.654966,-0.558432]],[[0.851185,-0.479382,0.213724],[-0.417658,-0.86524,-0.277348],[0.317878,0.146811,-0.936696]]],"btipPosition":[56.496,352.615,73.6211],"carpPosition":[56.3224,364.496,113.207],"dipPosition":[61.1153,354.748,60.0093],"direction":[-0.50909,-0.654966,0.558432],"extended":false,"handId":147,"id":1474,"length":42.584,"mcpPosition":[75.0472,385.103,72.6091],"pipPosition":[69.5099,365.548,50.801],"stabilizedTipPosition":[55.8334,356.64,72.6327],"timeVisible":11.9327,"tipPosition":[58.5701,352.782,69.8393],"tipVelocity":[6.71588,-65.0666,-41.0788],"tool":false,"touchDistance":0.333333,"touchZone":"none","type":4,"width":12.3754}],"r":[[0.991689,0.110745,0.0654834],[-0.107892,0.993115,-0.0456211],[-0.0700848,0.0381768,0.99681]],"s":1.00439,"t":[9.33915,62.9496,19.514],"timestamp":1132170594171},{"currentFrameRate":57.6591,"devices":[],"gestures":[],"hands":[{"armBasis":[[0.970533,0.196774,-0.139087],[-0.0602553,0.757045,0.650578],[0.233312,-0.623027,0.746594]],"armWidth":50.6308,"confidence":1,"direction":[0.126714,0.533451,-0.836285],"elbow":[97.3133,203.846,302.361],"grabAngle":2.70558,"grabStrength":0,"id":147,"palmNormal":[0.0419811,-0.84521,-0.532783],"palmPosition":[42.3856,379.029,75.3031],"palmVelocity":[31.9262,-122.555,-32.0029],"palmWidth":77.2498,"pinchDistance":47.4577,"pinchStrength":0.320681,"r":[[0.992112,0.106976,0.0653504],[-0.104132,0.993523,-0.045492],[-0.0697936,0.0383281,0.996825]],"s":1.00257,"sphereCenter":[52.7843,353.968,42.9569],"sphereRadius":41.1983,"stabilizedPalmPosition":[39.2433,384.238,77.2976],"t":[9.83472,61.5632,19.0641],"timeVisible":11.9501,"type":"right","wrist":[43.8317,346.661,131.221]}],"id":114828,"interactionBox":{"center":[0,200,0],"size":[235.247,235.247,147.751]},"pointables":[{"bases":[[[0.385973,0.847033,0.365458],[-0.865818,0.19588,0.460424],[0.318408,-0.494131,0.808981]],[[0.289316,0.946752,0.141272],[-0.937521,0.250458,0.241505],[0.193262,-0.202317,0.960061]],[[0.289316,0.946752,0.141272],[-0.955897,0.293546,-0.00961866],[-0.0505763,-0.132259,0.989924]],[[0.289316,0.946752,0.141272],[-0.93115,0.312568,-0.187779],[-0.221937,-0.0772179,0.971999]]],"btipPosition":[16.5088,362.847,22.5248],"carpPosition":[18.8663,348.948,110.845],"dipPosition":[12.1297,361.324,41.7031],"direction":[0.0505763,0.132259,-0.989924],"extended":false,"handId":147,"id":1470,"length":43.9376,"mcpPosition":[18.8663,348.948,110.845],"pipPosition":[10.6759,357.522,70.1584],"stabilizedTipPosition":[12.3357,366.722,28.5638],"timeVisible":11.9501,"tipPosition":[13.9143,363.56,27.4087],"tipVelocity":[32.1125,-142.262,-33.2465],"tool":false,"touchDistance":0.332849,"touchZone":"hovering","type":0,"width":15.6066},{"bases":[[[0.998257,0.0576245,-0.0127574],[-0.0476704,0.914675,0.401369],[0.0347976,-0.400062,0.915827]],[[0.998173,0.0286923,0.053166],[-0.0390678,0.977817,0.205783],[-0.0460822,-0.207485,0.977152]],[[0.998173,0.0286923,0.053166],[-0.0282685,0.999562,-0.00870569],[-0.0533925,0.00718687,0.998548]],[[0.998173,0.0286923,0.053166],[-0.0219889,0.992208,-0.122635],[-0.0562704,0.121242,0.991027]]],"btipPosition":[27.5009,398.213,-14.2386],"carpPosition":[26.1067,367.603,112.979],"dipPosition":[26.6903,399.96,0.0364217],"direction":[0.0533925,-0.00718687,-0.998548],"extended":true,"handId":147,"id":1471,"length":49.5787,"mcpPosition":[23.9332,392.591,55.7768],"pipPosition":[25.6023,400.106,20.3841],"stabilizedTipPosition":[24.7313,401.706,-9.72847],"timeVisible":11.9501,"tipPosition":[28.4108,398.159,-10.6378],"tipVelocity":[37.5403,-110.574,-34.5621],"tool":false,"touchDistance":0.332819,"touchZone":"hovering","type":1,"width":14.9074},{"bases":[[[0.987182,-0.153735,0.042856],[0.122559,0.902244,0.413444],[-0.102227,-0.402892,0.909521]],[[0.991505,-0.129592,-0.0111125],[0.0764952,0.650092,-0.755995],[0.105195,0.748723,0.654483]],[[0.991505,-0.129592,-0.0111125],[-0.0965497,-0.676063,-0.730491],[0.0871527,0.725359,-0.682832]],[[0.991505,-0.129592,-0.0111125],[-0.129605,-0.977169,-0.168357],[0.0109588,0.168367,-0.985663]]],"btipPosition":[35.8613,343.103,64.4865],"carpPosition":[36.3438,369.721,112.969],"dipPosition":[36.0349,345.771,48.8707],"direction":[-0.0871527,-0.725359,0.682832],"extended":false,"handId":147,"id":1472,"length":56.491,"mcpPosition":[42.399,393.585,59.0963],"pipPosition":[38.1243,363.16,32.5006],"stabilizedTipPosition":[34.0961,348.378,63.4366],"timeVisible":11.9501,"tipPosition":[35.3342,343.493,58.6052],"tipVelocity":[15.9028,-126.82,-34.5836],"tool":false,"touchDistance":0.333333,"touchZone":"none","type":2,"width":14.641},{"bases":[[[0.949312,-0.278923,0.144942],[0.189454,0.875651,0.444232],[-0.250825,-0.394255,0.88411]],[[0.949789,-0.278171,0.143257],[0.288157,0.599224,-0.746924],[0.121929,0.750701,0.649293]],[[0.949789,-0.278171,0.143257],[-0.0898563,-0.681054,-0.726699],[0.299712,0.677338,-0.671852]],[[0.949789,-0.278171,0.143257],[-0.256287,-0.954284,-0.153817],[0.179495,0.109379,-0.977659]]],"btipPosition":[45.6736,344.243,72.7124],"carpPosition":[46.7544,369.096,113.097],"dipPosition":[48.501,345.966,57.3124],"direction":[-0.299712,-0.677338,0.671852],"extended":false,"handId":147,"id":1473,"length":54.3176,"mcpPosition":[60.0935,390.063,66.0791],"pipPosition":[55.5007,361.785,41.6216],"stabilizedTipPosition":[44.6168,349.716,71.6305],"timeVisible":11.9501,"tipPosition":[46.6815,344.593,67.8314],"tipVelocity":[9.69947,-127.899,-34.96],"tool":false,"touchDistance":0.333333,"touchZone":"none","type":3,"width":13.9319},{"bases":[[[0.869461,-0.463502,0.170889],[0.311891,0.783314,0.53772],[-0.383094,-0.414228,0.825624]],[[0.841559,-0.490457,0.226339],[0.506568,0.571121,-0.645917],[0.187528,0.658234,0.729082]],[[0.841559,-0.490457,0.226339],[-0.125211,-0.584729,-0.801507],[0.525452,0.646176,-0.553495]],[[0.841559,-0.490457,0.226339],[-0.426393,-0.860416,-0.279059],[0.331612,0.138335,-0.933218]]],"btipPosition":[56.5537,350.451,72.9929],"carpPosition":[56.7679,362.346,112.684],"dipPosition":[61.3726,352.461,59.4316],"direction":[-0.525452,-0.646176,0.553495],"extended":false,"handId":147,"id":1474,"length":42.584,"mcpPosition":[75.6272,382.738,72.0389],"pipPosition":[70.037,363.116,50.3048],"stabilizedTipPosition":[55.9449,356.291,72.4645],"timeVisible":11.9501,"tipPosition":[58.9007,350.534,69.3493],"tipVelocity":[5.9721,-126.368,-35.5346],"tool":false,"touchDistance":0.333333,"touchZone":"none","type":4,"width":12.3754}],"r":[[0.992112,0.106976,0.0653504],[-0.104132,0.993523,-0.045492],[-0.0697936,0.0383281,0.996825]],"s":1.00257,"t":[9.83472,61.5632,19.0641],"timestamp":1132170611522},{"currentFrameRate":57.6525,"devices":[],"gestures":[],"hands":[{"armBasis":[[0.971372,0.189885,-0.142757],[-0.0548221,0.763879,0.643026],[0.231151,-0.616792,0.752421]],"armWidth":50.6308,"confidence":1,"direction":[0.130706,0.535399,-0.834424],"elbow":[97.1509,202.028,302.738],"grabAngle":2.70946,"grabStrength":0,"id":147,"palmNormal":[0.037553,-0.843714,-0.535478],"palmPosition":[42.9452,375.876,74.3802],"palmVelocity":[32.2235,-181.577,-53.137],"palmWidth":77.2498,"pinchDistance":47.611,"pinchStrength":0.324076,"r":[[0.992548,0.102749,0.0655122],[-0.0999433,0.993986,-0.0447659],[-0.0697178,0.0378848,0.996847]],"s":1.00072,"sphereCenter":[52.8352,351.005,42.0043],"sphereRadius":40.9907,"stabilizedPalmPosition":[39.7606,383.069,76.89],"t":[10.3623,59.2932,18.3777],"timeVisible":11.9674,"type":"right","wrist":[44.1647,343.414,130.262]}],"id":114829,"interactionBox":{"center":[0,200,0],"size":[235.247,235.247,147.751]},"pointables":[{"bases":[[[0.390575,0.84356,0.368589],[-0.865121,0.199483,0.460187],[0.314668,-0.498612,0.807695]],[[0.292728,0.945846,0.140303],[-0.937021,0.254516,0.239192],[0.19053,-0.201485,0.960782]],[[0.292728,0.945846,0.140303],[-0.954659,0.297409,-0.0131669],[-0.0541811,-0.130087,0.990021]],[[0.292728,0.945846,0.140303],[-0.928754,0.31615,-0.19356],[-0.227435,-0.0736463,0.971005]]],"btipPosition":[17.1833,359.55,21.4669],"carpPosition":[19.213,345.819,109.801],"dipPosition":[12.6959,358.097,40.6256],"direction":[0.0541811,0.130087,-0.990021],"extended":false,"handId":147,"id":1470,"length":43.9376,"mcpPosition":[19.213,345.819,109.801],"pipPosition":[11.1384,354.357,69.0836],"stabilizedTipPosition":[13.0108,365.394,28.0878],"timeVisible":11.9674,"tipPosition":[14.4847,360.683,26.3911],"tipVelocity":[37.4061,-188.937,-61.1739],"tool":false,"touchDistance":0.332499,"touchZone":"hovering","type":0,"width":15.6066},{"bases":[[[0.998591,0.0517883,-0.0115679],[-0.0426991,0.913636,0.404284],[0.0315061,-0.403221,0.91456]],[[0.998272,0.0226678,0.0542073],[-0.0333544,0.978148,0.205218],[-0.0483709,-0.206672,0.977214]],[[0.998272,0.0226678,0.0542073],[-0.0222629,0.99972,-0.00806115],[-0.0543748,0.00684041,0.998497]],[[0.998272,0.0226678,0.0542073],[-0.0158932,0.992367,-0.12229],[-0.0565656,0.121217,0.991013]]],"btipPosition":[28.2678,395.209,-15.1369],"carpPosition":[26.5608,364.424,112.003],"dipPosition":[27.453,396.955,-0.862066],"direction":[0.0543748,-0.00684041,-0.998497],"extended":true,"handId":147,"id":1471,"length":49.5787,"mcpPosition":[24.593,389.609,54.8795],"pipPosition":[26.345,397.095,19.4846],"stabilizedTipPosition":[25.2252,400.808,-10.0419],"timeVisible":11.9674,"tipPosition":[29.1554,395.369,-11.5171],"tipVelocity":[44.1016,-172.974,-51.7266],"tool":false,"touchDistance":0.332614,"touchZone":"hovering","type":1,"width":14.9074},{"bases":[[[0.986216,-0.159681,0.0433488],[0.127441,0.900164,0.416489],[-0.105527,-0.405224,0.908107]],[[0.990613,-0.136451,-0.00820349],[0.0831713,0.649261,-0.756004],[0.108484,0.748225,0.654515]],[[0.990613,-0.136451,-0.00820349],[-0.0989749,-0.67456,-0.731555],[0.0942878,0.7255,-0.681733]],[[0.990613,-0.136451,-0.00820349],[-0.135866,-0.976205,-0.16901],[0.0150533,0.168538,-0.98558]]],"btipPosition":[36.1535,340.016,63.582],"carpPosition":[36.8102,366.482,112.01],"dipPosition":[36.392,342.686,47.9675],"direction":[-0.0942878,-0.7255,0.681733],"extended":false,"handId":147,"id":1472,"length":56.491,"mcpPosition":[43.0608,390.484,58.2208],"pipPosition":[38.6524,360.079,31.6238],"stabilizedTipPosition":[34.3869,347.311,62.9622],"timeVisible":11.9674,"tipPosition":[35.7071,340.438,57.5848],"tipVelocity":[17.6878,-177.73,-52.0647],"tool":false,"touchDistance":0.333333,"touchZone":"none","type":2,"width":14.641},{"bases":[[[0.947506,-0.284973,0.144991],[0.194148,0.873079,0.447258],[-0.254045,-0.39563,0.882574]],[[0.946009,-0.287275,0.150134],[0.29898,0.594417,-0.746512],[0.125212,0.751094,0.648213]],[[0.946009,-0.287275,0.150134],[-0.091523,-0.68106,-0.726485],[0.310951,0.673521,-0.670581]],[[0.946009,-0.287275,0.150134],[-0.264708,-0.952005,-0.153675],[0.187075,0.105636,-0.976649]]],"btipPosition":[45.8017,341.149,71.8383],"carpPosition":[47.2168,365.795,112.146],"dipPosition":[48.7485,342.813,56.4542],"direction":[-0.310951,-0.673521,0.670581],"extended":false,"handId":147,"id":1473,"length":54.3176,"mcpPosition":[60.7272,386.835,65.2099],"pipPosition":[56.0107,358.542,40.793],"stabilizedTipPosition":[44.8719,348.596,71.1745],"timeVisible":11.9674,"tipPosition":[47.0362,341.441,66.8275],"tipVelocity":[8.95788,-178.979,-50.1226],"tool":false,"touchDistance":0.333333,"touchZone":"none","type":3,"width":13.9319},{"bases":[[[0.866544,-0.469162,0.170258],[0.315944,0.779721,0.540569],[-0.386369,-0.414635,0.823891]],[[0.830209,-0.502999,0.240301],[0.524275,0.558035,-0.643221],[0.189443,0.659991,0.726996]],[[0.830209,-0.502999,0.240301],[-0.123958,-0.586855,-0.800148],[0.543495,0.634503,-0.549563]],[[0.830209,-0.502999,0.240301],[-0.437663,-0.855123,-0.277876],[0.345259,0.125524,-0.930075]]],"btipPosition":[56.5849,347.438,72.0672],"carpPosition":[57.1909,358.987,111.721],"dipPosition":[61.6022,349.262,58.5516],"direction":[-0.543495,-0.634503,0.549563],"extended":false,"handId":147,"id":1474,"length":42.584,"mcpPosition":[76.2114,379.399,71.1615],"pipPosition":[70.5641,359.725,49.4896],"stabilizedTipPosition":[56.1745,355.212,72.0159],"timeVisible":11.9674,"tipPosition":[59.2604,347.317,68.3656],"tipVelocity":[4.42714,-175.92,-52.6981],"tool":false,"touchDistance":0.333333,"touchZone":"none","type":4,"width":12.3754}],"r":[[0.992548,0.102749,0.0655122],[-0.0999433,0.993986,-0.0447659],[-0.0697178,0.0378848,0.996847]],"s":1.00072,"t":[10.3623,59.2932,18.3777],"timestamp":1132170628889},{"currentFrameRate":57.6659,"devices":[],"gestures":[],"hands":[{"armBasis":[[0.97234,0.184123,-0.143711],[-0.0525177,0.771876,0.633601],[0.227588,-0.608528,0.760196]],"armWidth":50.6308,"confidence":1,"direction":[0.130428,0.527138,-0.839711],"elbow":[96.897,200.163,303.772],"grabAngle":2.71091,"grabStrength":0,"id":147,"palmNormal":[0.0356121,-0.84889,-0.527369],"palmPosition":[43.5185,371.561,73.3088],"palmVelocity":[33.1459,-249.462,-61.9454],"palmWidth":77.2498,"pinchDistance":48.0266,"pinchStrength":0.32885,"r":[[0.99293,0.0991952,0.0651887],[-0.0963056,0.994285,-0.046075],[-0.0693865,0.0394712,0.996809]],"s":0.999031,"sphereCenter":[52.4464,346.723,41.1858],"sphereRadius":40.6156,"stabilizedPalmPosition":[40.7823,379.94,75.9163],"t":[10.9128,56.0008,17.4988],"timeVisible":11.9847,"type":"right","wrist":[44.7276,339.654,129.514]}],"id":114830,"interactionBox":{"center":[0,200,0],"size":[235.247,235.247,147.751]},"pointables":[{"bases":[[[0.392301,0.846487,0.359945],[-0.864232,0.205202,0.459342],[0.314966,-0.491276,0.812062]],[[0.291921,0.94815,0.125669],[-0.937474,0.257613,0.234047],[0.189538,-0.186135,0.964069]],[[0.291921,0.94815,0.125669],[-0.954803,0.296584,-0.0197231],[-0.0559718,-0.114232,0.991876]],[[0.291921,0.94815,0.125669],[-0.927901,0.312613,-0.203156],[-0.231909,-0.0573027,0.971048]]],"btipPosition":[17.9394,354.184,20.5201],"carpPosition":[19.7873,341.882,109.048],"dipPosition":[13.3637,353.054,39.6797],"direction":[0.0559718,0.114232,-0.991876],"extended":false,"handId":147,"id":1470,"length":43.9376,"mcpPosition":[19.7873,341.882,109.048],"pipPosition":[11.7548,349.77,68.1911],"stabilizedTipPosition":[14.4871,361.026,26.8839],"timeVisible":11.9847,"tipPosition":[15.049,355.87,25.4818],"tipVelocity":[42.5381,-305.908,-54.725],"tool":false,"touchDistance":0.320111,"touchZone":"hovering","type":0,"width":15.6066},{"bases":[[[0.998651,0.0501797,-0.0133361],[-0.040823,0.917552,0.395514],[0.0320833,-0.394436,0.918363]],[[0.998446,0.0224373,0.0510023],[-0.0320278,0.980119,0.19581],[-0.0455949,-0.19714,0.979315]],[[0.998446,0.0224373,0.0510023],[-0.0218828,0.999695,-0.011406],[-0.0512427,0.0102722,0.998633]],[[0.998446,0.0224373,0.0510023],[-0.0159251,0.992069,-0.124682],[-0.0533954,0.123676,0.990885]]],"btipPosition":[28.6264,390.283,-16.3935],"carpPosition":[27.1656,360.497,111.061],"dipPosition":[27.8573,392.064,-2.1205],"direction":[0.0512427,-0.0102722,-0.998633],"extended":true,"handId":147,"id":1471,"length":49.5787,"mcpPosition":[25.1616,385.133,53.6999],"pipPosition":[26.8131,392.274,18.2289],"stabilizedTipPosition":[26.257,397.57,-11.024],"timeVisible":11.9847,"tipPosition":[29.6283,390.253,-12.7605],"tipVelocity":[21.3412,-284.356,-72.6726],"tool":false,"touchDistance":0.33244,"touchZone":"hovering","type":1,"width":14.9074},{"bases":[[[0.986033,-0.160732,0.0436319],[0.129313,0.903944,0.407632],[-0.10496,-0.396297,0.912103]],[[0.990284,-0.138931,-0.00606175],[0.084911,0.638608,-0.764833],[0.11013,0.756887,0.6442]],[[0.990284,-0.138931,-0.00606175],[-0.100396,-0.68409,-0.722456],[0.0962244,0.716044,-0.691391]],[[0.990284,-0.138931,-0.00606175],[-0.138199,-0.978347,-0.154073],[0.015475,0.153414,-0.988041]]],"btipPosition":[36.6078,335.659,63.06],"carpPosition":[37.418,362.539,111.035],"dipPosition":[36.8529,338.089,47.4066],"direction":[-0.0962244,-0.716044,0.691391],"extended":false,"handId":147,"id":1472,"length":56.491,"mcpPosition":[43.6351,386.013,57.0091],"pipPosition":[39.1598,355.255,30.8313],"stabilizedTipPosition":[35.0343,344.158,61.9665],"timeVisible":11.9847,"tipPosition":[36.2123,335.977,56.899],"tipVelocity":[26.35,-255.092,-30.6944],"tool":false,"touchDistance":0.333333,"touchZone":"none","type":2,"width":14.641},{"bases":[[[0.947268,-0.284981,0.146526],[0.196018,0.877056,0.438576],[-0.253497,-0.386727,0.886669]],[[0.943219,-0.290949,0.160269],[0.307328,0.581298,-0.753421],[0.126043,0.759896,0.637708]],[[0.943219,-0.290949,0.160269],[-0.0912675,-0.690919,-0.717148],[0.319386,0.661801,-0.678242]],[[0.943219,-0.290949,0.160269],[-0.269895,-0.952537,-0.140822],[0.193634,0.0895704,-0.976976]]],"btipPosition":[46.0479,336.913,71.2188],"carpPosition":[47.8237,361.838,111.164],"dipPosition":[49.098,338.324,55.8296],"direction":[-0.319386,-0.661801,0.678242],"extended":false,"handId":147,"id":1473,"length":54.3176,"mcpPosition":[61.3049,382.404,64.0106],"pipPosition":[56.5572,353.78,39.9895],"stabilizedTipPosition":[45.3857,345.487,70.218],"timeVisible":11.9847,"tipPosition":[47.5336,337.053,66.1131],"tipVelocity":[15.6064,-248.218,-35.882],"tool":false,"touchDistance":0.333333,"touchZone":"none","type":3,"width":13.9319},{"bases":[[[0.866065,-0.468797,0.17367],[0.317796,0.784419,0.532628],[-0.385924,-0.406098,0.82834]],[[0.819666,-0.509657,0.261531],[0.540926,0.538359,-0.646196],[0.188541,0.671133,0.716961]],[[0.819666,-0.509657,0.261531],[-0.119992,-0.599177,-0.791573],[0.560134,0.617444,-0.55228]],[[0.819666,-0.509657,0.261531],[-0.445914,-0.854263,-0.267198],[0.359595,0.102393,-0.927473]]],"btipPosition":[56.7035,343.328,71.2258],"carpPosition":[57.7871,355.012,110.792],"dipPosition":[61.9291,344.816,57.748],"direction":[-0.560134,-0.617444,0.55228],"extended":false,"handId":147,"id":1474,"length":42.584,"mcpPosition":[76.7858,375.004,70.0139],"pipPosition":[71.1653,354.997,48.6412],"stabilizedTipPosition":[56.6126,352.291,71.0313],"timeVisible":11.9847,"tipPosition":[59.7332,342.941,67.5644],"tipVelocity":[9.62428,-242.119,-48.1434],"tool":false,"touchDistance":0.333333,"touchZone":"none","type":4,"width":12.3754}],"r":[[0.99293,0.0991952,0.0651887]