{"frames":64,"data":[{"currentFrameRate":57.6331,"devices":[],"gestures":[],"hands":[{"armBasis":[[0.953925,0.205403,-0.218716],[-0.000589744,0.730226,0.683205],[0.300045,-0.651598,0.696702]],"armWidth":50.6308,"confidence":1,"direction":[0.126129,0.636688,-0.760737],"elbow":[102.439,185.338,276.015],"grabAngle":2.6865,"grabStrength":0,"id":147,"palmNormal":[-0.00634276,-0.766328,-0.642419],"palmPosition":[31.3667,373.733,64.7947],"palmVelocity":[12.4383,8.80463,4.04299],"palmWidth":77.2498,"pinchDistance":45.5367,"pinchStrength":0.425267,"r":[[0.996085,0.0747274,0.0472181],[-0.0786679,0.99301,0.0879951],[-0.0403124,-0.0913652,0.995001]],"s":0.964608,"sphereCenter":[42.4665,351.743,29.2108],"sphereRadius":41.651,"stabilizedPalmPosition":[29.5613,371.139,64.0998],"t":[-0.878987,54.7709,8.01441],"timeVisible":3.52085,"type":"right","wrist":[33.6604,334.702,116.312]}],"id":114360,"interactionBox":{"center":[0,200,0],"size":[235.247,235.247,147.751]},"pointables":[{"bases":[[[0.429461,0.775116,0.463422],[-0.844738,0.16333,0.509649],[0.319346,-0.610344,0.724913]],[[0.352611,0.88623,0.300435],[-0.919066,0.267591,0.289333],[0.176022,-0.378141,0.90886]],[[0.352611,0.88623,0.300435],[-0.929135,0.369742,-0.000176761],[-0.11124,-0.279082,0.953802]],[[0.352611,0.88623,0.300435],[-0.87385,0.426694,-0.233064],[-0.334742,-0.180354,0.924889]]],"btipPosition":[9.93596,367.607,12.5218],"carpPosition":[7.59338,340.001,96.7047],"dipPosition":[3.33122,364.048,30.7706],"direction":[0.11124,0.279082,-0.953802],"extended":false,"handId":147,"id":1470,"length":43.9376,"mcpPosition":[7.59338,340.001,96.7047],"pipPosition":[0.133639,356.026,58.1876],"stabilizedTipPosition":[6.36079,363.54,15.7216],"timeVisible":3.52085,"tipPosition":[10.7194,365.254,17.3612],"tipVelocity":[17.8952,9.86714,2.55328],"tool":false,"touchDistance":0.29263,"touchZone":"hovering","type":0,"width":15.6066},{"bases":[[[0.999088,0.0222669,-0.036426],[0.00000980567,0.853093,0.521758],[0.0426927,-0.521283,0.852315]],[[0.997699,-0.035383,0.0578338],[0.014601,0.945135,0.326354],[-0.0662081,-0.324759,0.943477]],[[0.997699,-0.035383,0.0578338],[0.0267887,0.989339,0.143148],[-0.0622822,-0.141269,0.98801]],[[0.997699,-0.035383,0.0578338],[0.0341598,0.999174,0.0220049],[-0.0585646,-0.0199787,0.998084]]],"btipPosition":[17.4813,405.407,-20.8257],"carpPosition":[15.6371,357.918,101.092],"dipPosition":[16.6377,405.119,-6.44901],"direction":[0.0622822,0.141269,-0.98801],"extended":true,"handId":147,"id":1471,"length":49.5787,"mcpPosition":[12.9705,390.478,47.8569],"pipPosition":[15.3686,402.24,13.6839],"stabilizedTipPosition":[15.8426,400.429,-19.0625],"timeVisible":3.52085,"tipPosition":[16.3478,401.879,-17.8848],"tipVelocity":[14.9707,30.4893,11.8339],"tool":false,"touchDistance":0.333497,"touchZone":"hovering","type":1,"width":14.9074},{"bases":[[[0.980932,-0.194125,-0.00935002],[0.169855,0.832925,0.526675],[-0.0944529,-0.51822,0.850016]],[[0.979658,-0.200671,0.00141375],[0.152993,0.742303,-0.652364],[0.129861,0.63931,0.757904]],[[0.979658,-0.200671,0.00141375],[-0.108823,-0.537155,-0.836434],[0.168608,0.819265,-0.548065]],[[0.979658,-0.200671,0.00141375],[-0.18983,-0.92897,-0.317772],[0.065081,0.311039,-0.948166]]],"btipPosition":[21.1921,339.79,48.0576],"carpPosition":[25.9478,359.642,101.044],"dipPosition":[22.2232,344.718,33.0359],"direction":[-0.168608,-0.819265,0.548065],"extended":false,"handId":147,"id":1472,"length":56.491,"mcpPosition":[31.5424,390.338,50.695],"pipPosition":[26.2654,364.359,19.8967],"stabilizedTipPosition":[19.9504,338.136,44.4],"timeVisible":3.52085,"tipPosition":[21.2496,340.445,43.7859],"tipVelocity":[3.12491,12.4423,-3.15379],"tool":false,"touchDistance":0.333333,"touchZone":"none","type":2,"width":14.641},{"bases":[[[0.940727,-0.330503,0.0761625],[0.236406,0.799983,0.551489],[-0.243197,-0.500795,0.830698]],[[0.936316,-0.339237,0.0907228],[0.312022,0.68519,-0.658147],[0.161105,0.644541,0.747404]],[[0.936316,-0.339237,0.0907228],[-0.114726,-0.539691,-0.834009],[0.331889,0.770488,-0.544241]],[[0.936316,-0.339237,0.0907228],[-0.300796,-0.908116,-0.291285],[0.181201,0.245446,-0.952325]]],"btipPosition":[32.5838,339.119,56.1381],"carpPosition":[36.3242,358.625,100.757],"dipPosition":[35.438,342.985,41.1372],"direction":[-0.331889,-0.770488,0.54424],"extended":false,"handId":147,"id":1473,"length":54.3176,"mcpPosition":[49.2577,385.258,56.5798],"pipPosition":[43.1892,360.979,28.4267],"stabilizedTipPosition":[31.5553,337.612,52.6496],"timeVisible":3.52085,"tipPosition":[33.3055,339.899,52.8704],"tipVelocity":[4.56281,7.41165,-2.49668],"tool":false,"touchDistance":0.333333,"touchZone":"none","type":3,"width":13.9319},{"bases":[[[0.854177,-0.51385,0.079619],[0.357425,0.691431,0.627831],[-0.377662,-0.507821,0.774267]],[[0.839312,-0.532654,0.10879],[0.489367,0.653062,-0.577953],[0.236802,0.538321,0.808786]],[[0.839312,-0.532654,0.10879],[-0.164183,-0.439113,-0.883303],[0.518266,0.723505,-0.456005]],[[0.839312,-0.532654,0.10879],[-0.454325,-0.797121,-0.397726],[0.298569,0.28439,-0.911032]]],"btipPosition":[44.6899,344.521,57.6577],"carpPosition":[46.0418,351.631,99.126],"dipPosition":[49.0287,348.653,44.4188],"direction":[-0.518266,-0.723505,0.456005],"extended":false,"handId":147,"id":1474,"length":42.584,"mcpPosition":[64.6337,376.631,61.0096],"pipPosition":[57.5746,360.583,36.8995],"stabilizedTipPosition":[43.9635,343.272,54.4629],"timeVisible":3.52085,"tipPosition":[46.5414,344.603,54.9489],"tipVelocity":[5.05487,3.79919,-2.30066],"tool":false,"touchDistance":0.333333,"touchZone":"none","type":4,"width":12.3754}],"r":[[0.996085,0.0747274,0.0472181],[-0.0786679,0.99301,0.0879951],[-0.0403124,-0.0913652,0.995001]],"s":0.964608,"t":[-0.878987,54.7709,8.01441],"timestamp":1132162182304},{"currentFrameRate":57.6067,"devices":[],"gestures":[],"hands":[{"armBasis":[[0.953819,0.205731,-0.218869],[-0.00144939,0.731781,0.681538],[0.300378,-0.649747,0.698285]],"armWidth":50.6308,"confidence":1,"direction":[0.1265,0.640164,-0.757751],"elbow":[102.729,185.45,276.261],"grabAngle":2.68354,"grabStrength":0,"id":147,"palmNormal":[-0.00464817,-0.763497,-0.645795],"palmPosition":[31.6039,373.602,64.8083],"palmVelocity":[13.5982,-7.54119,0.778472],"palmWidth":77.2498,"pinchDistance":45.82,"pinchStrength":0.430248,"r":[[0.996196,0.0734028,0.0469683],[-0.0774207,0.992893,0.090381],[-0.0400003,-0.0936734,0.994799]],"s":0.964142,"sphereCenter":[42.6807,351.868,29.1592],"sphereRadius":41.5926,"stabilizedPalmPosition":[29.5966,371.181,64.112],"t":[-0.665172,54.76,8.06688],"timeVisible":3.5383,"type":"right","wrist":[33.8738,334.39,116.194]}],"id":114361,"interactionBox":{"center":[0,200,0],"size":[235.247,235.247,147.751]},"pointables":[{"bases":[[[0.428002,0.773519,0.467421],[-0.84561,0.160194,0.509198],[0.318996,-0.613194,0.722658]],[[0.350458,0.886137,0.303217],[-0.919972,0.265009,0.288828],[0.175586,-0.380173,0.908096]],[[0.350458,0.886137,0.303217],[-0.92966,0.368412,-0.0021661],[-0.113628,-0.281129,0.952919]],[[0.350458,0.886137,0.303217],[-0.872954,0.426348,-0.237019],[-0.339307,-0.181629,0.922974]]],"btipPosition":[10.3423,367.48,12.4493],"carpPosition":[7.82254,339.704,96.5367],"dipPosition":[3.64751,363.896,30.6603],"direction":[0.113628,0.281129,-0.952919],"extended":false,"handId":147,"id":1470,"length":43.9376,"mcpPosition":[7.82254,339.704,96.5367],"pipPosition":[0.381274,355.815,58.0519],"stabilizedTipPosition":[6.44033,363.641,15.7514],"timeVisible":3.5383,"tipPosition":[11.0007,365.328,17.3004],"tipVelocity":[22.1039,-7.59167,-4.65403],"tool":false,"touchDistance":0.291276,"touchZone":"hovering","type":0,"width":15.6066},{"bases":[[[0.999113,0.0234794,-0.03495],[-0.00161087,0.850787,0.525509],[0.0420736,-0.524986,0.85007]],[[0.997561,-0.0353045,0.060215],[0.0132347,0.942677,0.333444],[-0.0685354,-0.331833,0.940845]],[[0.997561,-0.0353045,0.060215],[0.0257739,0.988001,0.152284],[-0.0648688,-0.15036,0.986501]],[[0.997561,-0.0353045,0.060215],[0.0334,0.998919,0.0323459],[-0.0612918,-0.0302558,0.997661]]],"btipPosition":[17.9004,405.92,-20.6314],"carpPosition":[15.8412,357.61,101.014],"dipPosition":[17.0175,405.484,-6.26082],"direction":[0.0648688,0.15036,-0.986501],"extended":true,"handId":147,"id":1471,"length":49.5787,"mcpPosition":[13.2133,390.401,47.919],"pipPosition":[15.6957,402.42,13.8414],"stabilizedTipPosition":[15.9287,400.679,-18.9818],"timeVisible":3.5383,"tipPosition":[16.6881,402.165,-17.7589],"tipVelocity":[23.5033,27.4518,11.0547],"tool":false,"touchDistance":0.333485,"touchZone":"hovering","type":1,"width":14.9074},{"bases":[[[0.981149,-0.193049,-0.00885204],[0.168248,0.830775,0.53057],[-0.0950719,-0.522058,0.847595]],[[0.979716,-0.200366,0.0030602],[0.154509,0.745593,-0.648243],[0.127604,0.635567,0.761428]],[[0.979716,-0.200366,0.0030602],[-0.106117,-0.531707,-0.840254],[0.169986,0.822886,-0.542184]],[[0.979716,-0.200366,0.0030602],[-0.188577,-0.92702,-0.32415],[0.0677856,0.316998,-0.946001]]],"btipPosition":[21.447,339.691,47.8262],"carpPosition":[26.1501,359.345,100.987],"dipPosition":[22.5209,344.713,32.8388],"direction":[-0.169986,-0.822886,0.542184],"extended":false,"handId":147,"id":1472,"length":56.491,"mcpPosition":[31.7815,390.268,50.7821],"pipPosition":[26.5961,364.441,19.8406],"stabilizedTipPosition":[19.9804,338.183,44.3996],"timeVisible":3.5383,"tipPosition":[21.5518,340.398,43.6436],"tipVelocity":[15.1731,-4.4044,-12.8103],"tool":false,"touchDistance":0.333333,"touchZone":"none","type":2,"width":14.641},{"bases":[[[0.940971,-0.329844,0.0760037],[0.234801,0.797795,0.555331],[-0.243808,-0.504705,0.828149]],[[0.936055,-0.33959,0.0920827],[0.314099,0.688554,-0.653633],[0.158563,0.640759,0.751189]],[[0.936055,-0.33959,0.0920827],[-0.111677,-0.534923,-0.837488],[0.333659,0.773651,-0.538642]],[[0.936055,-0.33959,0.0920827],[-0.299626,-0.90653,-0.297367],[0.184458,0.250761,-0.950312]]],"btipPosition":[32.8232,339.027,55.9222],"carpPosition":[36.5281,358.34,100.711],"dipPosition":[35.7287,342.977,40.953],"direction":[-0.333659,-0.773651,0.538642],"extended":false,"handId":147,"id":1473,"length":54.3176,"mcpPosition":[49.494,385.181,56.6689],"pipPosition":[43.5212,361.045,28.3732],"stabilizedTipPosition":[31.5856,337.648,52.6469],"timeVisible":3.5383,"tipPosition":[33.5944,339.823,52.7363],"tipVelocity":[14.3986,-4.16054,-11.9602],"tool":false,"touchDistance":0.333333,"touchZone":"none","type":3,"width":13.9319},{"bases":[[[0.854611,-0.513296,0.0785336],[0.355829,0.689035,0.631361],[-0.378187,-0.511623,0.771502]],[[0.837844,-0.534484,0.111107],[0.493416,0.654345,-0.573038],[0.233577,0.534939,0.811962]],[[0.837844,-0.534484,0.111107],[-0.159947,-0.434937,-0.886141],[0.521953,0.724677,-0.449899]],[[0.837844,-0.534484,0.111107],[-0.453324,-0.794582,-0.403902],[0.304163,0.288039,-0.90803]]],"btipPosition":[44.8833,344.469,57.491],"carpPosition":[46.2552,351.364,99.0621],"dipPosition":[49.3033,348.655,44.2957],"direction":[-0.521953,-0.724677,0.449899],"extended":false,"handId":147,"id":1474,"length":42.584,"mcpPosition":[64.873,376.551,61.0818],"pipPosition":[57.91,360.604,36.8771],"stabilizedTipPosition":[43.9932,343.305,54.4628],"timeVisible":3.5383,"tipPosition":[46.8169,344.537,54.8526],"tipVelocity":[12.1553,-2.24715,-8.98195],"tool":false,"touchDistance":0.333333,"touchZone":"none","type":4,"width":12.3754}],"r":[[0.996196,0.0734028,0.0469683],[-0.0774207,0.992893,0.090381],[-0.0400003,-0.0936734,0.994799]],"s":0.964142,"t":[-0.665172,54.76,8.06688],"timestamp":1132162199751},{"currentFrameRate":57.6119,"devices":[],"gestures":[],"hands":[{"armBasis":[[0.953832,0.209565,-0.215147],[-0.00717202,0.732027,0.681238],[0.300256,-0.648243,0.699733]],"armWidth":50.6308,"confidence":1,"direction":[0.126231,0.635891,-0.761386],"elbow":[103.002,185.694,276.604],"grabAngle":2.68425,"grabStrength":0,"id":147,"palmNormal":[0.000343255,-0.767553,-0.640985],"palmPosition":[31.9095,373.207,64.6001],"palmVelocity":[17.6205,-22.7599,-12.0046],"palmWidth":77.2498,"pinchDistance":45.6015,"pinchStrength":0.430039,"r":[[0.996196,0.073201,0.0472694],[-0.0772726,0.992849,0.0909924],[-0.0402706,-0.0942989,0.994729]],"s":0.963342,"sphereCenter":[43.2116,351.209,29.1041],"sphereRadius":41.6031,"stabilizedPalmPosition":[29.6373,371.217,64.1206],"t":[-0.405495,54.5571,7.98904],"timeVisible":3.55564,"type":"right","wrist":[34.175,334.29,116.205]}],"id":114362,"interactionBox":{"center":[0,200,0],"size":[235.247,235.247,147.751]},"pointables":[{"bases":[[[0.423503,0.77815,0.463819],[-0.847773,0.160002,0.505648],[0.319258,-0.607357,0.727456]],[[0.345948,0.889484,0.29856],[-0.921576,0.262405,0.28608],[0.17612,-0.374115,0.910505]],[[0.345948,0.889484,0.29856],[-0.931273,0.364271,-0.0061666],[-0.114242,-0.275907,0.954371]],[[0.345948,0.889484,0.29856],[-0.874082,0.421195,-0.242024],[-0.341028,-0.177238,0.923194]]],"btipPosition":[10.7166,366.697,12.2345],"carpPosition":[8.16786,339.414,96.4701],"dipPosition":[3.98783,363.2,30.4499],"direction":[0.114242,0.275907,-0.954371],"extended":false,"handId":147,"id":1470,"length":43.9376,"mcpPosition":[8.16786,339.414,96.4701],"pipPosition":[0.703956,355.269,57.8832],"stabilizedTipPosition":[6.5394,363.723,15.7758],"timeVisible":3.55564,"tipPosition":[11.4649,364.563,17.0788],"tipVelocity":[21.1339,-44.0103,-12.3278],"tool":false,"touchDistance":0.287714,"touchZone":"hovering","type":0,"width":15.6066},{"bases":[[[0.999113,0.0272615,-0.0321095],[-0.00658755,0.854059,0.520134],[0.041603,-0.519461,0.853481]],[[0.997496,-0.0310166,0.0635626],[0.00889917,0.946609,0.32226],[-0.0701644,-0.320888,0.944515]],[[0.997496,-0.0310166,0.0635626],[0.0218664,0.989924,0.1399],[-0.0672614,-0.13816,0.988123]],[[0.997496,-0.0310166,0.0635626],[0.0297506,0.999342,0.0207674],[-0.0641649,-0.0188244,0.997762]]],"btipPosition":[18.3393,404.535,-21.1674],"carpPosition":[16.1016,357.381,100.859],"dipPosition":[17.415,404.264,-6.79533],"direction":[0.0672614,0.13816,-0.988123],"extended":true,"handId":147,"id":1471,"length":49.5787,"mcpPosition":[13.503,389.826,47.5504],"pipPosition":[16.0444,401.449,13.3399],"stabilizedTipPosition":[16.0533,400.894,-18.9184],"timeVisible":3.55564,"tipPosition":[17.1543,401.274,-18.1812],"tipVelocity":[24.7602,-77.6711,-30.8896],"tool":false,"touchDistance":0.332895,"touchZone":"hovering","type":1,"width":14.9074},{"bases":[[[0.981933,-0.189169,-0.00470233],[0.163334,0.834761,0.525829],[-0.095545,-0.517097,0.850577]],[[0.980264,-0.197485,0.00901789],[0.155476,0.741962,-0.652166],[0.122102,0.640697,0.758023]],[[0.980264,-0.197485,0.00901789],[-0.100385,-0.536547,-0.837878],[0.170307,0.820437,-0.545783]],[[0.980264,-0.197485,0.00901789],[-0.184209,-0.929024,-0.320908],[0.0717522,0.312913,-0.947067]]],"btipPosition":[21.8814,339.124,47.7555],"carpPosition":[26.4035,359.157,100.852],"dipPosition":[23.0182,344.081,32.7512],"direction":[-0.170307,-0.820437,0.545783],"extended":false,"handId":147,"id":1472,"length":56.491,"mcpPosition":[32.0629,389.786,50.4699],"pipPosition":[27.1011,363.75,19.6667],"stabilizedTipPosition":[20.0268,338.228,44.3976],"timeVisible":3.55564,"tipPosition":[22.0541,339.833,43.6181],"tipVelocity":[25.8878,-33.5938,-4.30158],"tool":false,"touchDistance":0.333333,"touchZone":"none","type":2,"width":14.641},{"bases":[[[0.942045,-0.325588,0.0808927],[0.229942,0.802203,0.550996],[-0.24429,-0.500462,0.830578]],[[0.936421,-0.336559,0.0992128],[0.315759,0.685005,-0.656555],[0.153008,0.646139,0.747725]],[[0.936421,-0.336559,0.0992128],[-0.105882,-0.540621,-0.834577],[0.334521,0.771011,-0.541884]],[[0.936421,-0.336559,0.0992128],[-0.295795,-0.909293,-0.29273],[0.188735,0.244772,-0.951034]]],"btipPosition":[33.2286,338.606,55.9124],"carpPosition":[36.7861,358.192,100.612],"dipPosition":[36.2015,342.461,40.9318],"direction":[-0.334521,-0.771011,0.541884],"extended":false,"handId":147,"id":1473,"length":54.3176,"mcpPosition":[49.7777,384.807,56.4415],"pipPosition":[44.0142,360.468,28.2763],"stabilizedTipPosition":[31.6297,337.683,52.6435],"timeVisible":3.55564,"tipPosition":[34.0704,339.362,52.7459],"tipVelocity":[24.2757,-25.5368,-0.715903],"tool":false,"touchDistance":0.333333,"touchZone":"none","type":3,"width":13.9319},{"bases":[[[0.85641,-0.509364,0.0843195],[0.351174,0.694409,0.62807],[-0.378469,-0.508275,0.773575]],[[0.837236,-0.533198,0.121391],[0.49715,0.649707,-0.575084],[0.227765,0.541831,0.809038]],[[0.837236,-0.533198,0.121391],[-0.153573,-0.442312,-0.883615],[0.524834,0.721152,-0.452205]],[[0.837236,-0.533198,0.121391],[-0.450123,-0.798016,-0.400699],[0.310524,0.280839,-0.908132]]],"btipPosition":[45.2212,344.142,57.4905],"carpPosition":[46.546,351.244,99.037],"dipPosition":[49.7337,348.223,44.2937],"direction":[-0.524834,-0.721152,0.452205],"extended":false,"handId":147,"id":1474,"length":42.584,"mcpPosition":[65.1776,376.266,60.9547],"pipPosition":[58.3879,360.114,36.8371],"stabilizedTipPosition":[44.0335,343.337,54.4627],"timeVisible":3.55564,"tipPosition":[47.2612,344.148,54.8703],"tipVelocity":[20.7133,-20.2804,-0.0469969],"tool":false,"touchDistance":0.333333,"touchZone":"none","type":4,"width":12.3754}],"r":[[0.996196,0.073201,0.0472694],[-0.0772726,0.992849,0.0909924],[-0.0402706,-0.0942989,0.994729]],"s":0.963342,"t":[-0.405495,54.5571,7.98904],"timestamp":1132162217091},{"currentFrameRate":57.6176,"devices":[],"gestures":[],"hands":[{"armBasis":[[0.954225,0.213022,-0.209945],[-0.0135991,0.73212,0.68104],[0.298782,-0.64701,0.701503]],"armWidth":50.6308,"confidence":1,"direction":[0.125168,0.636861,-0.76075],"elbow":[103.21,185.676,276.753],"grabAngle":2.68705,"grabStrength":0,"id":147,"palmNormal":[0.00690686,-0.767321,-0.641225],"palmPosition":[32.434,372.908,64.3446],"palmVelocity":[30.2566,-17.2312,-14.7366],"palmWidth":77.2498,"pinchDistance":45.392,"pinchStrength":0.433527,"r":[[0.99608,0.0741762,0.04819],[-0.0783522,0.992719,0.0914926],[-0.0410525,-0.0949098,0.994639]],"s":0.962023,"sphereCenter":[44.1643,350.84,28.8695],"sphereRadius":41.6577,"stabilizedPalmPosition":[29.6897,371.248,64.1248],"t":[-0.0133769,54.3064,7.82238],"timeVisible":3.57298,"type":"right","wrist":[34.7205,333.988,115.949]}],"id":114363,"interactionBox":{"center":[0,200,0],"size":[235.247,235.247,147.751]},"pointables":[{"bases":[[[0.41747,0.780403,0.4655],[-0.850383,0.154978,0.502823],[0.320262,-0.605767,0.72834]],[[0.339086,0.892144,0.298497],[-0.923774,0.255746,0.285019],[0.177939,-0.372389,0.910859]],[[0.339086,0.892144,0.298497],[-0.933503,0.358409,-0.0107672],[-0.11659,-0.274996,0.95435]],[[0.339086,0.892144,0.298497],[-0.874231,0.416022,-0.250292],[-0.347478,-0.176084,0.921007]]],"btipPosition":[11.4448,366.13,11.9164],"carpPosition":[8.77837,338.969,96.1231],"dipPosition":[4.58874,362.656,30.0886],"direction":[0.11659,0.274996,-0.95435],"extended":false,"handId":147,"id":1470,"length":43.9376,"mcpPosition":[8.77837,338.969,96.1231],"pipPosition":[1.23739,354.751,57.5213],"stabilizedTipPosition":[6.66974,363.786,15.7884],"timeVisible":3.57298,"tipPosition":[12.1768,364.175,16.7449],"tipVelocity":[40.313,-32.3965,-18.9249],"tool":false,"touchDistance":0.282245,"touchZone":"hovering","type":0,"width":15.6066},{"bases":[[[0.999043,0.0329882,-0.0287143],[-0.0132367,0.853831,0.520381],[0.0416836,-0.519503,0.853451]],[[0.997445,-0.0252625,0.0668218],[0.0028887,0.948883,0.315614],[-0.0713793,-0.314615,0.946532]],[[0.997445,-0.0252625,0.0668218],[0.0164482,0.991468,0.129311],[-0.0695183,-0.127882,0.98935]],[[0.997445,-0.0252625,0.0668218],[0.024577,0.999637,0.0110621],[-0.0670769,-0.00939153,0.997704]]],"btipPosition":[18.9588,403.564,-21.5771],"carpPosition":[16.5942,356.979,100.545],"dipPosition":[17.9926,403.429,-7.20585],"direction":[0.0695183,0.127882,-0.98935],"extended":true,"handId":147,"id":1471,"length":49.5787,"mcpPosition":[13.9907,389.428,47.238],"pipPosition":[16.576,400.823,12.9544],"stabilizedTipPosition":[16.2168,401.055,-18.879],"timeVisible":3.57298,"tipPosition":[17.8354,401.02,-18.4693],"tipVelocity":[35.1795,-54.2082,-23.6415],"tool":false,"touchDistance":0.33297,"touchZone":"hovering","type":1,"width":14.9074},{"bases":[[[0.98301,-0.183546,-0.00143475],[0.156772,0.835503,0.526646],[-0.095465,-0.517924,0.850083]],[[0.981288,-0.192126,0.0126901],[0.153983,0.743486,-0.650783],[0.115598,0.64056,0.759158]],[[0.981288,-0.192126,0.0126901],[-0.094117,-0.536114,-0.838883],[0.167975,0.821991,-0.544164]],[[0.981288,-0.192126,0.0126901],[-0.177765,-0.929318,-0.323677],[0.0739801,0.315365,-0.946082]]],"btipPosition":[22.6439,338.76,47.4054],"carpPosition":[26.8858,358.814,100.573],"dipPosition":[23.816,343.756,32.4167],"direction":[-0.167975,-0.821991,0.544164],"extended":false,"handId":147,"id":1472,"length":56.491,"mcpPosition":[32.5404,389.492,50.2203],"pipPosition":[27.843,363.462,19.371],"stabilizedTipPosition":[20.0984,338.269,44.3867],"timeVisible":3.57298,"tipPosition":[22.8412,339.487,43.3208],"tipVelocity":[44.4476,-20.4719,-19.988],"tool":false,"touchDistance":0.333333,"touchZone":"none","type":2,"width":14.641},{"bases":[[[0.943613,-0.32022,0.0839809],[0.22348,0.803319,0.552028],[-0.244234,-0.502133,0.829585]],[[0.937897,-0.331405,0.102571],[0.31444,0.687188,-0.654904],[0.146553,0.646485,0.748718]],[[0.937897,-0.331405,0.102571],[-0.100152,-0.541736,-0.834561],[0.332144,0.772459,-0.541283]],[[0.937897,-0.331405,0.102571],[-0.289857,-0.911057,-0.293187],[0.190612,0.245248,-0.950537]]],"btipPosition":[33.9832,338.357,55.6619],"carpPosition":[37.2745,357.909,100.368],"dipPosition":[36.9857,342.22,40.6892],"direction":[-0.332144,-0.772459,0.541283],"extended":false,"handId":147,"id":1473,"length":54.3176,"mcpPosition":[50.2631,384.613,56.2504],"pipPosition":[44.7428,360.261,28.0477],"stabilizedTipPosition":[31.6992,337.719,52.6338],"timeVisible":3.57298,"tipPosition":[34.8283,339.08,52.4863],"tipVelocity":[43.9141,-14.2206,-14.343],"tool":false,"touchDistance":0.333333,"touchZone":"none","type":3,"width":13.9319},{"bases":[[[0.85902,-0.504485,0.0870587],[0.345065,0.696194,0.629479],[-0.378172,-0.510695,0.772125]],[[0.839595,-0.528745,0.124538],[0.495884,0.652433,-0.573088],[0.221764,0.542918,0.809976]],[[0.839595,-0.528745,0.124538],[-0.14884,-0.44441,-0.883372],[0.522424,0.723138,-0.451823]],[[0.839595,-0.528745,0.124538],[-0.44498,-0.800942,-0.400604],[0.311565,0.280928,-0.907748]]],"btipPosition":[45.9434,343.968,57.3089],"carpPosition":[47.0792,351.018,98.8239],"dipPosition":[50.471,348.05,44.1177],"direction":[-0.522424,-0.723138,0.451823],"extended":false,"handId":147,"id":1474,"length":42.584,"mcpPosition":[65.6963,376.159,60.813],"pipPosition":[59.0854,359.974,36.6674],"stabilizedTipPosition":[44.0973,343.371,54.4586],"timeVisible":3.57298,"tipPosition":[47.9811,343.945,54.6562],"tipVelocity":[41.8548,-10.0001,-10.3992],"tool":false,"touchDistance":0.333333,"touchZone":"none","type":4,"width":12.3754}],"r":[[0.99608,0.0741762,0.04819],[-0.0783522,0.992719,0.0914926],[-0.0410525,-0.0949098,0.994639]],"s":0.962023,"t":[-0.0133769,54.3064,7.82238],"timestamp":1132162234428},{"currentFrameRate":57.6311,"devices":[],"gestures":[],"hands":[{"armBasis":[[0.954808,0.202651,-0.217428],[-0.00343593,0.739004,0.673692],[0.297205,-0.6425,0.706303]],"armWidth":50.6308,"confidence":1,"direction":[0.129273,0.639274,-0.758035],"elbow":[103.182,185.073,277.202],"grabAngle":2.6926,"grabStrength":0,"id":147,"palmNormal":[-0.00156824,-0.764317,-0.644839],"palmPosition":[32.9809,371.438,63.7992],"palmVelocity":[31.6013,-84.9773,-31.515],"palmWidth":77.2498,"pinchDistance":45.4109,"pinchStrength":0.433216,"r":[[0.996144,0.0730889,0.0485375],[-0.0773587,0.992669,0.0928612],[-0.0413945,-0.0962578,0.994495]],"s":0.960888,"sphereCenter":[44.3046,349.486,28.264],"sphereRadius":41.5553,"stabilizedPalmPosition":[29.8051,371.255,64.1134],"t":[0.456144,53.4456,7.46633],"timeVisible":3.59029,"type":"right","wrist":[35.0541,332.352,115.297]}],"id":114364,"interactionBox":{"center":[0,200,0],"size":[235.247,235.247,147.751]},"pointables":[{"bases":[[[0.425648,0.774347,0.468199],[-0.847789,0.160372,0.505504],[0.31635,-0.612101,0.724745]],[[0.346631,0.888964,0.299316],[-0.92086,0.261781,0.288943],[0.178505,-0.375785,0.909352]],[[0.346631,0.888964,0.299316],[-0.930423,0.366336,-0.0105102],[-0.118994,-0.274848,0.954096]],[[0.346631,0.888964,0.299316],[-0.869045,0.424446,-0.254177],[-0.352998,-0.172013,0.919676]]],"btipPosition":[11.9079,364.787,11.3629],"carpPosition":[9.08751,337.567,95.4723],"dipPosition":[4.943,361.393,29.5089],"direction":[0.118994,0.274848,-0.954096],"extended":false,"handId":147,"id":1470,"length":43.9376,"mcpPosition":[9.08751,337.567,95.4723],"pipPosition":[1.52255,353.492,56.9343],"stabilizedTipPosition":[6.85349,363.797,15.7756],"timeVisible":3.59029,"tipPosition":[12.4933,363.132,16.1927],"tipVelocity":[25.3153,-76.5491,-32.327],"tool":false,"touchDistance":0.272921,"touchZone":"hovering","type":0,"width":15.6066},{"bases":[[[0.999236,0.0239868,-0.0308613],[-0.00424262,0.851451,0.524418],[0.038856,-0.523886,0.850902]],[[0.997228,-0.0353518,0.0654653],[0.0130327,0.949299,0.314103],[-0.0732502,-0.312379,0.947129]],[[0.997228,-0.0353518,0.0654653],[0.0265779,0.991112,0.130348],[-0.0694915,-0.128247,0.989305]],[[0.997228,-0.0353518,0.0654653],[0.0345367,0.999312,0.0135408],[-0.0658989,-0.0112423,0.997763]]],"btipPosition":[19.6694,402.295,-22.0237],"carpPosition":[17.0779,355.484,99.9603],"dipPosition":[18.7201,402.133,-7.65161],"direction":[0.0694915,0.128247,-0.989305],"extended":true,"handId":147,"id":1471,"length":49.5787,"mcpPosition":[14.6509,388.205,46.8129],"pipPosition":[17.3041,399.52,12.5077],"stabilizedTipPosition":[16.4518,401.142,-18.8673],"timeVisible":3.59029,"tipPosition":[18.475,400.121,-18.8449],"tipVelocity":[41.2804,-73.6797,-25.7941],"tool":false,"touchDistance":0.332943,"touchZone":"hovering","type":1,"width":14.9074},{"bases":[[[0.981283,-0.192518,-0.00456287],[0.165605,0.83154,0.530204],[-0.0982797,-0.521036,0.847858]],[[0.979188,-0.202607,0.0119141],[0.161236,0.740906,-0.651967],[0.123266,0.640319,0.758153]],[[0.979188,-0.202607,0.0119141],[-0.100769,-0.536289,-0.837998],[0.176173,0.819356,-0.545544]],[[0.979188,-0.202607,0.0119141],[-0.188032,-0.927711,-0.322484],[0.0763902,0.313532,-0.9465]]],"btipPosition":[22.7644,337.456,47.0184],"carpPosition":[27.3858,357.224,99.9735],"dipPosition":[23.9746,342.423,32.0231],"direction":[-0.176173,-0.819356,0.545544],"extended":false,"handId":147,"id":1472,"length":56.491,"mcpPosition":[33.2072,388.086,49.7528],"pipPosition":[28.1981,362.066,18.9443],"stabilizedTipPosition":[20.2052,338.281,44.357],"timeVisible":3.59029,"tipPosition":[23.0352,338.213,42.6589],"tipVelocity":[7.46722,-75.7255,-22.4509],"tool":false,"touchDistance":0.333333,"touchZone":"none","type":2,"width":14.641},{"bases":[[[0.94083,-0.329228,0.0803001],[0.232073,0.798627,0.555281],[-0.246944,-0.50379,0.827777]],[[0.933784,-0.342774,0.102727],[0.322562,0.682018,-0.656358],[0.154921,0.646033,0.747423]],[[0.933784,-0.342774,0.102727],[-0.107782,-0.543167,-0.832678],[0.341218,0.76647,-0.544145]],[[0.933784,-0.342774,0.102727],[-0.301436,-0.908195,-0.290374],[0.192829,0.240182,-0.951383]]],"btipPosition":[34.0561,336.998,55.2595],"carpPosition":[37.7654,356.225,99.7408],"dipPosition":[37.0935,340.781,40.2734],"direction":[-0.341218,-0.76647,0.544145],"extended":false,"handId":147,"id":1473,"length":54.3176,"mcpPosition":[50.8981,383.017,55.719],"pipPosition":[45.0625,358.682,27.5651],"stabilizedTipPosition":[31.8088,337.724,52.6043],"timeVisible":3.59029,"tipPosition":[35.0324,337.65,51.7774],"tipVelocity":[4.67762,-79.6084,-23.4298],"tool":false,"touchDistance":0.333333,"touchZone":"none","type":3,"width":13.9319},{"bases":[[[0.854561,-0.512724,0.0827068],[0.352846,0.690031,0.631947],[-0.381084,-0.510854,0.770586]],[[0.830145,-0.542463,0.128812],[0.50822,0.641219,-0.574935],[0.229285,0.542745,0.807995]],[[0.830145,-0.542463,0.128812],[-0.154922,-0.446362,-0.88134],[0.535591,0.711684,-0.454585]],[[0.830145,-0.542463,0.128812],[-0.458186,-0.795389,-0.396764],[0.317685,0.270352,-0.908838]]],"btipPosition":[45.9804,342.557,56.8226],"carpPosition":[47.5031,349.252,98.1413],"dipPosition":[50.5969,346.486,43.6155],"direction":[-0.535591,-0.711684,0.454585],"extended":false,"handId":147,"id":1474,"length":42.584,"mcpPosition":[66.2635,374.401,60.2062],"pipPosition":[59.4285,358.221,36.1197],"stabilizedTipPosition":[44.2029,343.374,54.4345],"timeVisible":3.59029,"tipPosition":[48.2149,342.402,53.9357],"tipVelocity":[3.31881,-83.5481,-28.3118],"tool":false,"touchDistance":0.333333,"touchZone":"none","type":4,"width":12.3754}],"r":[[0.996144,0.0730889,0.0485375],[-0.0773587,0.992669,0.0928612],[-0.0413945,-0.0962578,0.994495]],"s":0.960888,"t":[0.456144,53.4456,7.46633],"timestamp":1132162251735},{"currentFrameRate":57.6222,"devices":[],"gestures":[],"hands":[{"armBasis":[[0.955537,0.194656,-0.221491],[0.00250855,0.745752,0.666219],[0.294861,-0.637153,0.712105]],"armWidth":50.6308,"confidence":1,"direction":[0.131934,0.646995,-0.750994],"elbow":[103.285,183.739,277.484],"grabAngle":2.69585,"grabStrength":0,"id":147,"palmNormal":[-0.00481793,-0.757189,-0.653178],"palmPosition":[33.7811,369.312,63.0638],"palmVelocity":[46.0307,-122.247,-42.3038],"palmWidth":77.2498,"pinchDistance":45.4554,"pinchStrength":0.432853,"r":[[0.996255,0.0712721,0.0489565],[-0.0757263,0.992484,0.0961334],[-0.0417369,-0.0994807,0.994164]],"s":0.959927,"sphereCenter":[44.9222,347.748,27.3394],"sphereRadius":41.4839,"stabilizedPalmPosition":[30.0837,371.119,64.0398],"t":[1.091,51.9527,6.9206],"timeVisible":3.60767,"type":"right","wrist":[35.6947,329.792,114.25]}],"id":114365,"interactionBox":{"center":[0,200,0],"size":[235.247,235.247,147.751]},"pointables":[{"bases":[[[0.428929,0.767367,0.476622],[-0.847084,0.158393,0.507307],[0.313797,-0.621337,0.717963]],[[0.34955,0.885079,0.307326],[-0.919718,0.261586,0.292729],[0.178696,-0.384977,0.905461]],[[0.34955,0.885079,0.307326],[-0.928872,0.370268,-0.00985664],[-0.122517,-0.282021,0.951553]],[[0.34955,0.885079,0.307326],[-0.865136,0.430829,-0.256761],[-0.359658,-0.176128,0.91631]]],"btipPosition":[12.7915,363.094,10.5608],"carpPosition":[9.74649,335.197,94.3658],"dipPosition":[5.69514,359.619,28.6404],"direction":[0.122517,0.282021,-0.951553],"extended":false,"handId":147,"id":1470,"length":43.9376,"mcpPosition":[9.74649,335.197,94.3658],"pipPosition":[2.1734,351.513,55.9927],"stabilizedTipPosition":[7.16818,363.687,15.6984],"timeVisible":3.60767,"tipPosition":[13.2251,361.626,15.3611],"tipVelocity":[49.0864,-98.427,-47.0179],"tool":false,"touchDistance":0.259298,"touchZone":"hovering","type":0,"width":15.6066},{"bases":[[[0.999327,0.0201118,-0.0306855],[-0.000630703,0.845661,0.53372],[0.0366836,-0.533341,0.845104]],[[0.997004,-0.0407525,0.0657491],[0.0175389,0.946928,0.320967],[-0.0753399,-0.318852,0.944805]],[[0.997004,-0.0407525,0.0657491],[0.0312841,0.989784,0.139101],[-0.0707461,-0.136628,0.988093]],[[0.997004,-0.0407525,0.0657491],[0.0393163,0.998962,0.0229917],[-0.0666179,-0.0203378,0.997571]]],"btipPosition":[20.6513,400.969,-22.461],"carpPosition":[17.8125,353.03,99.0492],"dipPosition":[19.6917,400.676,-8.0917],"direction":[0.0707461,0.136628,-0.988093],"extended":true,"handId":147,"id":1471,"length":49.5787,"mcpPosition":[15.5213,386.343,46.264],"pipPosition":[18.2501,397.892,12.0429],"stabilizedTipPosition":[16.8099,401.121,-18.8933],"timeVisible":3.60767,"tipPosition":[19.4066,398.987,-19.2583],"tipVelocity":[56.3478,-78.0444,-25.1936],"tool":false,"touchDistance":0.332949,"touchZone":"hovering","type":1,"width":14.9074},{"bases":[[[0.980462,-0.196591,-0.00676031],[0.169132,0.824972,0.539273],[-0.100439,-0.52988,0.842104]],[[0.978138,-0.20767,0.0109175],[0.16518,0.743968,-0.647477],[0.126339,0.635126,0.762006]],[[0.978138,-0.20767,0.0109175],[-0.103172,-0.530189,-0.841579],[0.180559,0.822054,-0.540023]],[[0.978138,-0.20767,0.0109175],[-0.192572,-0.924343,-0.329401],[0.0784982,0.320097,-0.944127]]],"btipPosition":[23.3707,335.525,46.1398],"carpPosition":[28.1277,354.727,99.0806],"dipPosition":[24.6143,340.596,31.1821],"direction":[-0.180559,-0.822054,0.540023],"extended":false,"handId":147,"id":1472,"length":56.491,"mcpPosition":[34.077,386.113,49.2007],"pipPosition":[28.943,360.304,18.2356],"stabilizedTipPosition":[20.4152,338.184,44.2561],"timeVisible":3.60767,"tipPosition":[23.6939,336.369,41.5789],"tipVelocity":[35.3212,-109.698,-50.0434],"tool":false,"touchDistance":0.333333,"touchZone":"none","type":2,"width":14.641},{"bases":[[[0.939437,-0.334051,0.0766026],[0.235461,0.791507,0.563982],[-0.24903,-0.511788,0.822227]],[[0.931778,-0.348829,0.10054],[0.326551,0.684372,-0.65192],[0.158602,0.640276,0.751593]],[[0.931778,-0.348829,0.10054],[-0.110878,-0.537171,-0.836154],[0.345682,0.767962,-0.539201]],[[0.931778,-0.348829,0.10054],[-0.306553,-0.904397,-0.296802],[0.194461,0.245733,-0.949632]]],"btipPosition":[34.636,334.98,54.3498],"carpPosition":[38.5029,353.686,98.8361],"dipPosition":[37.6991,338.85,39.3913],"direction":[-0.345682,-0.767962,0.539201],"extended":false,"handId":147,"id":1473,"length":54.3176,"mcpPosition":[51.7466,380.904,55.1094],"pipPosition":[45.7724,356.786,26.7984],"stabilizedTipPosition":[32.032,337.607,52.4972],"timeVisible":3.60767,"tipPosition":[35.6847,335.654,50.6754],"tipVelocity":[33.697,-114.946,-51.9658],"tool":false,"touchDistance":0.333333,"touchZone":"none","type":3,"width":13.9319},{"bases":[[[0.852395,-0.517197,0.0770053],[0.355779,0.681568,0.639442],[-0.383202,-0.51766,0.764973]],[[0.82382,-0.551795,0.129782],[0.517244,0.63809,-0.57035],[0.231904,0.536994,0.811084]],[[0.82382,-0.551795,0.129782],[-0.156084,-0.440917,-0.883872],[0.544939,0.707894,-0.449363]],[[0.82382,-0.551795,0.129782],[-0.465054,-0.788829,-0.401838],[0.324108,0.270687,-0.906467]]],"btipPosition":[46.467,340.56,55.9042],"carpPosition":[48.2111,346.691,97.1594],"dipPosition":[51.1769,344.494,42.7317],"direction":[-0.544939,-0.707894,0.449363],"extended":false,"handId":147,"id":1474,"length":42.584,"mcpPosition":[67.0757,372.174,59.5005],"pipPosition":[60.1626,356.166,35.3219],"stabilizedTipPosition":[44.4119,343.255,54.3371],"timeVisible":3.60767,"tipPosition":[48.8717,340.34,52.8812],"tipVelocity":[29.2313,-114.823,-52.3695],"tool":false,"touchDistance":0.333333,"touchZone":"none","type":4,"width":12.3754}],"r":[[0.996255,0.0712721,0.0489565],[-0.0757263,0.992484,0.0961334],[-0.0417369,-0.0994807,0.994164]],"s":0.959927,"t":[1.091,51.9527,6.9206],"timestamp":1132162269119},{"currentFrameRate":57.6386,"devices":[],"gestures":[],"hands":[{"armBasis":[[0.956677,0.195477,-0.215773],[-0.00400332,0.749864,0.66158],[0.291124,-0.632055,0.71816]],"armWidth":50.6308,"confidence":1,"direction":[0.130338,0.642039,-0.755511],"elbow":[103.332,183.073,278.354],"grabAngle":2.69594,"grabStrength":0,"id":147,"palmNormal":[0.00153875,-0.762142,-0.647408],"palmPosition":[34.6543,367.089,62.2455],"palmVelocity":[50.489,-128.568,-47.3136],"palmWidth":77.2498,"pinchDistance":45.8319,"pinchStrength":0.431994,"r":[[0.99623,0.0710653,0.049754],[-0.0756454,0.992386,0.097197],[-0.0424679,-0.100594,0.994021]],"s":0.959797,"sphereCenter":[46.0765,345.42,26.741],"sphereRadius":41.5177,"stabilizedPalmPosition":[30.5645,370.695,63.8511],"t":[1.84504,50.0944,6.2386],"timeVisible":3.62496,"type":"right","wrist":[36.5981,327.958,113.731]}],"id":114366,"interactionBox":{"center":[0,200,0],"size":[235.247,235.247,147.751]},"pointables":[{"bases":[[[0.423021,0.773476,0.472005],[-0.849482,0.15725,0.503639],[0.31533,-0.61401,0.723574]],[[0.342961,0.889953,0.300601],[-0.921751,0.257185,0.290226],[0.180978,-0.376616,0.908519]],[[0.342961,0.889953,0.300601],[-0.931037,0.36453,-0.0169817],[-0.124691,-0.274047,0.953599]],[[0.342961,0.889953,0.300601],[-0.865349,0.423825,-0.267476],[-0.365443,-0.168391,0.915476]]],"btipPosition":[13.8535,360.232,9.7598],"carpPosition":[10.7285,333.072,93.7367],"dipPosition":[6.64297,356.91,27.8229],"direction":[0.124691,0.274047,-0.953599],"extended":false,"handId":147,"id":1470,"length":43.9376,"mcpPosition":[10.7285,333.072,93.7367],"pipPosition":[3.05875,349.032,55.234],"stabilizedTipPosition":[7.86571,363.102,15.4509],"timeVisible":3.62496,"tipPosition":[14.2688,358.924,14.539],"tipVelocity":[59.8856,-163.455,-46.5351],"tool":false,"touchDistance":0.251808,"touchZone":"hovering","type":0,"width":15.6066},{"bases":[[[0.999277,0.0257615,-0.0279518],[-0.00715591,0.849671,0.527265],[0.037333,-0.526684,0.849241]],[[0.996882,-0.0353707,0.0705282],[0.0110103,0.947503,0.319558],[-0.0781287,-0.317785,0.944938]],[[0.996882,-0.0353707,0.0705282],[0.0252695,0.989929,0.139288],[-0.0747447,-0.137072,0.987737]],[[0.996882,-0.0353707,0.0705282],[0.0337727,0.999148,0.0237237],[-0.0713073,-0.0212678,0.997228]]],"btipPosition":[21.7243,398.493,-23.4537],"carpPosition":[18.6761,350.986,98.3075],"dipPosition":[20.6972,398.187,-9.08933],"direction":[0.0747447,0.137072,-0.987737],"extended":true,"handId":147,"id":1471,"length":49.5787,"mcpPosition":[16.3442,383.883,45.2639],"pipPosition":[19.1741,395.393,11.0381],"stabilizedTipPosition":[17.4414,400.756,-19.0629],"timeVisible":3.62496,"tipPosition":[20.3829,396.126,-20.3352],"tipVelocity":[61.1433,-143.321,-57.4626],"tool":false,"touchDistance":0.332524,"touchZone":"hovering","type":1,"width":14.9074},{"bases":[[[0.981614,-0.19086,-0.00243282],[0.162708,0.830024,0.533466],[-0.0997982,-0.524053,0.845818]],[[0.979521,-0.20087,0.0137788],[0.160732,0.73891,-0.654353],[0.121258,0.643167,0.756064]],[[0.979521,-0.20087,0.0137788],[-0.0989724,-0.539965,-0.835848],[0.175337,0.817367,-0.548788]],[[0.979521,-0.20087,0.0137788],[-0.18611,-0.929407,-0.318695],[0.0768223,0.309604,-0.947757]]],"btipPosition":[24.5442,333.149,45.7041],"carpPosition":[28.981,352.744,98.3558],"dipPosition":[25.7613,338.054,30.6888],"direction":[-0.175337,-0.817367,0.548788],"extended":false,"handId":147,"id":1472,"length":56.491,"mcpPosition":[34.8923,383.785,48.2558],"pipPosition":[29.9648,357.649,17.5323],"stabilizedTipPosition":[20.9108,337.745,44.0307],"timeVisible":3.62496,"tipPosition":[24.8236,333.928,40.9961],"tipVelocity":[67.5011,-139.594,-25.958],"tool":false,"touchDistance":0.333333,"touchZone":"none","type":2,"width":14.641},{"bases":[[[0.941152,-0.327923,0.0818549],[0.22916,0.797139,0.55862],[-0.248434,-0.506988,0.825375]],[[0.933971,-0.341728,0.104501],[0.322787,0.68129,-0.657003],[0.153321,0.647353,0.746611]],[[0.933971,-0.341728,0.104501],[-0.106696,-0.545766,-0.831117],[0.341049,0.765089,-0.54619]],[[0.933971,-0.341728,0.104501],[-0.300397,-0.909185,-0.288347],[0.193547,0.237916,-0.951807]]],"btipPosition":[35.7856,332.724,53.8806],"carpPosition":[39.3628,351.763,98.1492],"dipPosition":[38.8344,336.472,38.8878],"direction":[-0.341049,-0.765089,0.54619],"extended":false,"handId":147,"id":1473,"length":54.3176,"mcpPosition":[52.5747,378.725,54.255],"pipPosition":[46.7994,354.34,26.1318],"stabilizedTipPosition":[32.5212,337.165,52.2704],"timeVisible":3.62496,"tipPosition":[36.7898,333.35,50.1212],"tipVelocity":[66.2829,-132.026,-27.5847],"tool":false,"touchDistance":0.333333,"touchZone":"none","type":3,"width":13.9319},{"bases":[[[0.855185,-0.51157,0.0834],[0.349899,0.688487,0.635261],[-0.3824,-0.514084,0.767781]],[[0.825569,-0.547109,0.138229],[0.516918,0.634955,-0.574132],[0.226344,0.545439,0.80701]],[[0.825569,-0.547109,0.138229],[-0.151131,-0.450375,-0.879955],[0.543686,0.705574,-0.454501]],[[0.825569,-0.547109,0.138229],[-0.460318,-0.794616,-0.395843],[0.326408,0.263167,-0.907855]]],"btipPosition":[47.4862,338.401,55.3868],"carpPosition":[49.1167,344.812,96.5538],"dipPosition":[52.2295,342.226,42.194],"direction":[-0.543686,-0.705573,0.454501],"extended":false,"handId":147,"id":1474,"length":42.584,"mcpPosition":[67.9419,370.12,58.7567],"pipPosition":[61.1945,353.86,34.6996],"stabilizedTipPosition":[44.8418,342.845,54.1323],"timeVisible":3.62496,"tipPosition":[49.9382,338.135,52.3274],"tipVelocity":[59.3707,-126.283,-30.1869],"tool":false,"touchDistance":0.333333,"touchZone":"none","type":4,"width":12.3754}],"r":[[0.99623,0.0710653,0.049754],[-0.0756454,0.992386,