{"frames":69,"data":[{"currentFrameRate":57.2337,"devices":[],"gestures":[],"hands":[{"armBasis":[[0.955472,0.11794,-0.270487],[0.0781478,0.782784,0.617367],[0.284545,-0.611015,0.738712]],"armWidth":50.6308,"confidence":0.985723,"direction":[0.127425,0.574489,-0.808533],"elbow":[99.3049,146.171,282.18],"grabAngle":2.65492,"grabStrength":0,"id":147,"palmNormal":[-0.0832464,-0.806107,-0.585885],"palmPosition":[31.7461,321.65,58.7655],"palmVelocity":[1.18553,6.42484,4.86687],"palmWidth":77.2498,"pinchDistance":38.7,"pinchStrength":0.465165,"r":[[0.999806,0.0196198,-0.00146176],[-0.0195728,0.999438,0.0272014],[0.00199462,-0.0271675,0.999629]],"s":0.964245,"sphereCenter":[37.5343,297.787,24.5942],"sphereRadius":40.6258,"stabilizedPalmPosition":[32.0338,318.986,56.8191],"t":[-0.337438,2.65578,1.97976],"timeVisible":0.468398,"type":"right","wrist":[34.0792,286.233,112.847]}],"id":114189,"interactionBox":{"center":[0,200,0],"size":[235.247,235.247,147.751]},"pointables":[{"bases":[[[0.995713,-0.0434906,-0.0816397],[0.0763429,0.884735,0.4598],[0.0522325,-0.464061,0.884262]],[[0.996328,-0.0856118,-0.000693418],[0.082602,0.959108,0.270719],[-0.0225117,-0.269782,0.962658]],[[0.996328,-0.0856118,-0.000693418],[0.0852214,0.990944,0.103764],[-0.00819627,-0.103442,0.994602]],[[0.996328,-0.0856118,-0.000693418],[0.0855758,0.996087,-0.022058],[0.00257913,0.0219177,0.999756]]],"btipPosition":[14.5412,349.904,-28.0245],"carpPosition":[16.8584,309.355,96.7423],"dipPosition":[14.5783,350.22,-13.6237],"direction":[0.00819627,0.103442,-0.994602],"extended":true,"handId":147,"id":1471,"length":49.5787,"mcpPosition":[13.5959,338.34,41.5113],"pipPosition":[14.4113,348.112,6.64362],"stabilizedTipPosition":[15.0259,346.196,-26.799],"timeVisible":0.468398,"tipPosition":[14.4711,349.652,-25.0081],"tipVelocity":[2.14452,27.7994,11.9237],"tool":false,"touchDistance":0.396539,"touchZone":"hovering","type":1,"width":14.9074},{"bases":[[[0.497031,0.77598,0.388349],[-0.807917,0.250551,0.533379],[0.31659,-0.578861,0.751459]],[[0.409223,0.889824,0.201866],[-0.893248,0.345559,0.287571],[0.186131,-0.297997,0.936244]],[[0.409223,0.889824,0.201866],[-0.90729,0.420293,-0.0133904],[-0.0967581,-0.177672,0.979322]],[[0.409223,0.889824,0.201866],[-0.850382,0.452136,-0.269117],[-0.330738,-0.0615349,0.941714]]],"btipPosition":[8.97005,310.676,7.57657],"carpPosition":[7.55118,291.726,93.9855],"dipPosition":[2.44432,309.462,26.1574],"direction":[0.0967581,0.177672,-0.979322],"extended":false,"handId":147,"id":1470,"length":43.9376,"mcpPosition":[7.55118,291.726,93.9855],"pipPosition":[-0.336979,304.355,54.3079],"stabilizedTipPosition":[6.45918,309.017,10.2612],"timeVisible":0.468398,"tipPosition":[6.18968,312.434,11.8271],"tipVelocity":[2.40166,18.2726,4.1757],"tool":false,"touchDistance":0.42425,"touchZone":"hovering","type":0,"width":15.6066},{"bases":[[[0.965913,-0.255971,-0.0386026],[0.244709,0.854242,0.458681],[-0.0844331,-0.452492,0.887762]],[[0.965877,-0.256165,-0.0382226],[0.153664,0.685573,-0.711602],[0.208492,0.681447,0.701542]],[[0.965877,-0.256165,-0.0382226],[-0.181256,-0.563132,-0.806243],[0.185007,0.78566,-0.590348]],[[0.965877,-0.256165,-0.0382226],[-0.256721,-0.927355,-0.272227],[0.0342891,0.27275,-0.961474]]],"btipPosition":[18.79,286.37,44.4134],"carpPosition":[27.2397,310.416,96.1203],"dipPosition":[19.3332,290.691,29.1808],"direction":[-0.185007,-0.78566,0.590348],"extended":false,"handId":147,"id":1472,"length":56.491,"mcpPosition":[32.2408,337.218,43.5359],"pipPosition":[23.7685,309.527,15.0279],"stabilizedTipPosition":[18.62,284.247,40.7342],"timeVisible":0.468398,"tipPosition":[18.8472,287.138,41.4377],"tipVelocity":[-7.38945,11.7634,-0.370935],"tool":false,"touchDistance":0.333333,"touchZone":"none","type":2,"width":14.641},{"bases":[[[0.921746,-0.383433,0.0579929],[0.310278,0.818911,0.482817],[-0.232619,-0.427041,0.873799]],[[0.921871,-0.383203,0.0575231],[0.302979,0.62027,-0.723511],[0.241572,0.684413,0.687912]],[[0.921871,-0.383203,0.0575231],[-0.184837,-0.565335,-0.803886],[0.340571,0.730447,-0.591996]],[[0.921871,-0.383203,0.0575231],[-0.358064,-0.899161,-0.251594],[0.148134,0.21134,-0.966122]]],"btipPosition":[30.4945,285.269,52.1144],"carpPosition":[37.5105,308.727,95.4519],"dipPosition":[32.8279,288.598,36.8962],"direction":[-0.340571,-0.730447,0.591996],"extended":false,"handId":147,"id":1473,"length":54.3176,"mcpPosition":[49.8814,331.438,48.9825],"pipPosition":[40.7819,305.657,23.0703],"stabilizedTipPosition":[30.8642,282.49,48.5109],"timeVisible":0.468398,"tipPosition":[31.1426,285.44,49.1042],"tipVelocity":[-8.07995,9.00476,-0.945742],"tool":false,"touchDistance":0.333333,"touchZone":"none","type":3,"width":13.9319},{"bases":[[[0.824606,-0.560283,0.078158],[0.428087,0.708338,0.561248],[-0.36982,-0.42935,0.823949]],[[0.82118,-0.564196,0.0857092],[0.470303,0.58401,-0.661625],[0.323231,0.583623,0.744921]],[[0.82118,-0.564196,0.0857092],[-0.230611,-0.465462,-0.854496],[0.521997,0.68193,-0.512338]],[[0.82118,-0.564196,0.0857092],[-0.50659,-0.789851,-0.345691],[0.262735,0.240456,-0.934426]]],"btipPosition":[42.8455,290.038,53.1525],"carpPosition":[46.7007,301.039,93.8939],"dipPosition":[46.6636,293.533,39.5736],"direction":[-0.521997,-0.68193,0.512338],"extended":false,"handId":147,"id":1474,"length":42.584,"mcpPosition":[64.9065,322.175,53.3317],"pipPosition":[55.271,304.777,31.1255],"stabilizedTipPosition":[44.596,286.487,49.9122],"timeVisible":0.468398,"tipPosition":[44.6427,289.671,50.6248],"tipVelocity":[-9.00092,8.3448,-0.831243],"tool":false,"touchDistance":0.333333,"touchZone":"none","type":4,"width":12.3754}],"r":[[0.999806,0.0196198,-0.00146176],[-0.0195728,0.999438,0.0272014],[0.00199462,-0.0271675,0.999629]],"s":0.964245,"t":[-0.337438,2.65578,1.97976],"timestamp":1132159129847},{"currentFrameRate":57.274,"devices":[],"gestures":[],"hands":[{"armBasis":[[0.955667,0.118406,-0.269594],[0.0777215,0.781676,0.618824],[0.284008,-0.612342,0.737819]],"armWidth":50.6308,"confidence":0.988091,"direction":[0.127293,0.576713,-0.806969],"elbow":[99.2119,145.63,281.977],"grabAngle":2.65523,"grabStrength":0,"id":147,"palmNormal":[-0.0827065,-0.804582,-0.588054],"palmPosition":[31.7758,321.551,58.8561],"palmVelocity":[1.71301,-5.73995,5.22988],"palmWidth":77.2498,"pinchDistance":38.7023,"pinchStrength":0.463277,"r":[[0.999812,0.0193049,-0.00190378],[-0.0192426,0.999405,0.0286211],[0.00245517,-0.028579,0.999589]],"s":0.964422,"sphereCenter":[37.5162,297.834,24.6349],"sphereRadius":40.6057,"stabilizedPalmPosition":[32.033,318.994,56.8252],"t":[-0.308477,2.67699,2.07347],"timeVisible":0.485723,"type":"right","wrist":[34.1094,285.996,112.848]}],"id":114190,"interactionBox":{"center":[0,200,0],"size":[235.247,235.247,147.751]},"pointables":[{"bases":[[[0.496548,0.775197,0.390524],[-0.808158,0.248706,0.533879],[0.316736,-0.580702,0.749976]],[[0.408711,0.8895,0.204314],[-0.893478,0.344304,0.288361],[0.186151,-0.300406,0.93547]],[[0.408711,0.8895,0.204314],[-0.907557,0.419757,-0.0119698],[-0.0964094,-0.180534,0.978832]],[[0.408711,0.8895,0.204314],[-0.850878,0.452339,-0.267201],[-0.330095,-0.064638,0.941732]]],"btipPosition":[8.98444,310.716,7.6286],"carpPosition":[7.58913,291.52,93.991],"dipPosition":[2.4714,309.441,26.2097],"direction":[0.0964094,0.180534,-0.978832],"extended":false,"handId":147,"id":1470,"length":43.9376,"mcpPosition":[7.58913,291.52,93.991],"pipPosition":[-0.299879,304.251,54.3462],"stabilizedTipPosition":[6.46614,309.027,10.2724],"timeVisible":0.485723,"tipPosition":[6.23641,312.443,11.888],"tipVelocity":[0.999139,1.47397,3.00766],"tool":false,"touchDistance":0.41594,"touchZone":"hovering","type":0,"width":15.6066},{"bases":[[[0.995752,-0.0427555,-0.0815484],[0.0757881,0.883543,0.462178],[0.0522909,-0.466395,0.88303]],[[0.996369,-0.0851401,-0.000623142],[0.0820621,0.958346,0.273568],[-0.0226945,-0.272626,0.961852]],[[0.996369,-0.0851401,-0.000623142],[0.0846997,0.990416,0.109098],[-0.00867147,-0.108755,0.994031]],[[0.996369,-0.0851401,-0.000623142],[0.0851193,0.996242,-0.0159949],[0.0019826,0.0158837,0.999872]]],"btipPosition":[14.5906,350.139,-27.8538],"carpPosition":[16.8866,309.146,96.7968],"dipPosition":[14.6192,350.368,-13.4514],"direction":[0.00867147,0.108755,-0.994031],"extended":true,"handId":147,"id":1471,"length":49.5787,"mcpPosition":[13.6205,338.277,41.6428],"pipPosition":[14.4425,348.152,6.80428],"stabilizedTipPosition":[15.0164,346.285,-26.7489],"timeVisible":0.485723,"tipPosition":[14.5042,349.771,-24.8439],"tipVelocity":[2.74142,12.4307,9.87133],"tool":false,"touchDistance":0.392784,"touchZone":"hovering","type":1,"width":14.9074},{"bases":[[[0.966054,-0.255366,-0.0390854],[0.24417,0.85314,0.461012],[-0.0843815,-0.454906,0.886533]],[[0.965948,-0.255934,-0.0379772],[0.153932,0.686432,-0.710715],[0.207965,0.680668,0.702454]],[[0.965948,-0.255934,-0.0379772],[-0.180688,-0.562202,-0.807019],[0.185193,0.786401,-0.589303]],[[0.965948,-0.255934,-0.0379772],[-0.256389,-0.927086,-0.273451],[0.0347774,0.273877,-0.961136]]],"btipPosition":[18.8239,286.308,44.4782],"carpPosition":[27.2675,310.214,96.1798],"dipPosition":[19.3749,290.647,29.251],"direction":[-0.185193,-0.786401,0.589303],"extended":false,"handId":147,"id":1472,"length":56.491,"mcpPosition":[32.2656,337.159,43.6683],"pipPosition":[23.8147,309.5,15.1232],"stabilizedTipPosition":[18.6224,284.269,40.7359],"timeVisible":0.485723,"tipPosition":[18.8987,287.08,41.4314],"tipVelocity":[2.06203,-3.37092,3.81609],"tool":false,"touchDistance":0.333333,"touchZone":"none","type":2,"width":14.641},{"bases":[[[0.921933,-0.383108,0.0571601],[0.309752,0.817779,0.485067],[-0.232577,-0.429494,0.872607]],[[0.921936,-0.383104,0.057152],[0.302946,0.621222,-0.722708],[0.241368,0.683604,0.688786]],[[0.921936,-0.383104,0.057152],[-0.184659,-0.564409,-0.804577],[0.340493,0.731214,-0.591092]],[[0.921936,-0.383104,0.057152],[-0.357903,-0.898964,-0.252526],[0.148121,0.212358,-0.965901]]],"btipPosition":[30.5308,285.201,52.1774],"carpPosition":[37.5393,308.533,95.5091],"dipPosition":[32.864,288.547,36.9627],"direction":[-0.340493,-0.731214,0.591092],"extended":false,"handId":147,"id":1473,"length":54.3176,"mcpPosition":[49.908,331.374,49.1031],"pipPosition":[40.8161,305.624,23.1579],"stabilizedTipPosition":[30.8656,282.513,48.512],"timeVisible":0.485723,"tipPosition":[31.1925,285.369,49.0961],"tipVelocity":[2.09269,-3.68007,3.68387],"tool":false,"touchDistance":0.333333,"touchZone":"none","type":3,"width":13.9319},{"bases":[[[0.824881,-0.560061,0.0768325],[0.427603,0.707058,0.563227],[-0.369767,-0.431741,0.822722]],[[0.820877,-0.564649,0.0856314],[0.470931,0.584415,-0.66082],[0.323087,0.582779,0.745643]],[[0.820877,-0.564649,0.0856314],[-0.230343,-0.464544,-0.855068],[0.522593,0.682181,-0.511396]],[[0.820877,-0.564649,0.0856314],[-0.506856,-0.789385,-0.346364],[0.26317,0.24092,-0.934184]]],"btipPosition":[42.8642,289.985,53.2108],"carpPosition":[46.7338,300.853,93.9324],"dipPosition":[46.6885,293.486,39.6355],"direction":[-0.522593,-0.682181,0.511396],"extended":false,"handId":147,"id":1474,"length":42.584,"mcpPosition":[64.9371,322.107,53.4306],"pipPosition":[55.3058,304.735,31.2029],"stabilizedTipPosition":[44.5911,286.512,49.9132],"timeVisible":0.485723,"tipPosition":[44.687,289.605,50.6306],"tipVelocity":[1.1604,-2.99526,3.41405],"tool":false,"touchDistance":0.333333,"touchZone":"none","type":4,"width":12.3754}],"r":[[0.999812,0.0193049,-0.00190378],[-0.0192426,0.999405,0.0286211],[0.00245517,-0.028579,0.999589]],"s":0.964422,"t":[-0.308477,2.67699,2.07347],"timestamp":1132159147172},{"currentFrameRate":57.3302,"devices":[],"gestures":[],"hands":[{"armBasis":[[0.956163,0.120538,-0.266875],[0.0748886,0.780394,0.620788],[0.283096,-0.61356,0.737157]],"armWidth":50.6308,"confidence":1,"direction":[0.127056,0.576516,-0.807147],"elbow":[99.0073,145.56,281.908],"grabAngle":2.65712,"grabStrength":0,"id":147,"palmNormal":[-0.0802492,-0.8051,-0.587686],"palmPosition":[31.7833,321.744,58.9302],"palmVelocity":[0.436835,11.1809,4.29299],"palmWidth":77.2498,"pinchDistance":38.6129,"pinchStrength":0.460932,"r":[[0.999808,0.0194828,-0.00201221],[-0.0194147,0.999372,0.0296352],[0.00258832,-0.0295904,0.999559]],"s":0.964691,"sphereCenter":[37.8241,297.928,24.7182],"sphereRadius":40.6907,"stabilizedPalmPosition":[32.0321,319.004,56.8328],"t":[-0.290228,2.78406,2.15736],"timeVisible":0.502978,"type":"right","wrist":[34.1139,286.205,112.932]}],"id":114191,"interactionBox":{"center":[0,200,0],"size":[235.247,235.247,147.751]},"pointables":[{"bases":[[[0.494397,0.776489,0.390687],[-0.809351,0.24728,0.532732],[0.317051,-0.579584,0.750707]],[[0.406942,0.890138,0.205067],[-0.894379,0.342635,0.287554],[0.1857,-0.300425,0.935554]],[[0.406942,0.890138,0.205067],[-0.908303,0.418126,-0.0125002],[-0.0968707,-0.181176,0.978668]],[[0.406942,0.890138,0.205067],[-0.851826,0.450862,-0.266675],[-0.329834,-0.0661601,0.941718]]],"btipPosition":[9.0402,310.927,7.69166],"carpPosition":[7.61764,291.681,94.0527],"dipPosition":[2.5323,309.621,26.2725],"direction":[0.0968707,0.181176,-0.978668],"extended":false,"handId":147,"id":1470,"length":43.9376,"mcpPosition":[7.61764,291.681,94.0527],"pipPosition":[-0.252241,304.413,54.4042],"stabilizedTipPosition":[6.47456,309.039,10.2856],"timeVisible":0.502978,"tipPosition":[6.3297,312.541,11.936],"tipVelocity":[3.29999,11.8132,3.65113],"tool":false,"touchDistance":0.408625,"touchZone":"hovering","type":0,"width":15.6066},{"bases":[[[0.995942,-0.040664,-0.0802894],[0.0733174,0.883972,0.461755],[0.0521968,-0.465768,0.883366]],[[0.996536,-0.0831531,0.000956228],[0.0797388,0.958755,0.272818],[-0.0236025,-0.271797,0.962065]],[[0.996536,-0.0831531,0.000956228],[0.0825813,0.990905,0.106243],[-0.00978193,-0.105796,0.99434]],[[0.996536,-0.0831531,0.000956228],[0.0831565,0.996362,-0.0186651],[0.000599309,0.0186799,0.999825]]],"btipPosition":[14.6591,350.152,-27.8253],"carpPosition":[16.8737,309.329,96.8596],"dipPosition":[14.6677,350.422,-13.4235],"direction":[0.00978193,0.105796,-0.99434],"extended":true,"handId":147,"id":1471,"length":49.5787,"mcpPosition":[13.6135,338.421,41.6846],"pipPosition":[14.4684,348.266,6.8384],"stabilizedTipPosition":[15.009,346.367,-26.7025],"timeVisible":0.502978,"tipPosition":[14.5556,349.88,-24.8059],"tipVelocity":[3.70265,1.30591,1.64228],"tool":false,"touchDistance":0.387264,"touchZone":"hovering","type":1,"width":14.9074},{"bases":[[[0.966648,-0.253313,-0.037739],[0.241766,0.853931,0.460816],[-0.0845041,-0.454571,0.886693]],[[0.966697,-0.25305,-0.0382512],[0.151628,0.686711,-0.710941],[0.206171,0.681465,0.70221]],[[0.966697,-0.25305,-0.0382512],[-0.179596,-0.564281,-0.805811],[0.182327,0.785845,-0.590935]],[[0.966697,-0.25305,-0.0382512],[-0.253769,-0.928426,-0.271341],[0.0331495,0.272011,-0.961723]]],"btipPosition":[18.9842,286.503,44.6022],"carpPosition":[27.2531,310.419,96.2549],"dipPosition":[19.5094,290.813,29.3657],"direction":[-0.182327,-0.785845,0.590935],"extended":false,"handId":147,"id":1472,"length":56.491,"mcpPosition":[32.2584,337.345,43.7339],"pipPosition":[23.8804,309.652,15.1987],"stabilizedTipPosition":[18.6258,284.292,40.7385],"timeVisible":0.502978,"tipPosition":[19.0024,287.236,41.5076],"tipVelocity":[8.94421,10.9423,7.05874],"tool":false,"touchDistance":0.333333,"touchZone":"none","type":2,"width":14.641},{"bases":[[[0.922682,-0.381093,0.0585263],[0.307394,0.818725,0.484973],[-0.232737,-0.429486,0.872568]],[[0.923143,-0.380238,0.0567908],[0.300629,0.621865,-0.723123],[0.239643,0.684619,0.688381]],[[0.923143,-0.380238,0.0567908],[-0.183886,-0.566423,-0.803337],[0.337627,0.731152,-0.59281]],[[0.923143,-0.380238,0.0567908],[-0.355492,-0.900481,-0.250517],[0.146395,0.211074,-0.966445]]],"btipPosition":[30.6885,285.411,52.3322],"carpPosition":[37.5293,308.759,95.5978],"dipPosition":[32.9945,288.736,37.1089],"direction":[-0.337627,-0.731152,0.59281],"extended":false,"handId":147,"id":1473,"length":54.3176,"mcpPosition":[49.9065,331.6,49.1939],"pipPosition":[40.8796,305.812,23.264],"stabilizedTipPosition":[30.8678,282.537,48.5141],"timeVisible":0.502978,"tipPosition":[31.2895,285.559,49.1886],"tipVelocity":[8.7717,11.8797,8.85621],"tool":false,"touchDistance":0.333333,"touchZone":"none","type":3,"width":13.9319},{"bases":[[[0.825985,-0.558243,0.0781817],[0.425385,0.708302,0.563344],[-0.369859,-0.432056,0.822515]],[[0.82324,-0.561409,0.0842351],[0.467798,0.586804,-0.660928],[0.321622,0.583508,0.745707]],[[0.82324,-0.561409,0.0842351],[-0.230307,-0.465904,-0.854337],[0.518878,0.683925,-0.512847]],[[0.82324,-0.561409,0.0842351],[-0.50443,-0.791472,-0.345142],[0.260436,0.241644,-0.934763]]],"btipPosition":[43.0218,290.185,53.3561],"carpPosition":[46.7422,301.099,94.0371],"dipPosition":[46.8064,293.696,39.7724],"direction":[-0.518878,-0.683925,0.512847],"extended":false,"handId":147,"id":1474,"length":42.584,"mcpPosition":[64.95,322.368,53.5455],"pipPosition":[55.3624,304.974,31.3158],"stabilizedTipPosition":[44.5871,286.538,49.915],"timeVisible":0.502978,"tipPosition":[44.7689,289.827,50.7368],"tipVelocity":[8.607,11.7307,8.30828],"tool":false,"touchDistance":0.333333,"touchZone":"none","type":4,"width":12.3754}],"r":[[0.999808,0.0194828,-0.00201221],[-0.0194147,0.999372,0.0296352],[0.00258832,-0.0295904,0.999559]],"s":0.964691,"t":[-0.290228,2.78406,2.15736],"timestamp":1132159164427},{"currentFrameRate":57.3305,"devices":[],"gestures":[],"hands":[{"armBasis":[[0.956616,0.125294,-0.263035],[0.0691408,0.779392,0.62271],[0.283029,-0.613881,0.736916]],"armWidth":50.6308,"confidence":1,"direction":[0.125337,0.578178,-0.806226],"elbow":[99.0437,145.7,281.97],"grabAngle":2.65748,"grabStrength":0,"id":147,"palmNormal":[-0.0745674,-0.804846,-0.58878],"palmPosition":[31.7575,322.015,59.0878],"palmVelocity":[-1.47939,15.5202,9.03683],"palmWidth":77.2498,"pinchDistance":38.6536,"pinchStrength":0.458742,"r":[[0.999783,0.0207566,-0.00171009],[-0.0206944,0.999315,0.0306728],[0.00234558,-0.0306308,0.999528]],"s":0.965273,"sphereCenter":[38.0256,298.302,24.8564],"sphereRadius":40.7149,"stabilizedPalmPosition":[32.031,319.016,56.8417],"t":[-0.294005,2.97295,2.27812],"timeVisible":0.52042,"type":"right","wrist":[34.1655,286.419,113.048]}],"id":114192,"interactionBox":{"center":[0,200,0],"size":[235.247,235.247,147.751]},"pointables":[{"bases":[[[0.489247,0.778811,0.392544],[-0.811756,0.242069,0.531465],[0.318887,-0.578668,0.750636]],[[0.401645,0.892058,0.207159],[-0.896813,0.337306,0.286271],[0.185494,-0.300762,0.935486]],[[0.401645,0.892058,0.207159],[-0.910682,0.412921,-0.0124484],[-0.0966451,-0.183656,0.978228]],[[0.401645,0.892058,0.207159],[-0.854761,0.446358,-0.264856],[-0.328734,-0.0706936,0.941773]]],"btipPosition":[9.09816,311.195,7.78202],"carpPosition":[7.69511,291.775,94.1286],"dipPosition":[2.61198,309.8,26.364],"direction":[0.0966451,0.183656,-0.978228],"extended":false,"handId":147,"id":1470,"length":43.9376,"mcpPosition":[7.69511,291.775,94.1286],"pipPosition":[-0.166075,304.521,54.483],"stabilizedTipPosition":[6.48438,309.055,10.301],"timeVisible":0.52042,"tipPosition":[6.4531,312.713,12.0342],"tipVelocity":[3.60969,14.1913,5.19476],"tool":false,"touchDistance":0.402455,"touchZone":"hovering","type":0,"width":15.6066},{"bases":[[[0.996308,-0.0349358,-0.0784234],[0.0674307,0.883827,0.462929],[0.0531399,-0.466508,0.882919]],[[0.996986,-0.0775333,0.00280515],[0.0737343,0.958144,0.276629],[-0.0241357,-0.275588,0.960973]],[[0.996986,-0.0775333,0.00280515],[0.0767533,0.990942,0.110194],[-0.0113234,-0.109646,0.993906]],[[0.996986,-0.0775333,0.00280515],[0.0775654,0.996887,-0.0141215],[-0.00170153,0.0142965,0.999896]]],"btipPosition":[14.6562,350.619,-27.6357],"carpPosition":[16.8458,309.471,96.974],"dipPosition":[14.6316,350.825,-13.2329],"direction":[0.0113234,0.109646,-0.993906],"extended":true,"handId":147,"id":1471,"length":49.5787,"mcpPosition":[13.5267,338.609,41.8269],"pipPosition":[14.4009,348.591,7.02024],"stabilizedTipPosition":[15.0015,346.456,-26.6528],"timeVisible":0.52042,"tipPosition":[14.5327,350.158,-24.6443],"tipVelocity":[-0.606415,25.9389,10.8866],"tool":false,"touchDistance":0.384719,"touchZone":"hovering","type":1,"width":14.9074},{"bases":[[[0.968136,-0.247797,-0.0361782],[0.236048,0.85474,0.462278],[-0.0836283,-0.456088,0.885996]],[[0.968337,-0.246688,-0.0383317],[0.147404,0.688894,-0.709717],[0.201485,0.681594,0.703444]],[[0.968337,-0.246688,-0.0383317],[-0.17589,-0.565192,-0.805991],[0.177163,0.787212,-0.590686]],[[0.968337,-0.246688,-0.0383317],[-0.247691,-0.930161,-0.271018],[0.0312021,0.271931,-0.961811]]],"btipPosition":[19.2443,286.758,44.7243],"carpPosition":[27.2199,310.62,96.3904],"dipPosition":[19.7386,291.066,29.4864],"direction":[-0.177163,-0.787212,0.590686],"extended":false,"handId":147,"id":1472,"length":56.491,"mcpPosition":[32.1735,337.636,43.9107],"pipPosition":[23.9859,309.938,15.3254],"stabilizedTipPosition":[18.6319,284.32,40.7425],"timeVisible":0.52042,"tipPosition":[19.2061,287.457,41.5986],"tipVelocity":[14.505,14.5629,6.98323],"tool":false,"touchDistance":0.333333,"touchZone":"none","type":2,"width":14.641},{"bases":[[[0.92471,-0.375938,0.0598529],[0.301827,0.819877,0.48652],[-0.231973,-0.431825,0.871617]],[[0.925439,-0.37457,0.0570963],[0.297457,0.624888,-0.721827],[0.234696,0.68499,0.689715]],[[0.925439,-0.37457,0.0570963],[-0.180027,-0.567281,-0.803606],[0.333396,0.733409,-0.592417]],[[0.925439,-0.37457,0.0570963],[-0.349895,-0.902665,-0.250537],[0.145383,0.211879,-0.966422]]],"btipPosition":[30.9263,285.716,52.4764],"carpPosition":[37.5067,309.02,95.7512],"dipPosition":[33.2163,289.054,37.2535],"direction":[-0.333396,-0.733409,0.592417],"extended":false,"handId":147,"id":1473,"length":54.3176,"mcpPosition":[49.8432,331.984,49.3979],"pipPosition":[41.0027,306.182,23.4178],"stabilizedTipPosition":[30.8723,282.566,48.5176],"timeVisible":0.52042,"tipPosition":[31.4869,285.841,49.3017],"tipVelocity":[13.4256,17.6625,8.27283],"tool":false,"touchDistance":0.333333,"touchZone":"none","type":3,"width":13.9319},{"bases":[[[0.828979,-0.553655,0.0791152],[0.420291,0.710031,0.564988],[-0.368983,-0.435112,0.821297]],[[0.827181,-0.555758,0.0830959],[0.463845,0.591809,-0.65925],[0.317206,0.583862,0.747319]],[[0.827181,-0.555758,0.0830959],[-0.227215,-0.466035,-0.855093],[0.51395,0.688436,-0.511772]],[[0.827181,-0.555758,0.0830959],[-0.499005,-0.794466,-0.346145],[0.25839,0.24486,-0.934494]]],"btipPosition":[43.2448,290.518,53.5085],"carpPosition":[46.7658,301.413,94.1992],"dipPosition":[46.9997,294.076,39.9287],"direction":[-0.51395,-0.688436,0.511772],"extended":false,"handId":147,"id":1474,"length":42.584,"mcpPosition":[64.9304,322.833,53.7676],"pipPosition":[55.4744,305.428,31.4899],"stabilizedTipPosition":[44.5838,286.571,49.9183],"timeVisible":0.52042,"tipPosition":[44.9362,290.185,50.8803],"tipVelocity":[12.3925,19.7045,8.78893],"tool":false,"touchDistance":0.333333,"touchZone":"none","type":4,"width":12.3754}],"r":[[0.999783,0.0207566,-0.00171009],[-0.0206944,0.999315,0.0306728],[0.00234558,-0.0306308,0.999528]],"s":0.965273,"t":[-0.294005,2.97295,2.27812],"timestamp":1132159181869},{"currentFrameRate":57.3513,"devices":[],"gestures":[],"hands":[{"armBasis":[[0.956823,0.126931,-0.261492],[0.0670866,0.778893,0.623559],[0.282824,-0.614178,0.736747]],"armWidth":50.6308,"confidence":1,"direction":[0.125343,0.576035,-0.807758],"elbow":[98.9519,145.938,282.122],"grabAngle":2.65633,"grabStrength":0,"id":147,"palmNormal":[-0.0730077,-0.806616,-0.58655],"palmPosition":[31.7201,322.19,59.1949],"palmVelocity":[-2.15364,10.0921,6.16571],"palmWidth":77.2498,"pinchDistance":38.5535,"pinchStrength":0.456571,"r":[[0.999757,0.0220283,-0.00129663],[-0.0219776,0.99928,0.0309287],[0.001977,-0.0308927,0.999521]],"s":0.965826,"sphereCenter":[38.0621,298.374,25.0182],"sphereRadius":40.7416,"stabilizedPalmPosition":[32.0298,319.029,56.8513],"t":[-0.314594,3.15503,2.39204],"timeVisible":0.537787,"type":"right","wrist":[34.1209,286.725,113.239]}],"id":114193,"interactionBox":{"center":[0,200,0],"size":[235.247,235.247,147.751]},"pointables":[{"bases":[[[0.4879,0.780548,0.390767],[-0.812549,0.242553,0.530031],[0.318933,-0.576119,0.752575]],[[0.400814,0.892715,0.205933],[-0.897168,0.336931,0.285599],[0.185573,-0.299229,0.935962]],[[0.400814,0.892715,0.205933],[-0.911146,0.411904,-0.0122002],[-0.0957158,-0.182745,0.97849]],[[0.400814,0.892715,0.205933],[-0.855825,0.445059,-0.263601],[-0.326973,-0.0705876,0.942394]]],"btipPosition":[9.00222,311.346,7.91328],"carpPosition":[7.66395,292.019,94.2998],"dipPosition":[2.55078,309.953,26.5075],"direction":[0.0957159,0.182745,-0.97849],"extended":false,"handId":147,"id":1470,"length":43.9376,"mcpPosition":[7.66395,292.019,94.2998],"pipPosition":[-0.200565,304.701,54.6341],"stabilizedTipPosition":[6.49207,309.07,10.315],"timeVisible":0.537787,"tipPosition":[6.48301,312.702,12.1454],"tipVelocity":[-5.06437,8.7504,7.72035],"tool":false,"touchDistance":0.397554,"touchZone":"hovering","type":0,"width":15.6066},{"bases":[[[0.996423,-0.033894,-0.0774139],[0.0658861,0.885228,0.460468],[0.0529218,-0.463921,0.884294]],[[0.997074,-0.0763327,0.0040795],[0.0722865,0.958887,0.274426],[-0.0248594,-0.273328,0.9616]],[[0.997074,-0.0763327,0.0040795],[0.0754433,0.991247,0.108343],[-0.0123139,-0.107719,0.994105]],[[0.997074,-0.0763327,0.0040795],[0.0763864,0.996962,-0.0152226],[-0.00290513,0.0154897,0.999876]]],"btipPosition":[14.6773,350.584,-27.619],"carpPosition":[16.7896,309.735,97.1031],"dipPosition":[14.6354,350.807,-13.2165],"direction":[0.0123139,0.107719,-0.994105],"extended":true,"handId":147,"id":1471,"length":49.5787,"mcpPosition":[13.4841,338.712,41.87],"pipPosition":[14.3845,348.612,7.04071],"stabilizedTipPosition":[14.9952,346.536,-26.6082],"timeVisible":0.537787,"tipPosition":[14.5369,350.074,-24.6317],"tipVelocity":[0.987937,-1.81713,0.958317],"tool":false,"touchDistance":0.37983,"touchZone":"hovering","type":1,"width":14.9074},{"bases":[[[0.968482,-0.24667,-0.0345873],[0.234541,0.856354,0.460054],[-0.0838622,-0.453666,0.887217]],[[0.968674,-0.245618,-0.0366432],[0.147407,0.68744,-0.711124],[0.199855,0.683445,0.702111]],[[0.968674,-0.245618,-0.0366432],[-0.174158,-0.566709,-0.805301],[0.17703,0.786456,-0.591732]],[[0.968674,-0.245618,-0.0366432],[-0.246238,-0.930834,-0.270028],[0.032215,0.270592,-0.962155]]],"btipPosition":[19.2544,286.854,44.8719],"carpPosition":[27.1628,310.896,96.5257],"dipPosition":[19.7648,291.141,29.6286],"direction":[-0.17703,-0.786456,0.591732],"extended":false,"handId":147,"id":1472,"length":56.491,"mcpPosition":[32.1302,337.768,43.9737],"pipPosition":[24.0088,309.995,15.4425],"stabilizedTipPosition":[18.6358,284.339,40.7458],"timeVisible":0.537787,"tipPosition":[19.229,287.568,41.7914],"tipVelocity":[0.794399,5.27873,8.42875],"tool":false,"touchDistance":0.333333,"touchZone":"none","type":2,"width":14.641},{"bases":[[[0.92513,-0.374591,0.0617693],[0.300342,0.821644,0.484455],[-0.232225,-0.429632,0.872633]],[[0.925667,-0.373593,0.0597447],[0.298185,0.623208,-0.722978],[0.232866,0.687052,0.688283]],[[0.925667,-0.373593,0.0597447],[-0.177866,-0.56909,-0.802808],[0.333924,0.732506,-0.593237]],[[0.925667,-0.373593,0.0597447],[-0.348606,-0.90358,-0.249032],[0.147021,0.209694,-0.966651]]],"btipPosition":[30.9159,285.865,52.6483],"carpPosition":[37.4521,309.307,95.9005],"dipPosition":[33.2318,289.168,37.4218],"direction":[-0.333924,-0.732506,0.593237],"extended":false,"handId":147,"id":1473,"length":54.3176,"mcpPosition":[49.802,332.155,49.4931],"pipPosition":[41.0304,306.275,23.5669],"stabilizedTipPosition":[30.8753,282.588,48.5209],"timeVisible":0.537787,"tipPosition":[31.5042,285.99,49.5107],"tipVelocity":[-0.255552,8.09065,9.84912],"tool":false,"touchDistance":0.333333,"touchZone":"none","type":3,"width":13.9319},{"bases":[[[0.829608,-0.552374,0.0814511],[0.418873,0.712172,0.563344],[-0.369184,-0.433237,0.822198]],[[0.827297,-0.555056,0.0865599],[0.46491,0.589992,-0.660127],[0.315338,0.586364,0.74615]],[[0.827297,-0.555056,0.0865599],[-0.224924,-0.46848,-0.854363],[0.514771,0.687342,-0.512418]],[[0.827297,-0.555056,0.0865599],[-0.497788,-0.795739,-0.344973],[0.260359,0.242307,-0.934613]]],"btipPosition":[43.2248,290.701,53.6908],"carpPosition":[46.7223,301.708,94.3786],"dipPosition":[47.0083,294.222,40.1092],"direction":[-0.514771,-0.687342,0.512418],"extended":false,"handId":147,"id":1474,"length":42.584,"mcpPosition":[64.8968,323.035,53.9026],"pipPosition":[55.4965,305.556,31.6598],"stabilizedTipPosition":[44.5812,286.597,49.9217],"timeVisible":0.537787,"tipPosition":[44.9448,290.356,51.0891],"tipVelocity":[-0.775329,10.0335,10.4727],"tool":false,"touchDistance":0.333333,"touchZone":"none","type":4,"width":12.3754}],"r":[[0.999757,0.0220283,-0.00129663],[-0.0219776,0.99928,0.0309287],[0.001977,-0.0308927,0.999521]],"s":0.965826,"t":[-0.314594,3.15503,2.39204],"timestamp":1132159199236},{"currentFrameRate":57.3915,"devices":[],"gestures":[],"hands":[{"armBasis":[[0.956947,0.127389,-0.260816],[0.0664578,0.778523,0.624088],[0.282553,-0.614552,0.736539]],"armWidth":50.6308,"confidence":1,"direction":[0.125308,0.574737,-0.808688],"elbow":[98.8456,146.179,282.337],"grabAngle":2.65782,"grabStrength":0,"id":147,"palmNormal":[-0.0726748,-0.807605,-0.585228],"palmPosition":[31.6774,322.442,59.4106],"palmVelocity":[-2.46648,14.5745,12.4746],"palmWidth":77.2498,"pinchDistance":38.8522,"pinchStrength":0.456329,"r":[[0.999733,0.0231036,-0.000939935],[-0.0230637,0.999259,0.030802],[0.00165088,-0.0307721,0.999525]],"s":0.966037,"sphereCenter":[38.2256,298.454,25.2638],"sphereRadius":40.8116,"stabilizedPalmPosition":[32.0285,319.041,56.8609],"t":[-0.346212,3.37206,2.55684],"timeVisible":0.555077,"type":"right","wrist":[34.0766,287.051,113.502]}],"id":114194,"interactionBox":{"center":[0,200,0],"size":[235.247,235.247,147.751]},"pointables":[{"bases":[[[0.487607,0.781335,0.389557],[-0.812707,0.24319,0.529495],[0.318977,-0.574782,0.753578]],[[0.400852,0.892873,0.205172],[-0.897159,0.33722,0.285287],[0.185537,-0.29843,0.936224]],[[0.400852,0.892873,0.205172],[-0.91106,0.412061,-0.0132484],[-0.0963726,-0.181613,0.978636]],[[0.400852,0.892873,0.205172],[-0.855489,0.444938,-0.264894],[-0.327806,-0.0693388,0.942197]]],"btipPosition":[8.99943,311.558,8.16337],"carpPosition":[7.62433,292.322,94.5613],"dipPosition":[2.53155,310.19,26.7537],"direction":[0.0963726,0.181613,-0.978636],"extended":false,"handId":147,"id":1470,"length":43.9376,"mcpPosition":[7.62433,292.322,94.5613],"pipPosition":[-0.238671,304.97,54.8845],"stabilizedTipPosition":[6.49775,309.082,10.3268],"timeVisible":0.555077,"tipPosition":[6.4551,312.862,12.373],"tipVelocity":[-0.380205,12.5878,14.4131],"tool":false,"touchDistance":0.39487,"touchZone":"hovering","type":0,"width":15.6066},{"bases":[[[0.996445,-0.0337301,-0.0771935],[0.0655511,0.886007,0.459015],[0.0529114,-0.462444,0.885068]],[[0.997083,-0.0761836,0.00466064],[0.0720861,0.960007,0.270538],[-0.0250848,-0.269413,0.962698]],[[0.997083,-0.0761836,0.00466064],[0.0753101,0.991906,0.102234],[-0.0124115,-0.101585,0.994749]],[[0.997083,-0.0761836,0.00466064],[0.0762652,0.996867,-0.0209898],[-0.00304696,0.021284,0.999769]]],"btipPosition":[14.6449,350.452,-27.4849],"carpPosition":[16.7443,310.046,97.3368],"dipPosition":[14.601,350.758,-13.084],"direction":[0.0124115,0.101585,-0.994749],"extended":true,"handId":147,"id":1471,"length":49.5787,"mcpPosition":[13.4395,338.93,42.0554],"pipPosition":[14.3481,348.688,7.18633],"stabilizedTipPosition":[14.9905,346.588,-26.5763],"timeVisible":0.555077,"tipPosition":[14.5019,350.188,-24.4605],"tipVelocity":[-1.90234,-6.53924,7.73149],"tool":false,"touchDistance":0.377186,"touchZone":"hovering","type":1,"width":14.9074},{"bases":[[[0.96856,-0.246443,-0.0340201],[0.234214,0.857181,0.458677],[-0.0838762,-0.452224,0.887952]],[[0.968821,-0.24501,-0.0368305],[0.146593,0.686691,-0.712015],[0.199742,0.684416,0.701197]],[[0.968821,-0.24501,-0.0368305],[-0.174252,-0.568126,-0.804281],[0.176133,0.785622,-0.593106]],[[0.968821,-0.24501,-0.0368305],[-0.24574,-0.931276,-0.268954],[0.0315971,0.269619,-0.962449]]],"btipPosition":[19.2456,287.077,45.1367],"carpPosition":[27.1173,311.209,96.7593],"dipPosition":[19.7461,291.349,29.8887],"direction":[-0.176133,-0.785622,0.593106],"extended":false,"handId":147,"id":1472,"length":56.491,"mcpPosition":[32.0855,337.995,44.1637],"pipPosition":[23.9687,310.183,15.6697],"stabilizedTipPosition":[18.6386,284.354,40.7493],"timeVisible":0.555077,"tipPosition":[19.1996,287.788,42.0617],"tipVelocity":[-0.640347,12.6875,15.2518],"tool":false,"touchDistance":0.333333,"touchZone":"none","type":2,"width":14.641},{"bases":[[[0.92523,-0.374217,0.0625406],[0.300022,0.822531,0.483146],[-0.232243,-0.428258,0.873303]],[[0.925966,-0.372849,0.0597545],[0.297253,0.622147,-0.724275],[0.232869,0.688416,0.686918]],[[0.925966,-0.372849,0.0597545],[-0.178228,-0.571052,-0.801333],[0.332899,0.731357,-0.595227]],[[0.925966,-0.372849,0.0597545],[-0.348212,-0.904337,-0.246824],[0.146066,0.207743,-0.967216]]],"btipPosition":[30.9108,286.112,52.9573],"carpPosition":[37.4072,309.621,96.1383],"dipPosition":[33.2116,289.384,37.7219],"direction":[-0.332899,-0.731357,0.595227],"extended":false,"handId":147,"id":1473,"length":54.3176,"mcpPosition":[49.7581,332.396,49.6953],"pipPosition":[40.9864,306.465,23.8206],"stabilizedTipPosition":[30.8776,282.605,48.5246],"timeVisible":0.555077,"tipPosition":[31.4736,286.228,49.7853],"tipVelocity":[-0.49571,13.9013,17.7549],"tool":false,"touchDistance":0.333333,"touchZone":"none","type":3,"width":13.9319},{"bases":[[[0.829756,-0.551996,0.0825004],[0.418572,0.713224,0.562235],[-0.369193,-0.431986,0.822852]],[[0.828036,-0.553991,0.0863124],[0.463403,0.589563,-0.661568],[0.315617,0.5878,0.744901]],[[0.828036,-0.553991,0.0863124],[-0.225919,-0.470565,-0.852953],[0.513144,0.686776,-0.514802]],[[0.828036,-0.553991,0.0863124],[-0.497561,-0.797025,-0.342322],[0.258437,0.240509,-0.93561]]],"btipPosition":[43.2292,290.946,54.0016],"carpPosition":[46.6798,302.022,94.6305],"dipPosition":[46.9848,294.441,40.4055],"direction":[-0.513144,-0.686776,0.514802],"extended":false,"handId":147,"id":1474,"length":42.584,"mcpPosition":[64.8548,323.288,54.1224],"pipPosition":[55.4462,305.766,31.9168],"stabilizedTipPosition":[44.5793,286.618,49.9255],"timeVisible":0.555077,"tipPosition":[44.9101,290.603,51.358],"tipVelocity":[-0.115629,13.8577,17.7825],"tool":false,"touchDistance":0.333333,"touchZone":"none","type":4,"width":12.3754}],"r":[[0.999733,0.0231036,-0.000939935],[-0.0230637,0.999259,0.030802],[0.00165088,-0.0307721,0.999525]],"s":0.966037,"t":[-0.346212,3.37206,2.55684],"timestamp":1132159216526},{"currentFrameRate":57.4031,"devices":[],"gestures":[],"hands":[{"armBasis":[[0.957084,0.129969,-0.259034],[0.0636493,0.777714,0.625387],[0.282735,-0.615035,0.736065]],"armWidth":50.6308,"confidence":1,"direction":[0.126191,0.57774,-0.806407],"elbow":[98.837,146.334,282.34],"grabAngle":2.65882,"grabStrength":0,"id":147,"palmNormal":[-0.0696531,-0.805739,-0.588161],"palmPosition":[31.6844,322.875,59.6279],"palmVelocity":[0.402629,24.9325,12.5055],"palmWidth":77.2498,"pinchDistance":39.4973,"pinchStrength":0.458094,"r":[[0.999703,0.024352,-0.000142394],[-0.0243356,0.999211,0.0313713],[0.000906237,-0.0313585,0.999508]],"s":0.965777,"sphereCenter":[38.4437,298.935,25.4035],"sphereRadius":40.8332,"stabilizedPalmPosition":[32.0268,319.06,56.874],"t":[-0.358521,3.69727,2.74792],"timeVisible":0.572459,"type":"right","wrist":[34.0262,287.318,113.613]}],"id":114195,"interactionBox":{"center":[0,200,0],"size":[235.247,235.247,147.751]},"pointables":[{"bases":[[[0.485119,0.780942,0.393433],[-0.814488,0.239803,0.528303],[0.318227,-0.576736,0.752401]],[[0.398408,0.893118,0.208832],[-0.898602,0.334447,0.284007],[0.183809,-0.300808,0.935804]],[[0.398408,0.893118,0.208832],[-0.911917,0.410126,-0.0142496],[-0.098374,-0.18476,0.977848]],[[0.398408,0.893118,0.208832],[-0.855959,0.443844,-0.265209],[-0.329552,-0.0730902,0.941304]]],"btipPosition":[9.14334,312.09,8.27596],"carpPosition":[7.60302,292.589,94.6158],"dipPosition":[2.64101,310.648,26.8487],"direction":[0.098374,0.18476,-0.977848],"extended":false,"handId":147,"id":1470,"length":43.9376,"mcpPosition":[7.60302,292.589,94.6158],"pipPosition":[-0.18674,305.337,54.9568],"stabilizedTipPosition":[6.50685,309.103,10.3444],"timeVisible":0.572459,"tipPosition":[6.59983,313.404,12.4955],"tipVelocity":[7.82341,29.6301,6.24368],"tool":false,"touchDistance":0.390344,"touchZone":"hovering","type":0,"width":15.6066},{"bases":[[[0.996697,-0.0315349,-0.0748336],[0.0626895,0.884558,0.462199],[0.0516193,-0.465364,0.883613]],[[0.997236,-0.0740235,0.00640824],[0.0694904,0.95973,0.272195],[-0.026299,-0.270997,0.962221]],[[0.997236,-0.0740235,0.00640824],[0.0730233,0.992365,0.0993906],[-0.0137166,-0.0986479,0.995028]],[[0.997236,-0.0740235,0.00640824],[0.074159,0.996948,-0.0244098],[-0.00458178,0.0248175,0.999681]]],"btipPosition":[14.7555,350.855,-27.2435],"carpPosition":[16.6816,310.321,97.4744],"dipPosition":[14.6895,351.213,-12.8438],"direction":[0.0137166,0.0986479,-0.995028],"extended":true,"handId":147,"id":1471,"length":49.5787,"mcpPosition":[13.4575,339.387,42.284],"pipPosition":[14.41,349.203,7.43214],"stabilizedTipPosition":[14.9872,346.645,-26.5416],"timeVisible":0.572459,"tipPosition":[14.6641,350.875,-24.1855],"tipVelocity":[6.07375,23.9094,13.8714],"tool":false,"touchDistance":0.376417,"touchZone":"hovering","type":1,"width":14.9074},{"bases":[[[0.969119,-0.244448,-0.0324561],[0.231409,0.85606,0.462181],[-0.0851947,-0.455419,0.886192]],[[0.969433,-0.242733,-0.0357887],[0.146776,0.69061,-0.708177],[0.196614,0.681277,0.705127]],[[0.969433,-0.242733,-0.0357887],[-0.17121,-0.564752,-0.807306],[0.175748,0.788756,-0.589047]],[[0.969433,-0.242733,-0.0357887],[-0.243075,-0.930296,-0.274707],[0.0333864,0.275009,-0.960862]]],"btipPosition":[19.368,287.53,45.1262],"carpPosition":[27.0537,311.506,96.9266],"dipPosition":[19.897,291.887,29.9033],"direction":[-0.175748,-0.788756,0.589047],"extended":false,"handId":147,"id":1472,"length":56.491,"mcpPosition":[32.1,338.481,44.4353],"pipPosition":[24.1103,310.797,15.7816],"stabilizedTipPosition":[18.6439,284.379,40.7546],"timeVisible":0.572459,"tipPosition":[19.3179,288.258,42.1274],"tipVelocity":[7.42113,27.2037,-0.272945],"tool":false,"touchDistance":0.333333,"touchZone":"none","type":2,"width":14.641},{"bases":[[[0.925799,-0.372635,0.0635599],[0.297223,0.821454,0.486695],[-0.233571,-0.43169,0.871256]],[[0.926581,-0.371177,0.0606212],[0.297906,0.625965,-0.720708],[0.229564,0.685854,0.690583]],[[0.926581,-0.371177,0.0606212],[-0.175085,-0.568368,-0.80393],[0.332856,0.734292,-0.591627]],[[0.926581,-0.371177,0.0606212],[-0.345721,-0.904071,-0.251263],[0.148069,0.211857,-0.966019]]],"btipPosition":[31.0164,286.577,53.0127],"carpPosition":[37.3481,309.94,96.3258],"dipPosition":[33.3488,289.914,37.7961],"direction":[-0.332856,-0.734292,0.591627],"extended":false,"handId":147,"id":1473,"length":54.3176,"mcpPosition":[49.7697,332.898,49.9917],"pipPosition":[41.1225,307.063,23.9788],"stabilizedTipPosition":[30.8817,282.634,48.5306],"timeVisible":0.572459,"tipPosition":[31.5749,286.696,49.8776],"tipVelocity":[6.49153,27.5918,3.4332],"tool":false,"touchDistance":0.333333,"touchZone":"none","type":3,"width":13.9319},{"bases":[[[0.830622,-0.550665,0.0826754],[0.415789,0.712108,0.565705],[-0.370388,-0.435511,0.820453]],[[0.82941,-0.552082,0.0853493],[0.463161,0.594156,-0.657618],[0.312348,0.584965,0.748501]],[[0.82941,-0.552082,0.0853493],[-0.223171,-0.467511,-0.855353],[0.512127,0.690391,-0.510967]],[[0.82941,-0.552082,0.0853493],[-0.494756,-0.796884,-0.346687],[0.259413,0.245319,-0.93409]]],"btipPosition":[43.3475,291.417,54.1116],"carpPosition":[46.6393,302.364,94.8151],"dipPosition":[47.1172,294.982,40.5377],"direction":[-0.512127,-0.690391,0.510967],"extended":false,"handId":147,"id":1474,"length":42.584,"mcpPosition":[64.8731,323.804,54.4251],"pipPosition":[55.5619,306.366,32.1121],"stabilizedTipPosition":[44.5771,286.651,49.9318],"timeVisible":0.572459,"tipPosition":[44.9966,291.093,51