{"frames":61,"data":[{"currentFrameRate":57.6163,"devices":[],"gestures":[],"hands":[{"armBasis":[[0.973383,0.18218,-0.139051],[-0.065906,0.803605,0.591503],[0.219502,-0.566595,0.794223]],"armWidth":50.6308,"confidence":1,"direction":[0.213197,0.532344,-0.819242],"elbow":[102.983,166.051,257.629],"grabAngle":2.64925,"grabStrength":0,"id":149,"palmNormal":[0.050931,-0.843436,-0.534811],"palmPosition":[56.2547,328.033,19.5551],"palmVelocity":[3.71209,7.2756,3.08391],"palmWidth":77.2498,"pinchDistance":47.1709,"pinchStrength":0.491125,"r":[[0.655194,0.752276,-0.0692924],[-0.213368,0.0962819,-0.972216],[-0.724703,0.651775,0.223595]],"s":0.934251,"sphereCenter":[67.2315,304.058,-12.128],"sphereRadius":40.3219,"stabilizedPalmPosition":[50.5126,327.071,19.3692],"t":[13.6357,14.1495,-5.42712],"timeVisible":4.07591,"type":"right","wrist":[52.6672,295.93,75.5708]}],"id":116293,"interactionBox":{"center":[0,200,0],"size":[235.247,235.247,147.751]},"pointables":[{"bases":[[[0.388659,0.829178,0.401757],[-0.891202,0.227624,0.392359],[0.233886,-0.51054,0.827433]],[[0.298385,0.945671,0.129126],[-0.951795,0.284744,0.114048],[0.0710841,-0.156932,0.985048]],[[0.298385,0.945671,0.129126],[-0.939944,0.314643,-0.132306],[-0.165746,-0.0818935,0.982762]],[[0.298385,0.945671,0.129126],[-0.879399,0.32498,-0.347916],[-0.370977,-0.00974071,0.928591]]],"btipPosition":[37.9126,307.92,-35.4349],"carpPosition":[28.8411,298.723,52.8823],"dipPosition":[30.5929,307.727,-17.113],"direction":[0.165746,0.0818935,-0.982762],"extended":false,"handId":149,"id":1490,"length":43.9376,"mcpPosition":[28.8411,298.723,52.8823],"pipPosition":[25.8286,305.373,11.1363],"stabilizedTipPosition":[31.0378,305.61,-30.5637],"timeVisible":4.07591,"tipPosition":[37.9662,307.638,-30.8101],"tipVelocity":[2.469,8.44311,2.49921],"tool":false,"touchDistance":0.228515,"touchZone":"hovering","type":0,"width":15.6066},{"bases":[[[0.997626,0.0181128,0.0664406],[-0.0434917,0.913752,0.403938],[-0.0533937,-0.405869,0.91237]],[[0.991153,-0.0112839,0.132242],[-0.0281873,0.955753,0.292816],[-0.129695,-0.293953,0.94698]],[[0.991153,-0.0112839,0.132242],[0.00635217,0.999271,0.0376562],[-0.132571,-0.0364831,0.990502]],[[0.991153,-0.0112839,0.132242],[0.0223424,0.996346,-0.0824398],[-0.130829,0.084665,0.987783]]],"btipPosition":[49.2318,352.587,-69.9636],"carpPosition":[36.6133,317.065,55.735],"dipPosition":[47.3473,353.806,-55.7352],"direction":[0.132571,0.0364831,-0.990502],"extended":true,"handId":149,"id":1491,"length":49.5787,"mcpPosition":[39.9483,342.416,-1.25168],"pipPosition":[44.6459,353.063,-35.5515],"stabilizedTipPosition":[43.3459,350.231,-67.7895],"timeVisible":4.07591,"tipPosition":[49.1191,352.756,-66.7248],"tipVelocity":[1.88244,4.01052,4.19784],"tool":false,"touchDistance":0.249967,"touchZone":"hovering","type":1,"width":14.9074},{"bases":[[[0.973939,-0.192928,0.119253],[0.124633,0.894527,0.429288],[-0.189496,-0.403238,0.89526]],[[0.98355,-0.168401,0.0653547],[0.165397,0.6941,-0.70062],[0.0726223,0.699904,0.710535]],[[0.98355,-0.168401,0.0653547],[-0.0488867,-0.596447,-0.801162],[0.173897,0.784788,-0.594868]],[[0.98355,-0.168401,0.0653547],[-0.146947,-0.956319,-0.252705],[0.105056,0.238945,-0.965333]]],"btipPosition":[49.3339,291.62,4.20261],"carpPosition":[46.894,318.776,56.5495],"dipPosition":[50.9983,295.405,-11.0911],"direction":[-0.173897,-0.784788,0.594868],"extended":false,"handId":149,"id":1492,"length":56.491,"mcpPosition":[58.1184,342.661,3.52109],"pipPosition":[55.1673,314.22,-25.3523],"stabilizedTipPosition":[44.0194,291.258,1.62812],"timeVisible":4.07591,"tipPosition":[49.3588,292.993,2.26025],"tipVelocity":[4.51552,9.44993,0.836693],"tool":false,"touchDistance":0.333333,"touchZone":"none","type":2,"width":14.641},{"bases":[[[0.923253,-0.317045,0.216995],[0.187794,0.865147,0.465032],[-0.335168,-0.388591,0.858288]],[[0.941689,-0.293173,0.165138],[0.323561,0.654271,-0.683548],[0.0923532,0.697122,0.71098]],[[0.941689,-0.293173,0.165138],[-0.0500544,-0.607367,-0.792843],[0.33274,0.738346,-0.586626]],[[0.941689,-0.293173,0.165138],[-0.254443,-0.941578,-0.220657],[0.220181,0.165772,-0.96127]]],"btipPosition":[60.3361,292.29,13.9084],"carpPosition":[57.2296,317.739,57.4918],"dipPosition":[63.8043,294.901,-1.23336],"direction":[-0.33274,-0.738346,0.586626],"extended":false,"handId":149,"id":1493,"length":54.3176,"mcpPosition":[75.0541,338.404,11.8473],"pipPosition":[71.5753,312.145,-14.9338],"stabilizedTipPosition":[55.2757,291.683,11.2367],"timeVisible":4.07591,"tipPosition":[60.4178,293.56,11.9255],"tipVelocity":[4.93669,9.05616,0.210814],"tool":false,"touchDistance":0.333333,"touchZone":"none","type":3,"width":13.9319},{"bases":[[[0.83445,-0.49845,0.235034],[0.298753,0.76755,0.56711],[-0.463076,-0.403008,0.789396]],[[0.855203,-0.479047,0.197842],[0.494747,0.640788,-0.58704],[0.154446,0.59992,0.785011]],[[0.855203,-0.479047,0.197842],[-0.0759298,-0.493399,-0.866482],[0.512701,0.725996,-0.458331]],[[0.855203,-0.479047,0.197842],[-0.382299,-0.840788,-0.383307],[0.349965,0.25217,-0.902183]]],"btipPosition":[71.626,296.92,16.2185],"carpPosition":[66.973,310.6,57.8131],"dipPosition":[76.7116,300.584,3.1082],"direction":[-0.512701,-0.725996,0.458331],"extended":false,"handId":149,"id":1494,"length":42.584,"mcpPosition":[89.7698,330.439,18.9519],"pipPosition":[85.1657,312.556,-4.44939],"stabilizedTipPosition":[66.8187,296.679,13.4459],"timeVisible":4.07591,"tipPosition":[72.0491,299.056,14.2335],"tipVelocity":[4.4077,9.32604,-0.272721],"tool":false,"touchDistance":0.333333,"touchZone":"none","type":4,"width":12.3754}],"r":[[0.655194,0.752276,-0.0692924],[-0.213368,0.0962819,-0.972216],[-0.724703,0.651775,0.223595]],"s":0.934251,"t":[13.6357,14.1495,-5.42712],"timestamp":1132189976005},{"currentFrameRate":57.5494,"devices":[],"gestures":[],"hands":[{"armBasis":[[0.973565,0.180857,-0.139509],[-0.0649574,0.804785,0.590001],[0.218981,-0.565342,0.795258]],"armWidth":50.6308,"confidence":1,"direction":[0.213098,0.527012,-0.822707],"elbow":[102.954,166.616,258.007],"grabAngle":2.64951,"grabStrength":0,"id":149,"palmNormal":[0.0490905,-0.84676,-0.529705],"palmPosition":[56.3366,327.994,19.5176],"palmVelocity":[4.65876,-2.21021,-2.13053],"palmWidth":77.2498,"pinchDistance":47.0347,"pinchStrength":0.491438,"r":[[0.655422,0.752041,-0.0696849],[-0.213464,0.0959516,-0.972228],[-0.724469,0.652095,0.223423]],"s":0.933987,"sphereCenter":[67.2067,303.825,-12.0381],"sphereRadius":40.3094,"stabilizedPalmPosition":[50.5564,327.078,19.3703],"t":[13.7385,14.1823,-5.44258],"timeVisible":4.09351,"type":"right","wrist":[52.7573,296.208,75.7116]}],"id":116294,"interactionBox":{"center":[0,200,0],"size":[235.247,235.247,147.751]},"pointables":[{"bases":[[[0.390332,0.831032,0.396265],[-0.890434,0.23135,0.391925],[0.234026,-0.505829,0.830282]],[[0.299857,0.946045,0.12282],[-0.951258,0.286786,0.113415],[0.0720732,-0.150842,0.985927]],[[0.299857,0.946045,0.12282],[-0.939698,0.315106,-0.132953],[-0.164481,-0.0755462,0.983483]],[[0.299857,0.946045,0.12282],[-0.879387,0.324018,-0.348843],[-0.369817,-0.00340275,0.929098]]],"btipPosition":[37.8861,307.56,-35.3324],"carpPosition":[28.9157,298.929,53.0528],"dipPosition":[30.5893,307.493,-17.0005],"direction":[0.164481,0.0755462,-0.983483],"extended":false,"handId":149,"id":1490,"length":43.9376,"mcpPosition":[28.9157,298.929,53.0528],"pipPosition":[25.8613,305.322,11.2696],"stabilizedTipPosition":[31.0825,305.626,-30.5685],"timeVisible":4.09351,"tipPosition":[37.9604,307.32,-30.7029],"tipVelocity":[-1.20949,-18.787,5.95413],"tool":false,"touchDistance":0.230262,"touchZone":"hovering","type":0,"width":15.6066},{"bases":[[[0.997724,0.0170238,0.065251],[-0.041689,0.916265,0.398397],[-0.053005,-0.400211,0.914889]],[[0.991281,-0.0119522,0.131218],[-0.0264601,0.957532,0.28711],[-0.129077,-0.288079,0.948868]],[[0.991281,-0.0119522,0.131218],[0.0077681,0.999446,0.0323526],[-0.131532,-0.0310512,0.990825]],[[0.991281,-0.0119522,0.131218],[0.0237521,0.995772,-0.0887324],[-0.129603,0.0910755,0.987374]]],"btipPosition":[49.2514,352.029,-70.1399],"carpPosition":[36.7184,317.277,55.785],"dipPosition":[47.3845,353.341,-55.9175],"direction":[0.131532,0.0310512,-0.990825],"extended":true,"handId":149,"id":1491,"length":49.5787,"mcpPosition":[40.0291,342.274,-1.35899],"pipPosition":[44.7043,352.708,-35.7272],"stabilizedTipPosition":[43.4111,350.256,-67.7785],"timeVisible":4.09351,"tipPosition":[49.1436,352.201,-66.9039],"tipVelocity":[1.34426,-30.4747,-10.0997],"tool":false,"touchDistance":0.247005,"touchZone":"hovering","type":1,"width":14.9074},{"bases":[[[0.97378,-0.193655,0.119376],[0.126435,0.896943,0.423683],[-0.189122,-0.39748,0.89791]],[[0.983368,-0.169472,0.0653193],[0.165701,0.689872,-0.704713],[0.0743668,0.703815,0.70648]],[[0.983368,-0.169472,0.0653193],[-0.0506474,-0.601247,-0.797456],[0.174419,0.780885,-0.599831]],[[0.983368,-0.169472,0.0653193],[-0.148693,-0.957724,-0.246281],[0.104295,0.232472,-0.966995]]],"btipPosition":[49.3489,291.517,4.38416],"carpPosition":[47.0025,318.977,56.578],"dipPosition":[51.0012,295.2,-10.9359],"direction":[-0.174419,-0.780885,0.599831],"extended":false,"handId":149,"id":1492,"length":56.491,"mcpPosition":[58.2047,342.521,3.39256],"pipPosition":[55.1827,313.921,-25.3161],"stabilizedTipPosition":[44.0564,291.265,1.62315],"timeVisible":4.09351,"tipPosition":[49.3702,292.859,2.44229],"tipVelocity":[0.692791,-7.17481,9.97215],"tool":false,"touchDistance":0.333333,"touchZone":"none","type":2,"width":14.641},{"bases":[[[0.923015,-0.317097,0.217929],[0.18959,0.867688,0.459536],[-0.334812,-0.382842,0.861007]],[[0.941431,-0.29357,0.165908],[0.323844,0.649991,-0.687486],[0.0939867,0.700948,0.706992]],[[0.941431,-0.29357,0.165908],[-0.0517243,-0.611902,-0.789241],[0.333216,0.734434,-0.591248]],[[0.941431,-0.29357,0.165908],[-0.256152,-0.942572,-0.214345],[0.219305,0.159293,-0.962565]]],"btipPosition":[60.3662,292.225,14.066],"carpPosition":[57.3375,317.93,57.5154],"dipPosition":[63.8207,294.734,-1.09621],"direction":[-0.333216,-0.734434,0.591248],"extended":false,"handId":149,"id":1493,"length":54.3176,"mcpPosition":[75.1431,338.29,11.7263],"pipPosition":[71.6028,311.887,-14.9046],"stabilizedTipPosition":[55.3085,291.689,11.233],"timeVisible":4.09351,"tipPosition":[60.4413,293.468,12.0918],"tipVelocity":[1.53294,-5.02969,8.68534],"tool":false,"touchDistance":0.333333,"touchZone":"none","type":3,"width":13.9319},{"bases":[[[0.833961,-0.498255,0.237172],[0.300515,0.77055,0.562089],[-0.462816,-0.397486,0.792342]],[[0.853932,-0.479874,0.201297],[0.496646,0.636037,-0.590593],[0.155378,0.6043,0.78146]],[[0.853932,-0.479874,0.201297],[-0.0766191,-0.49855,-0.863468],[0.514712,0.72192,-0.462496]],[[0.853932,-0.479874,0.201297],[-0.384333,-0.842375,-0.377746],[0.350838,0.245204,-0.903763]]],"btipPosition":[71.6372,296.865,16.3277],"carpPosition":[67.0707,310.779,57.8697],"dipPosition":[76.7355,300.428,3.19437],"direction":[-0.514712,-0.72192,0.462496],"extended":false,"handId":149,"id":1494,"length":42.584,"mcpPosition":[89.8546,330.347,18.8636],"pipPosition":[85.2228,312.332,-4.4319],"stabilizedTipPosition":[66.8551,296.685,13.4451],"timeVisible":4.09351,"tipPosition":[72.0839,298.958,14.3533],"tipVelocity":[0.802941,-4.44549,5.90034],"tool":false,"touchDistance":0.333333,"touchZone":"none","type":4,"width":12.3754}],"r":[[0.655422,0.752041,-0.0696849],[-0.213464,0.0959516,-0.972228],[-0.724469,0.652095,0.223423]],"s":0.933987,"t":[13.7385,14.1823,-5.44258],"timestamp":1132189993604},{"currentFrameRate":57.6322,"devices":[],"gestures":[],"hands":[{"armBasis":[[0.973997,0.175917,-0.142772],[-0.0599051,0.807702,0.586539],[0.2185,-0.562735,0.797237]],"armWidth":50.6308,"confidence":1,"direction":[0.213059,0.526836,-0.822831],"elbow":[102.942,167,258.387],"grabAngle":2.64964,"grabStrength":0,"id":149,"palmNormal":[0.0451312,-0.846575,-0.530353],"palmPosition":[56.4212,327.767,19.4314],"palmVelocity":[4.95336,-13.2909,-5.04859],"palmWidth":77.2498,"pinchDistance":46.8913,"pinchStrength":0.492982,"r":[[0.656073,0.751427,-0.0701872],[-0.2139,0.095954,-0.972132],[-0.723751,0.652802,0.223683]],"s":0.933612,"sphereCenter":[67.1257,303.592,-12.1633],"sphereRadius":40.2927,"stabilizedPalmPosition":[50.601,327.083,19.3707],"t":[13.8322,14.0853,-5.49342],"timeVisible":4.11059,"type":"right","wrist":[52.8553,295.994,75.6377]}],"id":116295,"interactionBox":{"center":[0,200,0],"size":[235.247,235.247,147.751]},"pointables":[{"bases":[[[0.393946,0.829476,0.395949],[-0.888809,0.234047,0.394007],[0.234148,-0.50714,0.829448]],[[0.303092,0.945077,0.122328],[-0.950122,0.289788,0.115284],[0.073503,-0.151169,0.985771]],[[0.303092,0.945077,0.122328],[-0.938881,0.318128,-0.131519],[-0.163211,-0.0749896,0.983737]],[[0.303092,0.945077,0.122328],[-0.878717,0.326841,-0.347895],[-0.36877,-0.00204784,0.929519]]],"btipPosition":[37.8295,307.374,-35.3868],"carpPosition":[28.9769,298.771,53.0075],"dipPosition":[30.5533,307.333,-17.0466],"direction":[0.163211,0.0749896,-0.983737],"extended":false,"handId":149,"id":1490,"length":43.9376,"mcpPosition":[28.9769,298.771,53.0075],"pipPosition":[25.8619,305.178,11.2308],"stabilizedTipPosition":[31.1271,305.642,-30.5738],"timeVisible":4.11059,"tipPosition":[37.8599,307.187,-30.7641],"tipVelocity":[-3.03537,-10.5596,-3.07077],"tool":false,"touchDistance":0.229388,"touchZone":"hovering","type":0,"width":15.6066},{"bases":[[[0.997914,0.0136728,0.0630939],[-0.0377842,0.91614,0.399074],[-0.0523464,-0.400626,0.914745]],[[0.991483,-0.0154404,0.129319],[-0.0225964,0.957494,0.287568],[-0.128262,-0.288041,0.94899]],[[0.991483,-0.0154404,0.129319],[0.0112382,0.999387,0.0331615],[-0.129752,-0.0314258,0.991048]],[[0.991483,-0.0154404,0.129319],[0.0270656,0.995697,-0.0886269],[-0.127394,0.0913721,0.987634]]],"btipPosition":[49.2405,351.872,-70.1942],"carpPosition":[36.8463,317.092,55.7344],"dipPosition":[47.4055,353.188,-55.968],"direction":[0.129752,0.0314258,-0.991048],"extended":true,"handId":149,"id":1491,"length":49.5787,"mcpPosition":[40.1158,342.115,-1.40056],"pipPosition":[44.7615,352.548,-35.7732],"stabilizedTipPosition":[43.4726,350.277,-67.7688],"timeVisible":4.11059,"tipPosition":[49.1205,352.054,-66.9587],"tipVelocity":[-0.205541,-9.16301,-3.12821],"tool":false,"touchDistance":0.246115,"touchZone":"hovering","type":1,"width":14.9074},{"bases":[[[0.973389,-0.19696,0.117136],[0.130329,0.896244,0.423982],[-0.18849,-0.397433,0.898064]],[[0.98294,-0.172774,0.0630739],[0.16649,0.690053,-0.70435],[0.078169,0.702835,0.707045]],[[0.98294,-0.172774,0.0630739],[-0.0543407,-0.600417,-0.797839],[0.175716,0.7808,-0.599562]],[[0.98294,-0.172774,0.0630739],[-0.152422,-0.957106,-0.246405],[0.102941,0.232587,-0.967112]]],"btipPosition":[49.2825,291.334,4.27569],"carpPosition":[47.1377,318.758,56.5062],"dipPosition":[50.9134,295.019,-11.0462],"direction":[-0.175716,-0.7808,0.599562],"extended":false,"handId":149,"id":1492,"length":56.491,"mcpPosition":[58.3025,342.298,3.31164],"pipPosition":[55.126,313.738,-25.42],"stabilizedTipPosition":[44.0908,291.271,1.6178],"timeVisible":4.11059,"tipPosition":[49.3017,292.665,2.34684],"tipVelocity":[-4.17629,-10.6758,-6.37718],"tool":false,"touchDistance":0.333333,"touchZone":"none","type":2,"width":14.641},{"bases":[[[0.922429,-0.320297,0.21572],[0.193465,0.866756,0.45968],[-0.334211,-0.382287,0.861487]],[[0.940809,-0.296798,0.163674],[0.324543,0.649628,-0.687499],[0.0977213,0.699925,0.7075]],[[0.940809,-0.296798,0.163674],[-0.0552909,-0.610828,-0.78983],[0.334396,0.73403,-0.591083]],[[0.940809,-0.296798,0.163674],[-0.259725,-0.941566,-0.214467],[0.217763,0.159263,-0.96292]]],"btipPosition":[60.324,291.989,13.9282],"carpPosition":[57.4712,317.675,57.4205],"dipPosition":[63.7541,294.498,-1.23961],"direction":[-0.334396,-0.73403,0.591083],"extended":false,"handId":149,"id":1493,"length":54.3176,"mcpPosition":[75.2448,338.006,11.6059],"pipPosition":[71.5638,311.641,-15.0442],"stabilizedTipPosition":[55.3402,291.694,11.2287],"timeVisible":4.11059,"tipPosition":[60.3961,293.231,11.9725],"tipVelocity":[-2.80153,-13.8187,-8.14564],"tool":false,"touchDistance":0.333333,"touchZone":"none","type":3,"width":13.9319},{"bases":[[[0.832817,-0.501171,0.23504],[0.304289,0.769184,0.561928],[-0.462411,-0.396463,0.793091]],[[0.85142,-0.484159,0.201679],[0.500097,0.63352,-0.590386],[0.158073,0.603526,0.781518]],[[0.85142,-0.484159,0.201679],[-0.0785178,-0.497856,-0.863698],[0.518574,0.719534,-0.4619]],[[0.85142,-0.484159,0.201679],[-0.388498,-0.840507,-0.377646],[0.352353,0.243184,-0.903719]]],"btipPosition":[71.5619,296.619,16.158],"carpPosition":[67.1813,310.491,57.7491],"dipPosition":[76.6822,300.153,3.02529],"direction":[-0.518574,-0.719534,0.4619],"extended":false,"handId":149,"id":1494,"length":42.584,"mcpPosition":[89.9453,330.009,18.706],"pipPosition":[85.2332,312.018,-4.59115],"stabilizedTipPosition":[66.8887,296.689,13.4433],"timeVisible":4.11059,"tipPosition":[72.0633,298.678,14.2103],"tipVelocity":[-4.11476,-14.7962,-9.92993],"tool":false,"touchDistance":0.333333,"touchZone":"none","type":4,"width":12.3754}],"r":[[0.656073,0.751427,-0.0701872],[-0.2139,0.095954,-0.972132],[-0.723751,0.652802,0.223683]],"s":0.933612,"t":[13.8322,14.0853,-5.49342],"timestamp":1132190010680},{"currentFrameRate":57.634,"devices":[],"gestures":[],"hands":[{"armBasis":[[0.974406,0.171339,-0.145521],[-0.05532,0.810205,0.583531],[0.217883,-0.560545,0.798947]],"armWidth":50.6308,"confidence":1,"direction":[0.213105,0.52782,-0.822187],"elbow":[102.935,167.122,258.734],"grabAngle":2.65075,"grabStrength":0,"id":149,"palmNormal":[0.0417842,-0.845671,-0.532066],"palmPosition":[56.5516,327.444,19.4138],"palmVelocity":[7.51459,-18.6502,-1.0148],"palmWidth":77.2498,"pinchDistance":46.8562,"pinchStrength":0.49155,"r":[[0.656995,0.750589,-0.0705313],[-0.214537,0.0964541,-0.971942],[-0.722725,0.653692,0.224399]],"s":0.933395,"sphereCenter":[67.2526,303.277,-12.2249],"sphereRadius":40.3288,"stabilizedPalmPosition":[50.6551,327.086,19.3711],"t":[13.9442,13.875,-5.52764],"timeVisible":4.12793,"type":"right","wrist":[52.9905,295.614,75.5931]}],"id":116296,"interactionBox":{"center":[0,200,0],"size":[235.247,235.247,147.751]},"pointables":[{"bases":[[[0.397005,0.827584,0.396852],[-0.887442,0.235811,0.396031],[0.234167,-0.50941,0.828051]],[[0.306152,0.943869,0.124025],[-0.94903,0.292349,0.117785],[0.0749148,-0.153764,0.985264]],[[0.306152,0.943869,0.124025],[-0.93809,0.321289,-0.129463],[-0.162044,-0.0767111,0.983797]],[[0.306152,0.943869,0.124025],[-0.878196,0.330306,-0.345932],[-0.367481,-0.00301062,0.930026]]],"btipPosition":[37.8179,307.242,-35.4021],"carpPosition":[29.0841,298.461,52.9823],"dipPosition":[30.5672,307.183,-17.0519],"direction":[0.162044,0.0767111,-0.983797],"extended":false,"handId":149,"id":1490,"length":43.9376,"mcpPosition":[29.0841,298.461,52.9823],"pipPosition":[25.9092,304.978,11.2272],"stabilizedTipPosition":[31.1748,305.657,-30.5795],"timeVisible":4.12793,"tipPosition":[37.8392,307.014,-30.7894],"tipVelocity":[-0.33206,-7.85248,-0.752456],"tool":false,"touchDistance":0.22917,"touchZone":"hovering","type":0,"width":15.6066},{"bases":[[[0.998059,0.0107124,0.061353],[-0.0344708,0.915469,0.400909],[-0.0518721,-0.402246,0.914061]],[[0.991513,-0.0189894,0.128614],[-0.0192621,0.9569,0.289779],[-0.128573,-0.289797,0.948413]],[[0.991513,-0.0189894,0.128614],[0.0145243,0.999262,0.035567],[-0.129194,-0.0333972,0.991057]],[[0.991513,-0.0189894,0.128614],[0.0303157,0.995774,-0.0866875],[-0.126424,0.0898508,0.987899]]],"btipPosition":[49.361,351.761,-70.1382],"carpPosition":[37.0104,316.754,55.7307],"dipPosition":[47.5399,353.055,-55.9082],"direction":[0.129194,0.0333972,-0.991057],"extended":true,"handId":149,"id":1491,"length":49.5787,"mcpPosition":[40.2504,341.878,-1.36151],"pipPosition":[44.9073,352.374,-35.7132],"stabilizedTipPosition":[43.5348,350.298,-67.7585],"timeVisible":4.12793,"tipPosition":[49.1663,351.919,-66.9159],"tipVelocity":[7.129,-6.69906,3.27777],"tool":false,"touchDistance":0.247062,"touchZone":"hovering","type":1,"width":14.9074},{"bases":[[[0.973029,-0.199954,0.115032],[0.133629,0.895047,0.425481],[-0.188035,-0.398634,0.897627]],[[0.982554,-0.175691,0.0609994],[0.167125,0.690205,-0.70405],[0.081593,0.701962,0.707525]],[[0.982554,-0.175691,0.0609994],[-0.0577288,-0.599908,-0.797984],[0.176792,0.78054,-0.599584]],[[0.982554,-0.175691,0.0609994],[-0.155804,-0.9567,-0.245867],[0.101555,0.232074,-0.967382]]],"btipPosition":[49.2828,291.086,4.26817],"carpPosition":[47.3079,318.389,56.4875],"dipPosition":[50.8917,294.763,-11.058],"direction":[-0.176792,-0.78054,0.599584],"extended":false,"handId":149,"id":1492,"length":56.491,"mcpPosition":[58.4457,342.001,3.31883],"pipPosition":[55.1301,313.476,-25.4323],"stabilizedTipPosition":[44.132,291.276,1.61132],"timeVisible":4.12793,"tipPosition":[49.3035,292.393,2.26716],"tipVelocity":[-0.275,-14.3991,-0.490247],"tool":false,"touchDistance":0.333333,"touchZone":"none","type":2,"width":14.641},{"bases":[[[0.921892,-0.323337,0.213467],[0.196743,0.86531,0.46101],[-0.333777,-0.383003,0.861337]],[[0.940248,-0.299788,0.161434],[0.325079,0.649349,-0.68751],[0.101281,0.698909,0.708003]],[[0.940248,-0.299788,0.161434],[-0.0588177,-0.609999,-0.790216],[0.335372,0.733504,-0.591183]],[[0.940248,-0.299788,0.161434],[-0.263058,-0.94061,-0.214602],[0.216181,0.159312,-0.963268]]],"btipPosition":[60.3376,291.677,13.8859],"carpPosition":[57.6398,317.275,57.3814],"dipPosition":[63.7428,294.186,-1.28738],"direction":[-0.335372,-0.733504,0.591183],"extended":false,"handId":149,"id":1493,"length":54.3176,"mcpPosition":[75.3904,337.644,11.5747],"pipPosition":[71.5753,311.317,-15.0943],"stabilizedTipPosition":[55.3799,291.698,11.223],"timeVisible":4.12793,"tipPosition":[60.4173,292.909,11.8761],"tipVelocity":[0.45419,-17.9859,-2.51093],"tool":false,"touchDistance":0.333333,"touchZone":"none","type":3,"width":13.9319},{"bases":[[[0.8318,-0.503992,0.232597],[0.30747,0.767226,0.562873],[-0.462138,-0.396681,0.793141]],[[0.849201,-0.488128,0.201467],[0.502934,0.631302,-0.590352],[0.16098,0.602652,0.781598]],[[0.849201,-0.488128,0.201467],[-0.0808177,-0.497157,-0.863889],[0.521849,0.717333,-0.461635]],[[0.849201,-0.488128,0.201467],[-0.392402,-0.83861,-0.377829],[0.353381,0.241796,-0.90369]]],"btipPosition":[71.5415,296.284,16.0781],"carpPosition":[67.33,310.063,57.6789],"dipPosition":[76.6768,299.798,2.94589],"direction":[-0.521849,-0.717333,0.461635],"extended":false,"handId":149,"id":1494,"length":42.584,"mcpPosition":[90.0806,329.591,18.6334],"pipPosition":[85.2817,311.626,-4.6662],"stabilizedTipPosition":[66.9298,296.692,13.4406],"timeVisible":4.12793,"tipPosition":[72.1039,298.315,14.1047],"tipVelocity":[-0.974964,-19.5776,-4.59674],"tool":false,"touchDistance":0.333333,"touchZone":"none","type":4,"width":12.3754}],"r":[[0.656995,0.750589,-0.0705313],[-0.214537,0.0964541,-0.971942],[-0.722725,0.653692,0.224399]],"s":0.933395,"t":[13.9442,13.875,-5.52764],"timestamp":1132190028025},{"currentFrameRate":57.645,"devices":[],"gestures":[],"hands":[{"armBasis":[[0.97483,0.167125,-0.147563],[-0.0512188,0.812049,0.581338],[0.216985,-0.559148,0.80017]],"armWidth":50.6308,"confidence":1,"direction":[0.21287,0.526011,-0.823407],"elbow":[102.909,166.914,259.02],"grabAngle":2.65276,"grabStrength":0,"id":149,"palmNormal":[0.0380026,-0.846541,-0.530965],"palmPosition":[56.711,326.816,19.3601],"palmVelocity":[9.2086,-36.2736,-3.10008],"palmWidth":77.2498,"pinchDistance":46.5809,"pinchStrength":0.487815,"r":[[0.658158,0.749495,-0.0713137],[-0.215423,0.0967127,-0.97172],[-0.721402,0.654908,0.225111]],"s":0.933548,"sphereCenter":[67.374,302.571,-12.2421],"sphereRadius":40.3674,"stabilizedPalmPosition":[50.7328,327.083,19.371],"t":[14.0799,13.4559,-5.57158],"timeVisible":4.14524,"type":"right","wrist":[53.1696,295.086,75.5989]}],"id":116297,"interactionBox":{"center":[0,200,0],"size":[235.247,235.247,147.751]},"pointables":[{"bases":[[[0.400424,0.826921,0.394793],[-0.885824,0.239081,0.397687],[0.234468,-0.508961,0.828241]],[[0.309479,0.94299,0.12244],[-0.947765,0.295431,0.12026],[0.0772317,-0.153263,0.985163]],[[0.309479,0.94299,0.12244],[-0.937339,0.324198,-0.127638],[-0.160057,-0.0752665,0.984234]],[[0.309479,0.94299,0.12244],[-0.877786,0.332819,-0.344562],[-0.365669,-0.000841314,0.930744]]],"btipPosition":[37.7732,306.64,-35.3759],"carpPosition":[29.2305,297.965,53.031],"dipPosition":[30.5583,306.623,-17.0115],"direction":[0.160057,0.0752665,-0.984234],"extended":false,"handId":149,"id":1490,"length":43.9376,"mcpPosition":[29.2305,297.965,53.031],"pipPosition":[25.9574,304.46,11.2802],"stabilizedTipPosition":[31.2373,305.669,-30.5868],"timeVisible":4.14524,"tipPosition":[37.8179,306.374,-30.7733],"tipVelocity":[-2.10456,-34.2147,1.70423],"tool":false,"touchDistance":0.229662,"touchZone":"hovering","type":0,"width":15.6066},{"bases":[[[0.998222,0.00774357,0.0590994],[-0.0307705,0.916132,0.399694],[-0.0510478,-0.400802,0.914742]],[[0.991577,-0.0223541,0.127574],[-0.0155445,0.957333,0.288568],[-0.128582,-0.288121,0.948922]],[[0.991577,-0.0223541,0.127574],[0.0178594,0.999183,0.0362677],[-0.128281,-0.0336838,0.991166]],[[0.991577,-0.0223541,0.127574],[0.0335064,0.995736,-0.0859533],[-0.125109,0.0895039,0.988098]]],"btipPosition":[49.4807,351.104,-70.1992],"carpPosition":[37.2189,316.237,55.7359],"dipPosition":[47.6786,352.393,-55.9663],"direction":[0.128281,0.0336838,-0.991166],"extended":true,"handId":149,"id":1491,"length":49.5787,"mcpPosition":[40.4073,341.271,-1.3989],"pipPosition":[45.0646,351.706,-35.7691],"stabilizedTipPosition":[43.6187,350.314,-67.7459],"timeVisible":4.14524,"tipPosition":[49.2057,351.194,-66.9868],"tipVelocity":[7.16764,-38.0287,-3.482],"tool":false,"touchDistance":0.246058,"touchZone":"hovering","type":1,"width":14.9074},{"bases":[[[0.972669,-0.20277,0.113131],[0.13732,0.89523,0.423917],[-0.187236,-0.396796,0.898608]],[[0.982147,-0.178611,0.0590435],[0.167428,0.686856,-0.707246],[0.0857679,0.704505,0.704497]],[[0.982147,-0.178611,0.0590435],[-0.0618781,-0.603135,-0.795235],[0.177649,0.777384,-0.603419]],[[0.982147,-0.178611,0.0590435],[-0.159671,-0.957458,-0.240373],[0.099465,0.226654,-0.968883]]],"btipPosition":[49.2934,290.488,4.42855],"carpPosition":[47.523,317.841,56.4672],"dipPosition":[50.8692,294.079,-10.9214],"direction":[-0.177649,-0.777384,0.603419],"extended":false,"handId":149,"id":1492,"length":56.491,"mcpPosition":[58.6134,341.344,3.24044],"pipPosition":[55.1282,312.716,-25.3876],"stabilizedTipPosition":[44.1886,291.276,1.60401],"timeVisible":4.14524,"tipPosition":[49.3205,291.76,2.26611],"tipVelocity":[0.175178,-35.6979,8.94862],"tool":false,"touchDistance":0.333333,"touchZone":"none","type":2,"width":14.641},{"bases":[[[0.921377,-0.325857,0.211855],[0.200424,0.86535,0.459346],[-0.33301,-0.38077,0.862623]],[[0.939687,-0.302438,0.159747],[0.325251,0.645614,-0.690937],[0.10583,0.701223,0.705044]],[[0.939687,-0.302438,0.159747],[-0.0633948,-0.612961,-0.787566],[0.336109,0.729938,-0.595165]],[[0.939687,-0.302438,0.159747],[-0.267054,-0.940566,-0.209804],[0.213706,0.154488,-0.964605]]],"btipPosition":[60.3608,291.052,14.0011],"carpPosition":[57.8535,316.697,57.3395],"dipPosition":[63.7271,293.486,-1.19319],"direction":[-0.336109,-0.729938,0.595165],"extended":false,"handId":149,"id":1493,"length":54.3176,"mcpPosition":[75.5632,336.947,11.4645],"pipPosition":[71.5768,310.533,-15.0931],"stabilizedTipPosition":[55.4378,291.697,11.2158],"timeVisible":4.14524,"tipPosition":[60.4599,292.253,11.8511],"tipVelocity":[0.825867,-37.0883,6.37795],"tool":false,"touchDistance":0.333333,"touchZone":"none","type":3,"width":13.9319},{"bases":[[[0.830775,-0.506209,0.231441],[0.311078,0.767071,0.5611],[-0.461565,-0.394151,0.794734]],[[0.846017,-0.492488,0.204234],[0.507076,0.624912,-0.593599],[0.164712,0.605757,0.778414]],[[0.846017,-0.492488,0.204234],[-0.0836842,-0.50098,-0.861404],[0.526548,0.711671,-0.46505]],[[0.846017,-0.492488,0.204234],[-0.397885,-0.838187,-0.373003],[0.354886,0.234305,-0.905073]]],"btipPosition":[71.4949,295.662,16.1176],"carpPosition":[67.5222,309.456,57.6255],"dipPosition":[76.652,299.067,2.96523],"direction":[-0.526548,-0.711671,0.46505],"extended":false,"handId":149,"id":1494,"length":42.584,"mcpPosition":[90.2446,328.86,18.5015],"pipPosition":[85.3345,310.802,-4.70317],"stabilizedTipPosition":[66.9901,296.689,13.437],"timeVisible":4.14524,"tipPosition":[72.1667,297.622,14.049],"tipVelocity":[-2.40238,-37.3762,2.0112],"tool":false,"touchDistance":0.333333,"touchZone":"none","type":4,"width":12.3754}],"r":[[0.658158,0.749495,-0.0713137],[-0.215423,0.0967127,-0.97172],[-0.721402,0.654908,0.225111]],"s":0.933548,"t":[14.0799,13.4559,-5.57158],"timestamp":1132190045336},{"currentFrameRate":57.6294,"devices":[],"gestures":[],"hands":[{"armBasis":[[0.975184,0.163911,-0.148828],[-0.0486526,0.814448,0.578193],[0.215985,-0.556604,0.802211]],"armWidth":50.6308,"confidence":1,"direction":[0.211437,0.526382,-0.823539],"elbow":[102.924,166.277,259.441],"grabAngle":2.65478,"grabStrength":0,"id":149,"palmNormal":[0.036505,-0.846254,-0.531528],"palmPosition":[56.8781,325.594,19.3022],"palmVelocity":[9.60492,-70.2136,-3.32567],"palmWidth":77.2498,"pinchDistance":46.2183,"pinchStrength":0.483053,"r":[[0.65913,0.748563,-0.0721241],[-0.216521,0.0970538,-0.971442],[-0.720185,0.655923,0.22605]],"s":0.934212,"sphereCenter":[67.39,301.447,-12.3144],"sphereRadius":40.3433,"stabilizedPalmPosition":[50.8943,327.044,19.3692],"t":[14.2314,12.6354,-5.62249],"timeVisible":4.16265,"type":"right","wrist":[53.4144,293.866,75.5516]}],"id":116298,"interactionBox":{"center":[0,200,0],"size":[235.247,235.247,147.751]},"pointables":[{"bases":[[[0.401632,0.8265,0.394447],[-0.884892,0.23928,0.399639],[0.235919,-0.509551,0.827466]],[[0.310057,0.942856,0.122012],[-0.947405,0.295717,0.122375],[0.0793006,-0.153538,0.984956]],[[0.310057,0.942856,0.122012],[-0.937454,0.324566,-0.125845],[-0.158255,-0.0753619,0.984518]],[[0.310057,0.942856,0.122012],[-0.878145,0.3332,-0.343277],[-0.364316,-0.000708962,0.931275]]],"btipPosition":[37.8293,305.424,-35.4039],"carpPosition":[29.4528,296.736,53.0128],"dipPosition":[30.6411,305.41,-17.0291],"direction":[0.158255,0.0753619,-0.984518],"extended":false,"handId":149,"id":1490,"length":43.9376,"mcpPosition":[29.4528,296.736,53.0128],"pipPosition":[26.092,303.243,11.2707],"stabilizedTipPosition":[31.3634,305.663,-30.6019],"timeVisible":4.16265,"tipPosition":[37.8687,305.191,-30.805],"tipVelocity":[3.5757,-69.852,-1.47479],"tool":false,"touchDistance":0.229234,"touchZone":"hovering","type":0,"width":15.6066},{"bases":[[[0.998345,0.00722796,0.0570579],[-0.0295083,0.915916,0.400283],[-0.0493671,-0.401304,0.914614]],[[0.991769,-0.023089,0.125944],[-0.0144488,0.957144,0.289251],[-0.127225,-0.28869,0.948932]],[[0.991769,-0.023089,0.125944],[0.0180565,0.998998,0.0409547],[-0.126763,-0.0383435,0.991192]],[[0.991769,-0.023089,0.125944],[0.0334473,0.996172,-0.0807617],[-0.123597,0.0843093,0.988745]]],"btipPosition":[49.5105,350.092,-70.2255],"carpPosition":[37.4555,315.003,55.7118],"dipPosition":[47.7302,351.306,-55.9833],"direction":[0.126763,0.0383435,-0.991192],"extended":true,"handId":149,"id":1491,"length":49.5787,"mcpPosition":[40.539,340.068,-1.41501],"pipPosition":[45.1471,350.525,-35.7855],"stabilizedTipPosition":[43.7515,350.316,-67.7266],"timeVisible":4.16265,"tipPosition":[49.2067,350.028,-67.0144],"tipVelocity":[1.99956,-59.1241,-1.38882],"tool":false,"touchDistance":0.245655,"touchZone":"hovering","type":1,"width":14.9074},{"bases":[[[0.972801,-0.203304,0.111021],[0.138622,0.89492,0.424149],[-0.185586,-0.397223,0.898761]],[[0.982179,-0.179119,0.0569278],[0.16592,0.68405,-0.710314],[0.0882893,0.707101,0.701579]],[[0.982179,-0.179119,0.0569278],[-0.064524,-0.605832,-0.792972],[0.176525,0.775167,-0.606593]],[[0.982179,-0.179119,0.0569278],[-0.161109,-0.958358,-0.235783],[0.0967906,0.22241,-0.970137]]],"btipPosition":[49.4014,289.289,4.58969],"carpPosition":[47.7619,316.602,56.4229],"dipPosition":[50.9349,292.813,-10.7801],"direction":[-0.176525,-0.775167,0.606593],"extended":false,"handId":149,"id":1492,"length":56.491,"mcpPosition":[58.7546,340.131,3.18706],"pipPosition":[55.1669,311.397,-25.3225],"stabilizedTipPosition":[44.309,291.251,1.59213],"timeVisible":4.16265,"tipPosition":[49.4403,290.544,2.18654],"tipVelocity":[5.64638,-69.7644,8.99634],"tool":false,"touchDistance":0.333333,"touchZone":"none","type":2,"width":14.641},{"bases":[[[0.921651,-0.326423,0.209779],[0.201783,0.864989,0.459432],[-0.331426,-0.381106,0.863085]],[[0.939866,-0.302983,0.157647],[0.323668,0.642756,-0.694337],[0.109044,0.703609,0.702171]],[[0.939866,-0.302983,0.157647],[-0.0665207,-0.615121,-0.785621],[0.335002,0.727892,-0.598286]],[[0.939866,-0.302983,0.157647],[-0.268707,-0.940873,-0.206288],[0.210828,0.151522,-0.965708]]],"btipPosition":[60.4668,289.831,14.109],"carpPosition":[58.0936,315.453,57.2734],"dipPosition":[63.7877,292.217,-1.10274],"direction":[-0.335002,-0.727892,0.598286],"extended":false,"handId":149,"id":1493,"length":54.3176,"mcpPosition":[75.7191,335.72,11.3738],"pipPosition":[71.6116,309.217,-15.0755],"stabilizedTipPosition":[55.5629,291.669,11.2027],"timeVisible":4.16265,"tipPosition":[60.6031,291.026,11.7508],"tipVelocity":[5.48999,-70.827,5.96623],"tool":false,"touchDistance":0.333333,"touchZone":"none","type":3,"width":13.9319},{"bases":[[[0.831003,-0.506742,0.229447],[0.312598,0.766597,0.560902],[-0.460126,-0.394386,0.795452]],[[0.843789,-0.495287,0.206665],[0.509798,0.61938,-0.597055],[0.16771,0.609146,0.775122]],[[0.843789,-0.495287,0.206665],[-0.0853623,-0.504043,-0.85945],[0.529843,0.707553,-0.467585]],[[0.843789,-0.495287,0.206665],[-0.401572,-0.83815,-0.369113],[0.356033,0.228462,-0.906116]]],"btipPosition":[71.5009,294.476,16.1472],"carpPosition":[67.7594,308.207,57.5354],"dipPosition":[76.6747,297.796,2.97974],"direction":[-0.529843,-0.707553,0.467585],"extended":false,"handId":149,"id":1494,"length":42.584,"mcpPosition":[90.4109,327.622,18.3761],"pipPosition":[85.4114,309.463,-4.73045],"stabilizedTipPosition":[67.1137,296.658,13.4301],"timeVisible":4.16265,"tipPosition":[72.3136,296.382,13.9324],"tipVelocity":[0.562315,-69.2627,1.50365],"tool":false,"touchDistance":0.333333,"touchZone":"none","type":4,"width":12.3754}],"r":[[0.65913,0.748563,-0.0721241],[-0.216521,0.0970538,-0.971442],[-0.720185,0.655923,0.22605]],"s":0.934212,"t":[14.2314,12.6354,-5.62249],"timestamp":1132190062740},{"currentFrameRate":57.6389,"devices":[],"gestures":[],"hands":[{"armBasis":[[0.97582,0.15733,-0.151731],[-0.0426775,0.817968,0.573679],[0.214368,-0.553332,0.804904]],"armWidth":50.6308,"confidence":1,"direction":[0.20959,0.523516,-0.825835],"elbow":[102.868,165.596,260.122],"grabAngle":2.65689,"grabStrength":0,"id":149,"palmNormal":[0.0313034,-0.847754,-0.529466],"palmPosition":[57.083,323.982,19.2545],"palmVelocity":[11.8306,-93.0616,-2.75785],"palmWidth":77.2498,"pinchDistance":46.1742,"pinchStrength":0.479295,"r":[[0.660348,0.74733,-0.0737443],[-0.218186,0.0969679,-0.971078],[-0.718565,0.657339,0.227089]],"s":0.935013,"sphereCenter":[67.2909,299.785,-12.3201],"sphereRadius":40.3065,"stabilizedPalmPosition":[51.2,326.893,19.3635],"t":[14.4095,11.4193,-5.67183],"timeVisible":4.17996,"type":"right","wrist":[53.729,292.435,75.616]}],"id":116299,"interactionBox":{"center":[0,200,0],"size":[235.247,235.247,147.751]},"pointables":[{"bases":[[[0.406157,0.826157,0.390514],[-0.88231,0.243321,0.402894],[0.237833,-0.508193,0.827753]],[[0.313932,0.942012,0.118578],[-0.945839,0.299416,0.12545],[0.0826707,-0.151539,0.984988]],[[0.313932,0.942012,0.118578],[-0.936561,0.327753,-0.124223],[-0.155884,-0.0720581,0.985144]],[[0.313932,0.942012,0.118578],[-0.877378,0.335561,-0.342937],[-0.362841,0.00362106,0.931844]]],"btipPosition":[37.8453,303.728,-35.2867],"carpPosition":[29.7088,295.306,53.1606],"dipPosition":[30.6861,303.799,-16.9007],"direction":[0.155884,0.0720581,-0.985144],"extended":false,"handId":149,"id":1490,"length":43.9376,"mcpPosition":[29.7088,295.306,53.1606],"pipPosition":[26.2053,301.728,11.4172],"stabilizedTipPosition":[31.6039,305.567,-30.6246],"timeVisible":4.17996,"tipPosition":[37.7727,303.515,-30.7177],"tipVelocity":[1.30882,-96.7804,6.9176],"tool":false,"touchDistance":0.231231,"touchZone":"hovering","type":0,"width":15.6066},{"bases":[[[0.998605,0.00398848,0.052654],[-0.0246488,0.91705,0.398009],[-0.046699,-0.398751,0.915869]],[[0.992188,-0.0262621,0.121957],[-0.00978197,0.958203,0.285921],[-0.124368,-0.28488,0.950461]],[[0.992188,-0.0262621,0.121957],[0.0213844,0.998925,0.0411338],[-0.122906,-0.0382045,0.991683]],[[0.992188,-0.0262621,0.121957],[0.0360979,0.996209,-0.0791545],[-0.119416,0.0829385,0.989374]]],"btipPosition":[49.4311,348.36,-70.3136],"carpPosition":[37.7851,313.552,55.7765],"dipPosition":[47.711,349.555,-56.0623],"direction":[0.122906,0.0382045,-0.991683],"extended":true,"handId":149,"id":1491,"length":49.5787,"mcpPosition":[40.7019,338.458,-1.42865],"pipPosition":[45.2066,348.777,-35.8545],"stabilizedTipPosition":[44.0164,350.232,-67.6919],"timeVisible":4.17996,"tipPosition":[49.1141,348.22,-67.0911],"tipVelocity":[-3.78207,-100.236,-4.966],"tool":false,"touchDistance":0.244238,"touchZone":"hovering","type":1,"width":14.9074},{"bases":[[[0.972587,-0.206315,0.10728],[0.143513,0.895545,0.421192],[-0.182972,-0.39425,0.900605]],[[0.981809,-0.182302,0.0530829],[0.164676,0.678396,-0.716003],[0.0945179,0.711719,0.696076]],[[0.981809,-0.182302,0.0530829],[-0.0708366,-0.611065,-0.788404],[0.176165,0.770302,-0.612863]],[[0.981809,-0.182302,0.0530829],[-0.165871,-0.959552,-0.227478],[0.0924056,0.214535,-0.972335]]],"btipPosition":[49.4095,287.683,4.90461],"carpPosition":[48.0998,315.118,56.4382],"dipPosition":[50.8735,291.082,-10.5],"direction":[-0.176165,-0.770302,0.612863],"extended":false,"handId":149,"id":1492,"length":56.491,"mcpPosition":[58.9377,338.471,3.0932],"pipPosition":[55.0969,309.549,-25.1927],"stabilizedTipPosition":[44.537,291.134,1.58246],"timeVisible":4.17996,"tipPosition":[49.456,288.907,2.24974],"tipVelocity":[-0.454811,-94.416,17.722],"tool":false,"touchDistance":0.333333,"touchZone":"none","type":2,"width":14.641},{"bases":[[[0.921456,-0.329002,0.206583],[0.206727,0.865492,0.456275],[-0.328912,-0.377731,0.865527]],[[0.939521,-0.30576,0.154311],[0.322275,0.636737,-0.700503],[0.11593,0.707868,0.696766]],[[0.939521,-0.30576,0.154311],[-0.0733337,-0.619697,-0.781407],[0.334549,0.722832,-0.604641]],[[0.939521,-0.30576,0.154311],[-0.273523,-0.941008,-0.199219],[0.206121,0.144962,-0.967729]]],"btipPosition":[60.4961,288.195,14.3359],"carpPosition":[58.4312,313.936,57.2463],"dipPosition":[63.7429,290.479,-0.907671],"direction":[-0.334549,-0.722832,0.604641],"extended":false,"handId":149,"id":1493,"length":54.3176,"mcpPosition":[75.923,334.024,11.2169],"pipPosition":[71.5562,307.36,-15.0288],"stabilizedTipPosition":[55.805,291.543,11.1868],"timeVisible":4.17996,"tipPosition":[60.6654,289.373,11.765],"tipVelocity":[0.706656,-95.7964,12.6791],"tool":false,"touchDistance":0.333333,"touchZone":"none","type":3,"width":13.9319},{"bases":[[[0.830286,-0.508961,0.227122],[0.317654,0.76699,0.557514],[-0.457953,-0.39075,0.798495]],[[0.840047,-0.500344,0.209706],[0.513899,0.610007,-0.603157],[0.173864,0.614448,0.769561]],[[0.840047,-0.500344,0.209706],[-0.0902717,-0.510072,-0.855382],[0.53495,0.69963,-0.473651]],[[0.840047,-0.500344,0.209706],[-0.408739,-0.837881,-0.361784],[0.356725,0.218201,-0.90837]]],"btipPosition":[71.4303,292.87,16.2455],"carpPosition":[68.0735,306.658,57.4848],"dipPosition":[76.6141,296.041,3.04522],"direction":[-0.53495,-0.69963,0.473651],"extended":false,"handId":149,"id":1494,"length":42.584,"mcpPosition":[90.618,325.894,18.1758],"pipPosition":[85.4351,307.577,-4.765],"stabilizedTipPosition":[67.3499,296.527,13.4206],"timeVisible":4.17996,"tipPosition":[72.3988,294.69,13.8846],"tipVelocity":[-3.94231,-94.7261,5.23743],"tool":false,"touchDistance":0.333333,"touchZone":"none","type":4,"width":12.3754}],"r":[[0.660348,0.74733,-0.0737443],[-0.218186,0.0969679,-0.971078],[-0.718565,0