{"frames":55,"data":[{"currentFrameRate":57.6477,"devices":[],"gestures":[],"hands":[{"armBasis":[[0.928599,0.184283,-0.322094],[0.0243053,0.835909,0.54833],[0.370289,-0.517007,0.771745]],"armWidth":50.6308,"confidence":1,"direction":[-0.130237,0.52276,-0.842472],"elbow":[76.336,222.193,274.727],"grabAngle":2.69908,"grabStrength":0,"id":147,"palmNormal":[-0.0206488,-0.850955,-0.524832],"palmPosition":[-25.632,370.83,43.142],"palmVelocity":[0.399859,31.414,0.498286],"palmWidth":77.2498,"pinchDistance":42.8404,"pinchStrength":0.288369,"r":[[0.965892,0.180224,-0.185932],[-0.189345,0.981377,-0.032369],[0.176636,0.0664702,0.982029]],"s":1.02414,"sphereCenter":[-21.1051,347.576,9.42827],"sphereRadius":41.4678,"stabilizedPalmPosition":[-33.2455,372.833,46.2445],"t":[-57.7222,51.5681,-13.5465],"timeVisible":8.27318,"type":"right","wrist":[-8.54453,340.706,97.8217]}],"id":114624,"interactionBox":{"center":[0,200,0],"size":[235.247,235.247,147.751]},"pointables":[{"bases":[[[0.391939,0.88363,0.25609],[-0.737705,0.135535,0.661379],[0.549705,-0.448139,0.704979]],[[0.246424,0.966108,0.0768808],[-0.865281,0.183587,0.46646],[0.436536,-0.181471,0.881195]],[[0.246424,0.966108,0.0768808],[-0.943796,0.221188,0.24561],[0.220281,-0.133084,0.966315]],[[0.246424,0.966108,0.0768808],[-0.967843,0.241176,0.0715079],[0.0505425,-0.0920298,0.994473]]],"btipPosition":[-62.8025,353.092,-1.26072],"carpPosition":[-36.973,339.76,83.4824],"dipPosition":[-61.8052,351.276,18.361],"direction":[-0.220281,0.133084,-0.966315],"extended":false,"handId":147,"id":1470,"length":43.9376,"mcpPosition":[-36.973,339.76,83.4824],"pipPosition":[-55.4733,347.451,46.1377],"stabilizedTipPosition":[-65.6791,350.964,4.10886],"timeVisible":8.27318,"tipPosition":[-58.9484,353.608,3.29087],"tipVelocity":[8.45827,34.8868,-9.14466],"tool":false,"touchDistance":0.309009,"touchZone":"hovering","type":0,"width":15.6066},{"bases":[[[0.955328,0.138006,-0.261347],[-0.023314,0.916717,0.398856],[0.294625,-0.374945,0.878983]],[[0.982867,0.0939824,-0.158555],[-0.0457578,0.957722,0.284034],[0.178546,-0.271913,0.945613]],[[0.982867,0.0939824,-0.158555],[-0.0744172,0.989346,0.125123],[0.168625,-0.11118,0.97939]],[[0.982867,0.0939824,-0.158555],[-0.0929013,0.995574,0.0142338],[0.159191,0.000740083,0.987247]]],"btipPosition":[-61.6242,394.507,-39.6209],"carpPosition":[-31.0258,358.985,83.7086],"dipPosition":[-59.3312,394.518,-25.4003],"direction":[-0.168625,0.11118,-0.97939],"extended":true,"handId":147,"id":1471,"length":49.5787,"mcpPosition":[-49.4281,382.404,28.8073],"pipPosition":[-55.895,392.253,-5.443],"stabilizedTipPosition":[-64.1244,390.436,-36.6571],"timeVisible":8.27318,"tipPosition":[-59.8428,392.836,-36.6881],"tipVelocity":[5.15874,53.2828,5.2857],"tool":false,"touchDistance":0.333407,"touchZone":"hovering","type":1,"width":14.9074},{"bases":[[[0.976233,-0.0722331,-0.20433],[0.145005,0.918397,0.368131],[0.161065,-0.389011,0.907044]],[[0.976353,-0.0725222,-0.203656],[-0.118463,0.608543,-0.784628],[0.180837,0.7902,0.585562]],[[0.976353,-0.0725222,-0.203656],[-0.190936,-0.731077,-0.655034],[-0.101384,0.67843,-0.727636]],[[0.976353,-0.0725222,-0.203656],[-0.0835483,-0.995438,-0.0460642],[-0.199387,0.06199,-0.977958]]],"btipPosition":[-32.6267,335.609,36.5592],"carpPosition":[-21.3274,361.924,81.1428],"dipPosition":[-35.7856,336.591,21.0655],"direction":[0.101384,-0.67843,0.727636],"extended":false,"handId":147,"id":1472,"length":56.491,"mcpPosition":[-30.8676,384.966,27.4163],"pipPosition":[-38.2161,352.856,3.62131],"stabilizedTipPosition":[-40.4656,336.722,35.7609],"timeVisible":8.27318,"tipPosition":[-34.0619,335.753,33.1578],"tipVelocity":[10.2699,32.4579,-10.6387],"tool":false,"touchDistance":0.333333,"touchZone":"none","type":2,"width":14.641},{"bases":[[[0.975567,-0.197718,-0.0957902],[0.219443,0.89802,0.381319],[0.010628,-0.393023,0.919467]],[[0.975622,-0.203086,-0.0831784],[0.0555743,0.595286,-0.80159],[0.212307,0.777425,0.59206]],[[0.975622,-0.203086,-0.0831784],[-0.205231,-0.71004,-0.67359],[0.0777369,0.67424,-0.73441]],[[0.975622,-0.203086,-0.0831784],[-0.208255,-0.976295,-0.0589762],[-0.0692294,0.0748608,-0.994788]]],"btipPosition":[-20.484,336.839,40.2936],"carpPosition":[-11.1966,362.148,78.6717],"dipPosition":[-21.5745,338.018,24.6238],"direction":[-0.0777369,-0.67424,0.73441],"extended":false,"handId":147,"id":1473,"length":54.3176,"mcpPosition":[-11.7618,383.049,29.7736],"pipPosition":[-19.759,353.765,7.47196],"stabilizedTipPosition":[-28.1908,338.687,39.7137],"timeVisible":8.27318,"tipPosition":[-20.8011,337.673,37.979],"tipVelocity":[9.01838,34.0153,-8.99972],"tool":false,"touchDistance":0.333333,"touchZone":"none","type":3,"width":13.9319},{"bases":[[[0.920482,-0.38752,-0.0504074],[0.368579,0.818062,0.441503],[-0.129855,-0.424975,0.895843]],[[0.913387,-0.407006,-0.00837861],[0.263536,0.606855,-0.749851],[0.310278,0.682696,0.661554]],[[0.913387,-0.407006,-0.00837861],[-0.278516,-0.609759,-0.74204],[0.296906,0.680103,-0.670304]],[[0.913387,-0.407006,-0.00837861],[-0.403095,-0.901351,-0.15837],[0.0569056,0.148031,-0.987344]]],"btipPosition":[-9.64754,343.428,37.3659],"carpPosition":[-1.06797,356.224,75.7876],"dipPosition":[-8.8206,345.579,23.018],"direction":[-0.296906,-0.680103,0.670304],"extended":false,"handId":147,"id":1474,"length":42.584,"mcpPosition":[5.32464,377.145,31.6862],"pipPosition":[-3.92481,356.793,11.9651],"stabilizedTipPosition":[-16.7313,345.291,36.666],"timeVisible":8.27318,"tipPosition":[-9.15124,344.262,35.5164],"tipVelocity":[8.17299,36.4727,-6.28669],"tool":false,"touchDistance":0.333333,"touchZone":"none","type":4,"width":12.3754}],"r":[[0.965892,0.180224,-0.185932],[-0.189345,0.981377,-0.032369],[0.176636,0.0664702,0.982029]],"s":1.02414,"t":[-57.7222,51.5681,-13.5465],"timestamp":1132166934624},{"currentFrameRate":57.6465,"devices":[],"gestures":[],"hands":[{"armBasis":[[0.92878,0.187569,-0.319666],[0.02058,0.835057,0.549778],[0.370061,-0.517202,0.771724]],"armWidth":50.6308,"confidence":1,"direction":[-0.131704,0.5263,-0.840037],"elbow":[76.3907,222.518,274.498],"grabAngle":2.69892,"grabStrength":0,"id":147,"palmNormal":[-0.0172856,-0.848509,-0.528898],"palmPosition":[-25.5898,371.378,43.0347],"palmVelocity":[2.42931,31.5416,-6.18357],"palmWidth":77.2498,"pinchDistance":41.1867,"pinchStrength":0.290239,"r":[[0.965833,0.181144,-0.185348],[-0.189752,0.981384,-0.0296525],[0.176526,0.0638094,0.982225]],"s":1.02458,"sphereCenter":[-20.9424,348.343,9.22004],"sphereRadius":41.4599,"stabilizedPalmPosition":[-33.1123,372.807,46.1886],"t":[-57.6836,52.0465,-13.6003],"timeVisible":8.29053,"type":"right","wrist":[-8.43752,341.075,97.5979]}],"id":114625,"interactionBox":{"center":[0,200,0],"size":[235.247,235.247,147.751]},"pointables":[{"bases":[[[0.388593,0.883815,0.260513],[-0.738533,0.129695,0.661626],[0.550968,-0.4495,0.703125]],[[0.24253,0.966739,0.0812164],[-0.866422,0.178177,0.46644],[0.436455,-0.183493,0.880816]],[[0.24253,0.966739,0.0812164],[-0.945056,0.216513,0.244931],[0.2192,-0.136157,0.966133]],[[0.24253,0.966739,0.0812164],[-0.968917,0.237164,0.0703769],[0.0487745,-0.0957604,0.994209]]],"btipPosition":[-62.5986,353.654,-1.49627],"carpPosition":[-36.8386,340.074,83.2203],"dipPosition":[-61.6363,351.765,18.1203],"direction":[-0.2192,0.136157,-0.966133],"extended":false,"handId":147,"id":1470,"length":43.9376,"mcpPosition":[-36.8386,340.074,83.2203],"pipPosition":[-55.3354,347.851,45.8917],"stabilizedTipPosition":[-65.6042,351.015,4.08405],"timeVisible":8.29053,"tipPosition":[-58.8447,354.219,3.08373],"tipVelocity":[11.2847,31.3978,-13.6449],"tool":false,"touchDistance":0.305064,"touchZone":"hovering","type":0,"width":15.6066},{"bases":[[[0.954955,0.142721,-0.260177],[-0.0268512,0.914712,0.403214],[0.295535,-0.378065,0.87734]],[[0.982804,0.0978715,-0.156579],[-0.0488735,0.955611,0.29055],[0.178065,-0.277901,0.943962]],[[0.982804,0.0978715,-0.156579],[-0.0774324,0.988261,0.131701],[0.167631,-0.117312,0.978845]],[[0.982804,0.0978715,-0.156579],[-0.0957222,0.995182,0.0212274],[0.157902,-0.00587431,0.987437]]],"btipPosition":[-61.5603,395.474,-39.6173],"carpPosition":[-30.9614,359.319,83.5415],"dipPosition":[-59.2859,395.389,-25.3939],"direction":[-0.167631,0.117312,-0.978845],"extended":true,"handId":147,"id":1471,"length":49.5787,"mcpPosition":[-49.4205,382.933,28.7428],"pipPosition":[-55.87,392.998,-5.44771],"stabilizedTipPosition":[-63.9829,390.666,-36.6428],"timeVisible":8.29053,"tipPosition":[-59.852,393.658,-36.7038],"tipVelocity":[3.43532,54.4222,0.246594],"tool":false,"touchDistance":0.33334,"touchZone":"hovering","type":1,"width":14.9074},{"bases":[[[0.976594,-0.0677101,-0.204154],[0.141477,0.91715,0.372587],[0.162012,-0.392749,0.905263]],[[0.976814,-0.0682452,-0.20292],[-0.119655,0.611944,-0.781798],[0.17753,0.787951,0.58959]],[[0.976814,-0.0682452,-0.20292],[-0.187701,-0.728868,-0.658422],[-0.102968,0.681244,-0.724778]],[[0.976814,-0.0682452,-0.20292],[-0.0798896,-0.995562,-0.0497483],[-0.198625,0.064806,-0.977931]]],"btipPosition":[-32.4676,336.191,36.2842],"carpPosition":[-21.2724,362.306,80.9948],"dipPosition":[-35.6143,337.218,20.7909],"direction":[0.102968,-0.681244,0.724778],"extended":false,"handId":147,"id":1472,"length":56.491,"mcpPosition":[-30.8687,385.569,27.3739],"pipPosition":[-38.0829,353.55,3.4152],"stabilizedTipPosition":[-40.3367,336.717,35.707],"timeVisible":8.29053,"tipPosition":[-33.8858,336.318,32.8785],"tipVelocity":[9.33325,34.155,-15.8463],"tool":false,"touchDistance":0.333333,"touchZone":"none","type":2,"width":14.641},{"bases":[[[0.976329,-0.193713,-0.0962144],[0.215981,0.896981,0.385717],[0.0115841,-0.397367,0.917587]],[[0.976393,-0.19956,-0.0826543],[0.0549331,0.599495,-0.798491],[0.208897,0.775101,0.596305]],[[0.976393,-0.19956,-0.0826543],[-0.201947,-0.707626,-0.677113],[0.0766362,0.677821,-0.731222]],[[0.976393,-0.19956,-0.0826543],[-0.204985,-0.976715,-0.0633161],[-0.0680943,0.0787643,-0.994565]]],"btipPosition":[-20.3432,337.443,40.0143],"carpPosition":[-11.1413,362.578,78.5302],"dipPosition":[-21.4159,338.683,24.348],"direction":[-0.0766362,-0.677821,0.731222],"extended":false,"handId":147,"id":1473,"length":54.3176,"mcpPosition":[-11.7573,383.71,29.7322],"pipPosition":[-19.626,354.514,7.2706],"stabilizedTipPosition":[-28.0571,338.67,39.6556],"timeVisible":8.29053,"tipPosition":[-20.6357,338.262,37.7131],"tipVelocity":[8.34957,35.6085,-16.0514],"tool":false,"touchDistance":0.333333,"touchZone":"none","type":3,"width":13.9319},{"bases":[[[0.921911,-0.383929,-0.0517672],[0.365376,0.817278,0.445598],[-0.128769,-0.429715,0.893735]],[[0.914739,-0.403942,-0.00917987],[0.262525,0.611459,-0.746457],[0.307138,0.680403,0.66537]],[[0.914739,-0.403942,-0.00917987],[-0.275628,-0.607234,-0.745182],[0.295436,0.684177,-0.666798]],[[0.914739,-0.403942,-0.00917987],[-0.399946,-0.901994,-0.162636],[0.0574153,0.152441,-0.986643]]],"btipPosition":[-9.51223,344.079,37.1236],"carpPosition":[-0.989668,356.704,75.6233],"dipPosition":[-8.67789,346.294,22.7859],"direction":[-0.295436,-0.684177,0.666798],"extended":false,"handId":147,"id":1474,"length":42.584,"mcpPosition":[5.34952,377.859,31.6256],"pipPosition":[-3.80633,357.576,11.7908],"stabilizedTipPosition":[-16.5949,345.278,36.6137],"timeVisible":8.29053,"tipPosition":[-9.00916,344.906,35.289],"tipVelocity":[7.89643,38.3913,-13.8315],"tool":false,"touchDistance":0.333333,"touchZone":"none","type":4,"width":12.3754}],"r":[[0.965833,0.181144,-0.185348],[-0.189752,0.981384,-0.0296525],[0.176526,0.0638094,0.982225]],"s":1.02458,"t":[-57.6836,52.0465,-13.6003],"timestamp":1132166951975},{"currentFrameRate":57.6352,"devices":[],"gestures":[],"hands":[{"armBasis":[[0.929026,0.190908,-0.316961],[0.016844,0.83391,0.551643],[0.36963,-0.517829,0.771509]],"armWidth":50.6308,"confidence":1,"direction":[-0.129763,0.530079,-0.837961],"elbow":[76.323,222.871,274.175],"grabAngle":2.69988,"grabStrength":0,"id":147,"palmNormal":[-0.0139405,-0.845998,-0.533004],"palmPosition":[-25.438,372.083,42.8371],"palmVelocity":[8.73281,40.5505,-11.3639],"palmWidth":77.2498,"pinchDistance":42.6695,"pinchStrength":0.291098,"r":[[0.965847,0.182401,-0.184039],[-0.190409,0.981342,-0.0266718],[0.17574,0.0608037,0.982557]],"s":1.02462,"sphereCenter":[-20.5467,349.195,8.91401],"sphereRadius":41.4789,"stabilizedPalmPosition":[-32.9506,372.792,46.118],"t":[-57.5884,52.6383,-13.7261],"timeVisible":8.30791,"type":"right","wrist":[-8.40653,341.572,97.3238]}],"id":114626,"interactionBox":{"center":[0,200,0],"size":[235.247,235.247,147.751]},"pointables":[{"bases":[[[0.386103,0.88325,0.266072],[-0.741034,0.12521,0.65969],[0.549356,-0.451877,0.702862]],[[0.240187,0.966884,0.086289],[-0.868126,0.174176,0.464779],[0.434358,-0.186544,0.881212]],[[0.240187,0.966884,0.086289],[-0.946398,0.213464,0.242414],[0.215966,-0.139888,0.966328]],[[0.240187,0.966884,0.086289],[-0.969672,0.234833,0.0677535],[0.0452463,-0.0999455,0.993964]]],"btipPosition":[-62.2771,354.466,-1.90049],"carpPosition":[-36.7684,340.567,82.8337],"dipPosition":[-61.3843,352.494,17.7112],"direction":[-0.215966,0.139888,-0.966328],"extended":false,"handId":147,"id":1470,"length":43.9376,"mcpPosition":[-36.7684,340.567,82.8337],"pipPosition":[-55.1764,348.473,45.4882],"stabilizedTipPosition":[-65.5138,351.092,4.04635],"timeVisible":8.30791,"tipPosition":[-58.5343,355.053,2.69],"tipVelocity":[17.5743,45.6196,-23.3113],"tool":false,"touchDistance":0.298308,"touchZone":"hovering","type":0,"width":15.6066},{"bases":[[[0.955585,0.145668,-0.2562],[-0.0298832,0.912722,0.407486],[0.293197,-0.381732,0.876536]],[[0.983404,0.0998326,-0.151495],[-0.0514677,0.9542,0.294708],[0.173978,-0.28202,0.943502]],[[0.983404,0.0998326,-0.151495],[-0.0798313,0.987921,0.132812],[0.162924,-0.118514,0.979495]],[[0.983404,0.0998326,-0.151495],[-0.0975213,0.994976,0.0226293],[0.152993,-0.00747974,0.988199]]],"btipPosition":[-61.0653,396.401,-39.8491],"carpPosition":[-30.927,359.821,83.267],"dipPosition":[-58.8616,396.293,-25.6147],"direction":[-0.162924,0.118514,-0.979495],"extended":true,"handId":147,"id":1471,"length":49.5787,"mcpPosition":[-49.2401,383.664,28.5185],"pipPosition":[-55.5416,393.878,-5.6553],"stabilizedTipPosition":[-63.8041,390.964,-36.6393],"timeVisible":8.30791,"tipPosition":[-59.4762,394.7,-36.9085],"tipVelocity":[27.532,53.0422,-13.1857],"tool":false,"touchDistance":0.333143,"touchZone":"hovering","type":1,"width":14.9074},{"bases":[[[0.977411,-0.0649905,-0.201109],[0.138544,0.915607,0.377452],[0.159606,-0.396788,0.903928]],[[0.977959,-0.0663688,-0.197967],[-0.116073,0.615316,-0.779688],[0.173559,0.785482,0.59405]],[[0.977959,-0.0663688,-0.197967],[-0.183326,-0.726746,-0.661991],[-0.099936,0.683693,-0.722895]],[[0.977959,-0.0663688,-0.197967],[-0.0784017,-0.995482,-0.0535682],[-0.193517,0.0679085,-0.978744]]],"btipPosition":[-32.2796,336.954,35.923],"carpPosition":[-21.2347,362.837,80.7681],"dipPosition":[-35.3455,338.03,20.4168],"direction":[0.099936,-0.683693,0.722895],"extended":false,"handId":147,"id":1472,"length":56.491,"mcpPosition":[-30.6886,386.34,27.2262],"pipPosition":[-37.7414,354.421,3.08626],"stabilizedTipPosition":[-40.1836,336.727,35.6373],"timeVisible":8.30791,"tipPosition":[-33.6332,337.058,32.4844],"tipVelocity":[11.8776,44.5278,-20.9441],"tool":false,"touchDistance":0.333333,"touchZone":"none","type":2,"width":14.641},{"bases":[[[0.977001,-0.191509,-0.0937746],[0.213039,0.895508,0.390742],[0.00914541,-0.401733,0.915711]],[[0.977012,-0.198478,-0.0778087],[0.0592049,0.603239,-0.79536],[0.204799,0.772469,0.601123]],[[0.977012,-0.198478,-0.0778087],[-0.197486,-0.705161,-0.68099],[0.0802939,0.680701,-0.728147]],[[0.977012,-0.198478,-0.0778087],[-0.203821,-0.976642,-0.0680299],[-0.0624887,0.082325,-0.994645]]],"btipPosition":[-20.1873,338.212,39.6715],"carpPosition":[-11.0957,363.139,78.3397],"dipPosition":[-21.1716,339.508,24.004],"direction":[-0.0802939,-0.680701,0.728147],"extended":false,"handId":147,"id":1473,"length":54.3176,"mcpPosition":[-11.582,384.503,29.6414],"pipPosition":[-19.2964,355.406,6.99838],"stabilizedTipPosition":[-27.8967,338.667,39.5803],"timeVisible":8.30791,"tipPosition":[-20.406,338.999,37.3684],"tipVelocity":[10.1362,44.97,-19.7302],"tool":false,"touchDistance":0.333333,"touchZone":"none","type":3,"width":13.9319},{"bases":[[[0.922773,-0.382032,-0.0504248],[0.36237,0.815786,0.450755],[-0.131067,-0.434217,0.891222]],[[0.915156,-0.403052,-0.00625775],[0.266056,0.615615,-0.741777],[0.302827,0.677176,0.670618]],[[0.915156,-0.403052,-0.00625775],[-0.271024,-0.603737,-0.749698],[0.29839,0.687787,-0.66175]],[[0.915156,-0.403052,-0.00625775],[-0.398222,-0.901562,-0.169129],[0.0625259,0.157271,-0.985574]]],"btipPosition":[-9.32753,344.86,36.8086],"carpPosition":[-0.923606,357.298,75.4398],"dipPosition":[-8.41892,347.146,22.4864],"direction":[-0.29839,-0.687787,0.66175],"extended":false,"handId":147,"id":1474,"length":42.584,"mcpPosition":[5.52868,378.674,31.5658],"pipPosition":[-3.49866,358.487,11.5746],"stabilizedTipPosition":[-16.427,345.281,36.5441],"timeVisible":8.30791,"tipPosition":[-8.78439,345.677,35.0166],"tipVelocity":[11.6048,45.8604,-17.9114],"tool":false,"touchDistance":0.333333,"touchZone":"none","type":4,"width":12.3754}],"r":[[0.965847,0.182401,-0.184039],[-0.190409,0.981342,-0.0266718],[0.17574,0.0608037,0.982557]],"s":1.02462,"t":[-57.5884,52.6383,-13.7261],"timestamp":1132166969363},{"currentFrameRate":57.6574,"devices":[],"gestures":[],"hands":[{"armBasis":[[0.92954,0.191669,-0.314988],[0.0150035,0.833906,0.551703],[0.368415,-0.517556,0.772274]],"armWidth":50.6308,"confidence":1,"direction":[-0.129361,0.529775,-0.838215],"elbow":[76.2959,223.49,274.016],"grabAngle":2.7,"grabStrength":0,"id":147,"palmNormal":[-0.0120826,-0.846097,-0.532892],"palmPosition":[-25.1465,372.611,42.4743],"palmVelocity":[16.8787,30.5626,-21.0127],"palmWidth":77.2498,"pinchDistance":41.9278,"pinchStrength":0.295429,"r":[[0.965856,0.183658,-0.182737],[-0.191196,0.981249,-0.0243688],[0.174835,0.0584753,0.98286]],"s":1.02431,"sphereCenter":[-20.1996,349.734,8.57536],"sphereRadius":41.4464,"stabilizedPalmPosition":[-32.7944,372.788,46.0451],"t":[-57.3951,53.198,-13.9704],"timeVisible":8.32518,"type":"right","wrist":[-8.15497,342.128,96.9892]}],"id":114627,"interactionBox":{"center":[0,200,0],"size":[235.247,235.247,147.751]},"pointables":[{"bases":[[[0.384551,0.883812,0.266451],[-0.742084,0.124306,0.65868],[0.549028,-0.451025,0.703665]],[[0.237677,0.967603,0.0851674],[-0.869383,0.172804,0.462938],[0.433223,-0.184073,0.88229]],[[0.237677,0.967603,0.0851674],[-0.947689,0.211764,0.238835],[0.213062,-0.137478,0.967318]],[[0.237677,0.967603,0.0851674],[-0.970509,0.232923,0.0621214],[0.0402714,-0.0974206,0.994428]]],"btipPosition":[-61.7665,354.761,-2.35702],"carpPosition":[-36.4877,341.086,82.4604],"dipPosition":[-60.9719,352.839,17.2639],"direction":[-0.213062,0.137478,-0.967318],"extended":false,"handId":147,"id":1470,"length":43.9376,"mcpPosition":[-36.4877,341.086,82.4604],"pipPosition":[-54.8475,348.887,45.0693],"stabilizedTipPosition":[-65.4291,351.161,4.0056],"timeVisible":8.32518,"tipPosition":[-58.2131,355.514,2.28378],"tipVelocity":[28.2543,17.7298,-26.3124],"tool":false,"touchDistance":0.290734,"touchZone":"hovering","type":0,"width":15.6066},{"bases":[[[0.955728,0.146923,-0.254946],[-0.0316637,0.912743,0.407306],[0.292543,-0.381201,0.876986]],[[0.983503,0.101065,-0.150023],[-0.0531447,0.9542,0.294411],[0.172907,-0.281582,0.94383]],[[0.983503,0.101065,-0.150023],[-0.0815254,0.988007,0.131131],[0.161476,-0.116737,0.979948]],[[0.983503,0.101065,-0.150023],[-0.0989761,0.994861,0.0213471],[0.151409,-0.00614623,0.988452]]],"btipPosition":[-60.6792,396.823,-40.2703],"carpPosition":[-30.6729,360.347,82.8986],"dipPosition":[-58.4983,396.735,-26.0323],"direction":[-0.161476,0.116737,-0.979948],"extended":true,"handId":147,"id":1471,"length":49.5787,"mcpPosition":[-48.9451,384.157,28.1221],"pipPosition":[-55.2078,394.356,-6.06361],"stabilizedTipPosition":[-63.6535,391.206,-36.6541],"timeVisible":8.32518,"tipPosition":[-59.1119,395.174,-37.3192],"tipVelocity":[22.0531,24.6989,-24.3397],"tool":false,"touchDistance":0.332974,"touchZone":"hovering","type":1,"width":14.9074},{"bases":[[[0.977765,-0.0636968,-0.199794],[0.1368,0.915851,0.377496],[0.158936,-0.396434,0.904201]],[[0.978446,-0.0654169,-0.195867],[-0.11489,0.615696,-0.779563],[0.171591,0.785263,0.59491]],[[0.978446,-0.0654169,-0.195867],[-0.181235,-0.726665,-0.662655],[-0.098981,0.68387,-0.722859]],[[0.978446,-0.0654169,-0.195867],[-0.077418,-0.995522,-0.0542478],[-0.191441,0.0682422,-0.979129]]],"btipPosition":[-31.9624,337.472,35.5212],"carpPosition":[-20.9814,363.376,80.4122],"dipPosition":[-34.9954,338.553,20.0089],"direction":[0.098981,-0.68387,0.722859],"extended":false,"handId":147,"id":1472,"length":56.491,"mcpPosition":[-30.3955,386.858,26.8541],"pipPosition":[-37.3684,354.948,2.67924],"stabilizedTipPosition":[-40.0377,336.747,35.5658],"timeVisible":8.32518,"tipPosition":[-33.2786,337.573,32.1154],"tipVelocity":[18.8067,30.0457,-23.3458],"tool":false,"touchDistance":0.333333,"touchZone":"none","type":2,"width":14.641},{"bases":[[[0.977384,-0.190199,-0.0924403],[0.211304,0.895855,0.390888],[0.00846641,-0.401581,0.915784]],[[0.977372,-0.197621,-0.0754246],[0.0606921,0.603581,-0.794988],[0.202631,0.772422,0.601918]],[[0.977372,-0.197621,-0.0754246],[-0.19523,-0.705542,-0.681246],[0.0814134,0.680556,-0.728159]],[[0.977372,-0.197621,-0.0754246],[-0.202774,-0.976852,-0.0681362],[-0.0602136,0.0818886,-0.994821]]],"btipPosition":[-19.8754,338.768,39.2983],"carpPosition":[-10.8395,363.691,77.9973],"dipPosition":[-20.8239,340.058,23.6281],"direction":[-0.0814134,-0.680556,0.728159],"extended":false,"handId":147,"id":1473,"length":54.3176,"mcpPosition":[-11.2898,385.048,29.2951],"pipPosition":[-18.9225,355.952,6.62216],"stabilizedTipPosition":[-27.7374,338.675,39.501],"timeVisible":8.32518,"tipPosition":[-20.0625,339.532,37.0138],"tipVelocity":[18.5387,32.1389,-21.6455],"tool":false,"touchDistance":0.333333,"touchZone":"none","type":3,"width":13.9319},{"bases":[[[0.923356,-0.380789,-0.0491338],[0.360663,0.816345,0.451114],[-0.131669,-0.434259,0.891113]],[[0.915457,-0.4024,-0.00371142],[0.267693,0.615835,-0.741005],[0.300466,0.677364,0.671489]],[[0.915457,-0.4024,-0.00371142],[-0.268781,-0.60456,-0.749843],[0.299493,0.687446,-0.661606]],[[0.915457,-0.4024,-0.00371142],[-0.397173,-0.902006,-0.169227],[0.0647493,0.156394,-0.98557]]],"btipPosition":[-9.01007,345.441,36.4576],"carpPosition":[-0.655678,357.864,75.1119],"dipPosition":[-8.06914,347.714,22.1355],"direction":[-0.299493,-0.687446,0.661606],"extended":false,"handId":147,"id":1474,"length":42.584,"mcpPosition":[5.82625,379.242,31.2433],"pipPosition":[-3.13069,359.049,11.226],"stabilizedTipPosition":[-16.2565,345.296,36.4686],"timeVisible":8.32518,"tipPosition":[-8.44755,346.225,34.6764],"tipVelocity":[18.8128,33.4606,-20.3211],"tool":false,"touchDistance":0.333333,"touchZone":"none","type":4,"width":12.3754}],"r":[[0.965856,0.183658,-0.182737],[-0.191196,0.981249,-0.0243688],[0.174835,0.0584753,0.98286]],"s":1.02431,"t":[-57.3951,53.198,-13.9704],"timestamp":1132166986633},{"currentFrameRate":57.5925,"devices":[],"gestures":[],"hands":[{"armBasis":[[0.929922,0.194062,-0.312387],[0.0115523,0.833603,0.552243],[0.367576,-0.517152,0.772944]],"armWidth":50.6308,"confidence":1,"direction":[-0.128713,0.525671,-0.840894],"elbow":[76.4649,223.954,273.906],"grabAngle":2.69823,"grabStrength":0,"id":147,"palmNormal":[-0.00799464,-0.84847,-0.529183],"palmPosition":[-24.7276,372.727,42.0549],"palmVelocity":[23.8254,6.61028,-23.8529],"palmWidth":77.2498,"pinchDistance":42.1042,"pinchStrength":0.298692,"r":[[0.965845,0.185104,-0.181329],[-0.192425,0.98103,-0.0234976],[0.173539,0.0575873,0.983142]],"s":1.02404,"sphereCenter":[-19.6216,349.779,8.27185],"sphereRadius":41.4403,"stabilizedPalmPosition":[-32.6683,372.787,45.9827],"t":[-57.089,53.536,-14.3022],"timeVisible":8.34276,"type":"right","wrist":[-7.79375,342.5,96.7261]}],"id":114628,"interactionBox":{"center":[0,200,0],"size":[235.247,235.247,147.751]},"pointables":[{"bases":[[[0.381072,0.886173,0.263594],[-0.744266,0.124891,0.656102],[0.5485,-0.446206,0.707141]],[[0.233696,0.968959,0.0806558],[-0.870878,0.171706,0.46053],[0.432386,-0.177866,0.883972]],[[0.233696,0.968959,0.0806558],[-0.949439,0.209527,0.233804],[0.209647,-0.131217,0.968933]],[[0.233696,0.968959,0.0806558],[-0.971717,0.229854,0.0541498],[0.0339298,-0.0910292,0.99527]]],"btipPosition":[-61.1003,354.449,-2.80291],"carpPosition":[-36.0802,341.343,82.1489],"dipPosition":[-60.4308,352.653,16.8346],"direction":[-0.209647,0.131217,-0.968933],"extended":false,"handId":147,"id":1470,"length":43.9376,"mcpPosition":[-36.0802,341.343,82.1489],"pipPosition":[-54.4045,348.881,44.6864],"stabilizedTipPosition":[-65.3337,351.223,3.95679],"timeVisible":8.34276,"tipPosition":[-57.6571,355.339,1.84935],"tipVelocity":[36.2628,-16.0818,-25.1478],"tool":false,"touchDistance":0.283366,"touchZone":"hovering","type":0,"width":15.6066},{"bases":[[[0.955961,0.14878,-0.252989],[-0.0356147,0.914425,0.403185],[0.291325,-0.376419,0.879453]],[[0.983778,0.103057,-0.146834],[-0.0563374,0.954593,0.292537],[0.170314,-0.279519,0.944914]],[[0.983778,0.103057,-0.146834],[-0.0839129,0.987812,0.131098],[0.158555,-0.11665,0.980435]],[[0.983778,0.103057,-0.146834],[-0.100843,0.994649,0.0224632],[0.148363,-0.0072916,0.988906]]],"btipPosition":[-60.0595,396.742,-40.8609],"carpPosition":[-30.3265,360.624,82.5179],"dipPosition":[-57.9224,396.637,-26.6164],"direction":[-0.158555,0.11665,-0.980435],"extended":true,"handId":147,"id":1471,"length":49.5787,"mcpPosition":[-48.5227,384.136,27.5872],"pipPosition":[-54.6915,394.26,-6.63775],"stabilizedTipPosition":[-63.5227,391.383,-36.6839],"timeVisible":8.34276,"tipPosition":[-58.5624,394.865,-37.9235],"tipVelocity":[34.68,-4.8485,-33.5123],"tool":false,"touchDistance":0.332824,"touchZone":"hovering","type":1,"width":14.9074},{"bases":[[[0.978502,-0.0615257,-0.196847],[0.132919,0.917927,0.373821],[0.157692,-0.391949,0.906371]],[[0.979133,-0.0631151,-0.193169],[-0.11472,0.612938,-0.781758],[0.167741,0.787606,0.592908]],[[0.979133,-0.0631151,-0.193169],[-0.177346,-0.729518,-0.66057],[-0.0992284,0.681044,-0.725488]],[[0.979133,-0.0631151,-0.193169],[-0.0741809,-0.995961,-0.0505926],[-0.189196,0.0638664,-0.97986]]],"btipPosition":[-31.4183,337.545,35.1809],"carpPosition":[-20.6377,363.673,80.0445],"dipPosition":[-34.4157,338.556,19.657],"direction":[0.0992284,-0.681044,0.725488],"extended":false,"handId":147,"id":1472,"length":56.491,"mcpPosition":[-29.9782,386.889,26.3578],"pipPosition":[-36.7946,354.884,2.26432],"stabilizedTipPosition":[-39.8908,336.766,35.4926],"timeVisible":8.34276,"tipPosition":[-32.7201,337.62,31.8279],"tipVelocity":[31.4193,3.22781,-19.5094],"tool":false,"touchDistance":0.333333,"touchZone":"none","type":2,"width":14.641},{"bases":[[[0.978219,-0.187555,-0.0889381],[0.207448,0.898224,0.387504],[0.0072081,-0.397514,0.917568]],[[0.978177,-0.195155,-0.0712972],[0.0618736,0.601193,-0.796705],[0.198345,0.774907,0.600149]],[[0.978177,-0.195155,-0.0712972],[-0.190895,-0.708686,-0.679207],[0.0820236,0.677996,-0.730475]],[[0.978177,-0.195155,-0.0712972],[-0.199787,-0.977689,-0.0648768],[-0.0570454,0.0777052,-0.995343]]],"btipPosition":[-19.3619,338.902,38.991],"carpPosition":[-10.4903,364.009,77.6559],"dipPosition":[-20.2605,340.126,23.3125],"direction":[-0.0820236,-0.677996,0.730475],"extended":false,"handId":147,"id":1473,"length":54.3176,"mcpPosition":[-10.8736,385.149,28.8588],"pipPosition":[-18.3449,355.96,6.25249],"stabilizedTipPosition":[-27.5774,338.685,39.4204],"timeVisible":8.34276,"tipPosition":[-19.5261,339.639,36.7492],"tipVelocity":[29.8606,6.71967,-17.5909],"tool":false,"touchDistance":0.333333,"touchZone":"none","type":3,"width":13.9319},{"bases":[[[0.924666,-0.378119,-0.044938],[0.356888,0.819446,0.448486],[-0.132757,-0.430738,0.892659]],[[0.916141,-0.400842,0.00336355],[0.270816,0.612731,-0.742441],[0.295541,0.681092,0.669903]],[[0.916141,-0.400842,0.00336355],[-0.263663,-0.60889,-0.748155],[0.30194,0.684528,-0.663516]],[[0.916141,-0.400842,0.00336355],[-0.394739,-0.903589,-0.16646],[0.0697634,0.151173,-0.986043]]],"btipPosition":[-8.54778,345.617,36.1792],"carpPosition":[-0.280552,358.2,74.8239],"dipPosition":[-7.53399,347.814,21.8502],"direction":[-0.30194,-0.684528,0.663516],"extended":false,"handId":147,"id":1474,"length":42.584,"mcpPosition":[6.25494,379.405,30.8792],"pipPosition":[-2.55519,359.102,10.9093],"stabilizedTipPosition":[-16.0893,345.313,36.3931],"timeVisible":8.34276,"tipPosition":[-7.92713,346.358,34.4128],"tipVelocity":[27.2509,9.02658,-15.9284],"tool":false,"touchDistance":0.333333,"touchZone":"none","type":4,"width":12.3754}],"r":[[0.965845,0.185104,-0.181329],[-0.192425,0.98103,-0.0234976],[0.173539,0.0575873,0.983142]],"s":1.02404,"t":[-57.089,53.536,-14.3022],"timestamp":1132167004212},{"currentFrameRate":57.6484,"devices":[],"gestures":[],"hands":[{"armBasis":[[0.930204,0.191364,-0.31321],[0.0131762,0.835373,0.549526],[0.366807,-0.515298,0.774546]],"armWidth":50.6308,"confidence":1,"direction":[-0.122873,0.519725,-0.845452],"elbow":[76.5841,223.827,273.871],"grabAngle":2.69767,"grabStrength":0,"id":147,"palmNormal":[-0.00924253,-0.852469,-0.522695],"palmPosition":[-24.1143,371.85,41.3796],"palmVelocity":[35.7422,-51.0624,-39.3512],"palmWidth":77.2498,"pinchDistance":48.2947,"pinchStrength":0.302162,"r":[[0.966145,0.185181,-0.179641],[-0.192574,0.980977,-0.0244736],[0.171692,0.0582394,0.983428]],"s":1.02371,"sphereCenter":[-19.1675,348.728,7.85501],"sphereRadius":41.3468,"stabilizedPalmPosition":[-32.499,372.769,45.8916],"t":[-56.6293,53.2669,-14.8057],"timeVisible":8.35992,"type":"right","wrist":[-7.49823,341.947,96.3232]}],"id":114629,"interactionBox":{"center":[0,200,0],"size":[235.247,235.247,147.751]},"pointables":[{"bases":[[[0.383621,0.886587,0.258455],[-0.746574,0.133007,0.651871],[0.543564,-0.443028,0.712927]],[[0.235473,0.969216,0.0719248],[-0.871891,0.177972,0.456214],[0.42937,-0.170137,0.886958]],[[0.235473,0.969216,0.0719248],[-0.95015,0.214014,0.226746],[0.204373,-0.121732,0.971295]],[[0.235473,0.969216,0.0719248],[-0.971553,0.232826,0.0433203],[0.0252408,-0.0800795,0.996469]]],"btipPosition":[-60.3405,353.113,-3.50693],"carpPosition":[-35.7713,340.823,81.6629],"dipPosition":[-59.8425,351.533,16.1542],"direction":[-0.204373,0.121732,-0.971295],"extended":false,"handId":147,"id":1470,"length":43.9376,"mcpPosition":[-35.7713,340.823,81.6629],"pipPosition":[-53.9678,348.034,44.074],"stabilizedTipPosition":[-65.1676,351.272,3.86114],"timeVisible":8.35992,"tipPosition":[-56.9958,354.266,1.16266],"tipVelocity":[41.9754,-74.9761,-40.7074],"tool":false,"touchDistance":0.271723,"touchZone":"hovering","type":0,"width":15.6066},{"bases":[[[0.957661,0.142873,-0.249947],[-0.0335449,0.917635,0.396007],[0.285939,-0.370856,0.883575]],[[0.985086,0.0972618,-0.141932],[-0.0535119,0.957175,0.284521],[0.163527,-0.272683,0.948105]],[[0.985086,0.0972618,-0.141932],[-0.0791825,0.988621,0.127902],[0.152757,-0.114756,0.981578]],[[0.985086,0.0972618,-0.141932],[-0.095175,0.99523,0.0214347],[0.14334,-0.00760659,0.989644]]],"btipPosition":[-58.8991,395.571,-41.8764],"carpPosition":[-29.9389,360.083,81.9093],"dipPosition":[-56.8344,395.461,-27.6213],"direction":[-0.152757,0.114756,-0.981578],"extended":true,"handId":147,"id":1471,"length":49.5787,"mcpPosition":[-47.7986,383.246,26.7212],"pipPosition":[-53.7216,393.123,-7.61936],"stabilizedTipPosition":[-63.3078,391.558,-36.7645],"timeVisible":8.35992,"tipPosition":[-57.5211,393.54,-38.9091],"tipVelocity":[66.6491,-68.298,-59.0345],"tool":false,"touchDistance":0.332464,"touchZone":"hovering","type":1,"width":14.9074},{"bases":[[[0.97908,-0.0670861,-0.192098],[0.135128,0.920214,0.367352],[0.152127,-0.385625,0.910028]],[[0.980269,-0.070177,-0.184792],[-0.105087,0.606782,-0.787891],[0.16742,0.791764,0.587435]],[[0.980269,-0.070177,-0.184792],[-0.176122,-0.734522,-0.655331],[-0.0897448,0.674946,-0.732389]],[[0.980269,-0.070177,-0.184792],[-0.0792932,-0.995949,-0.0424039],[-0.181068,0.05622,-0.981862]]],"btipPosition":[-31.0208,336.667,34.7943],"carpPosition":[-20.2268,363.072,79.4549],"dipPosition":[-33.8894,337.558,19.2387],"direction":[0.0897448,-0.674946,0.732389],"extended":false,"handId":147,"id":1472,"length":56.491,"mcpPosition":[-29.2376,385.913,25.5517],"pipPosition":[-36.0409,353.739,1.68059],"stabilizedTipPosition":[-39.6965,336.768,35.3914],"timeVisible":8.35992,"tipPosition":[-32.2053,336.7,31.3861],"tipVelocity":[24.8885,-52.7469,-22.9519],"tool":false,"touchDistance":0.333333,"touchZone":"none","type":2,"width":14.641},{"bases":[[[0.977804,-0.19228,-0.0832281],[0.209514,0.900307,0.381511],[0.00157386,-0.390481,0.92061]],[[0.977551,-0.201762,-0.0607133],[0.0726282,0.593163,-0.8018],[0.197786,0.779391,0.5945]],[[0.977551,-0.201762,-0.0607133],[-0.189309,-0.714555,-0.673478],[0.0924993,0.669853,-0.736709]],[[0.977551,-0.201762,-0.0607133],[-0.205171,-0.977101,-0.0563822],[-0.0479472,0.067573,-0.996562]]],"btipPosition":[-19.0067,338.047,38.659],"carpPosition":[-10.0678,363.348,77.1081],"dipPosition":[-19.762,339.111,22.9613],"direction":[-0.0924993,-0.669853,0.736709],"extended":false,"handId":147,"id":1473,"length":54.3176,"mcpPosition":[-10.1515,384.114,28.1493],"pipPosition":[-17.6017,354.756,5.75573],"stabilizedTipPosition":[-27.3688,338.675,39.3118],"timeVisible":8.35992,"tipPosition":[-19.0293,338.698,36.3383],"tipVelocity":[22.6199,-51.9383,-19.6018],"tool":false,"touchDistance":0.333333,"touchZone":"none","type":3,"width":13.9319},{"bases":[[[0.923266,-0.382278,-0.038003],[0.358358,0.821382,0.443747],[-0.138419,-0.423315,0.895346]],[[0.912175,-0.409266,0.0209093],[0.286416,0.600211,-0.746801],[0.293091,0.687203,0.664718]],[[0.912175,-0.409266,0.0209093],[-0.259634,-0.616643,-0.743197],[0.317059,0.672497,-0.668746]],[[0.912175,-0.409266,0.0209093],[-0.401127,-0.90215,-0.158817],[0.0838617,0.136481,-0.987087]]],"btipPosition":[-8.23982,344.756,35.8443],"carpPosition":[0.12979,357.475,74.3653],"dipPosition":[-7.02116,346.74,21.5002],"direction":[-0.317059,-0.672497,0.668746],"extended":false,"handId":147,"id":1474,"length":42.584,"mcpPosition":[6.94403,378.314,30.2884],"pipPosition":[-1.79305,357.829,10.473],"stabilizedTipPosition":[-15.8751,345.311,36.2917],"timeVisible":8.35992,"tipPosition":[-7.39931,345.353,33.9917],"tipVelocity":[20.691,-53.0292,-19.7169],"tool":false,"touchDistance":0.333333,"touchZone":"none","type":4,"width":12.3754}],"r":[[0.966145,0.185181,-0.179641],[-0.192574,0.980977,-0.0244736],[0.171692,0.0582394,0.983428]],"s":1.02371,"t":[-56.6293,53.2669,-14.8057],"timestamp":1132167021373},{"currentFrameRate":57.6336,"devices":[],"gestures":[],"hands":[{"armBasis":[[0.93053,0.180992,-0.318364],[0.0222631,0.83977,0.542486],[0.365538,-0.511887,0.777402]],"armWidth":50.6308,"confidence":1,"direction":[-0.11637,0.519057,-0.846781],"elbow":[76.4166,222.542,273.821],"grabAngle":2.69984,"grabStrength":0,"id":147,"palmNormal":[-0.019236,-0.853591,-0.520588],"palmPosition":[-23.6631,369.793,40.5773],"palmVelocity":[25.9272,-118.234,-46.1117],"palmWidth":77.2498,"pinchDistance":48.3203,"pinchStrength":0.307039,"r":[[0.966836,0.182848,-0.17831],[-0.190348,0.981379,-0.0257545],[0.170281,0.0588413,0.983637]],"s":1.02296,"sphereCenter":[-19.0742,346.557,7.16922],"sphereRadius":41.2628,"stabilizedPalmPosition":[-32.0883,372.631,45.6446],"t":[-56.1738,52.1037,-15.4587],"timeVisible":8.37732,"type":"right","wrist":[-7.37496,339.881,95.6189]}],"id":114630,"interactionBox":{"center":[0,200,0],"size":[235.247,235.247,147.751]},"pointables":[{"bases":[[[0.394086,0.882583,0.256405],[-0.745159,0.143523,0.65126],[0.537991,-0.447715,0.714225]],[[0.245171,0.967135,0.0673856],[-0.870227,0.188903,0.454995],[0.427312,-0.170192,0.887941]],[[0.245171,0.967135,0.0673856],[-0.948919,0.225152,0.221044],[0.198607,-0.118137,0.972933]],[[0.245171,0.967135,0.0673856],[-0.969362,0.243464,0.0325999],[0.0151226,-0.0733135,0.997194]]],"btipPosition":[-59.8202,351.062,-4.34005],"carpPosition":[-35.7035,339.007,80.9329],"dipPosition":[-59.5218,349.616,15.3354],"direction":[-0.198607,0.118137,-0.972933],"extended":false,"handId":147,"id":1470,"length":43.9376,"mcpPosition":[-35.7035,339.007,80.9329],"pipPosition":[-53.8129,346.22,43.3023],"stabilizedTipPosition":[-64.8533,351.241,3.64783],"timeVisible":8.37732,"tipPosition":[-56.8135,352.458,0.386475],"tipVelocity":[27.264,-116.079,-47.6913],"tool":false,"touchDistance":0.258593,"touchZone":"hovering","type":0,"width":15.6066},{"bases":[[[0.959384,0.130814,-0.249941],[-0.0227269,0.918948,0.393722],[0.281187,-0.372051,0.884597]],[[0.986364,0.0848212,-0.141037],[-0.0429603,0.959946,0.276873],[0.158872,-0.267038,0.9505]],[[0.986364,0.0848212,-0.141037],[-0.0671262,0.989781,0.125808],[0.150267,-0.114625,0.981978]],[[0.986364,0.0848212,-0.141037],[-0.0825625,0.996347,0.0218008],[0.142371,-0.00985921,0.989764]]],"btipPosition":[-58.0719,393.584,-42.8124],"carpPosition":[-29.6418,358.196,81.1338],"dipPosition":[-56.0211,393.442,-28.5555],"direction":[-0.150267,0.114625,-0.981978],"extended":true,"handId":147,"id":1471,"length":49.5787,"mcpPosition":[-47.2047,381.434,25.8818],"pipPosition":[-52.9591,391.107,-8.54548],"stabilizedTipPosition":[-62.9243,391.692,-36.9506],"timeVisible":8.37732,"tipPosition":[-56.7902,391.701,-39.7746],"tipVelocity":[47.3564,-114.592,-53.7696],"tool":false,"touchDistance":0.33252,"touchZone":"hovering","type":1,"width":14.9074},{"bases":[[[0.978276,-0.0792421,-0.191564],[0.145974,0.919443,0.365124],[0.147199,-0.385156,0.911036]],[[0.979812,-0.0834057,-0.181693],[-0.0952756,0.604176,-0.791134],[0.17576,0.792474,0.584032]],[[0.979812,-0.0834057,-0.181693],[-0.1835,-0.735917,-0.651732],[-0.079353,0.671915,-0.736365]],[[0.979812,-0.0834057,-0.181693],[-0.0915403,-0.99512,-0.0368403],[-0.177734,0.0527288,-0.982665]]],"btipPosition":[-31.0368,334.73,34.2016],"carpPosition":[-19.8938,361.063,78.6756],"dipPosition":[-33.8526,335.565,18.6333],"direction":[0.079353,-0.671915,0.736365],"extended":false,"handId":147,"id":1472,"length":56.491,"mcpPosition":[-28.6128,383.877,24.7127],"pipPosition":[-35.755,351.674,0.979833],"stabilizedTipPosition":[-39.3015,336.677,35.1562],"timeVisible":8.37732,"tipPosition":[-32.1653,334.719,30.6673],"tipVelocity":[-0.222853,-112.068,-34.2329],"tool":false,"touchDistance":0.333333,"touchZone":"none","type":2,"width":14.641},{"bases":[[[0.975468,-0.204142,-0.0823855],[0.220113,0.898686,0.379361],[-0.00340472,-0.388189,0.921574]],[[0.974972,-0.215157,-0.0560044],[0.0833935,0.587425,-0.804971],[0.206093,0.780154,0.590665]],[[0.974972,-0.215157,-0.0560044],[-0.196563,-0.71649,-0.669332],[0.103884,0.663588,-0.74085]],[[0.974972,-0.215157,-0.0560044],[-0.217969,-0.974668,-0.0501233],[-0.0438013,0.061076,-0.997172]]],"btipPosition":[-19.0498,336.009,38.0824],"carpPosition":[-9.73151,361.212,76.332],"dipPosition":[-19.7397,336.971,22.3751],"direction":[-0.103884,-0.663588,0.74085],"extended":false,"handId":147,"id":1473,"length":54.3176,"mcpPosition":[-9.55044,381.856,27.3219],"pipPosition":[-17.3135,352.469,5.07277],"stabilizedTipPosition":[-26.9181,338.54,39.0443],"timeVisible":8.37732,"tipPosition":[-18.9752,336.566,35.6067],"tipVelocity":[-1.61107,-118.462,-33.2676],"tool":false,"touchDistance":0.333333,"touchZone":"none","type":3,"width":13.9319},{"bases":[[[0.91865,-0.393362,-0.0367109],[0.367983,0.818144,0.441847],[-0.143771,-0.419412,0.896339]],[[0.904878,-0.424444,0.0323116],[0.30271,0.588266,-0.749873],[0.299271,0.688324,0.660792]],[[0.904878,-0.424444,0.0323116],[-0.264135,-0.619395,-0.739312],[0.33381,0.660452,-0.672588]],[[0.904878,-0.424444,0.0323116],[-0.415269,-0.896895,-0.152091],[0.0935342,0.124206,-0.987838]]],"btipPosition":[-8.31094,342.644,35.229],"carpPosition":[0.396227,355.211,73.6075],"dipPosition":[-6.95172,344.449,20.8739],"direction":[-0.33381,-0.660452,0.672588],"extended":false,"handId":147,"id":1474,"length":42.584,"mcpPosition":[7.47393,375.858,29.4817],"